0000.jpg 0001.jpg
28 22
29 63
33 30
60 52
63 42
81 62
85 193
138 152
156 845
158 472
165 187
166 183
200 277
209 867
225 194
227 139
248 164
267 277
269 283
271 448
286 320
288 129
295 39
305 230
313 1194
318 357
319 1363
331 1194
372 331
387 1039
413 1250
423 328
443 295
444 856
453 370
497 597
498 1263
500 764
524 447
529 74
554 133
555 375
594 1336
597 1266
605 547
609 487
628 122
637 605
664 133
667 577
677 378
701 1152
729 915
760 782
805 59
811 871
831 811
836 359
888 837
891 193
939 729
1057 1000
1067 1079
1069 1348
1113 605
1128 908
1193 789
1202 1144
1208 1116
1244 1289
1255 669

0000.jpg 0002.jpg
20 492
71 6
118 42
161 86
173 521
213 163
232 304
286 72
305 89
318 237
328 317
363 796
383 280
454 685
529 77
654 920
888 189
898 430
951 1152
1096 999
1135 71
1143 42
1144 1138
1145 732
1161 732
1207 1077

0000.jpg 0003.jpg
29 268
101 1159
172 34
235 173
544 1381
825 806
842 1040
849 96
896 1029
1002 34
1093 469
1138 1285
1145 1039
1192 22
1237 566
1241 1029

0000.jpg 0004.jpg
146 1234
149 795
313 1330
318 343
605 1432
628 257
1066 515
1152 772
1153 636
1250 1169

0000.jpg 0005.jpg
448 646
538 170
1105 1222
1135 76
1139 649
1161 680
1193 1076
1209 776
1253 191

0000.jpg 0006.jpg
139 1052
159 1052
511 1389
600 14
667 1484
857 1641
995 650

0000.jpg 0007.jpg
161 792
282 158
288 761
332 439
505 961
676 1389
814 761
857 849
963 967

0000.jpg 0008.jpg
139 2123
159 2123
173 2230
328 731
537 1094
543 1355
600 2230
842 963
1189 940

0000.jpg 0009.jpg
159 1519
313 2537
383 432
399 809
560 1200
814 1728
850 2665
891 809

0000.jpg 0010.jpg
173 1377
600 1377
836 2013
958 1402
987 1711

0001.jpg 0002.jpg
22 606
61 41
74 77
107 86
120 177
158 106
163 104
178 197
189 154
230 89
249 223
260 97
262 345
268 96
283 205
293 141
302 199
303 83
316 494
328 191
342 197
365 1163
409 1004
416 245
418 125
571 1017
590 587
599 520
640 1254
716 640
754 453
820 1152
837 566
854 490
908 1019
922 608
954 666
968 908
977 881
1002 153
1003 284
1052 1191
1054 495
1069 1192
1096 274
1250 716
1253 37
1268 651
1304 1029
1320 796
1331 1019
1358 1242

0001.jpg 0003.jpg
34 266
40 266
73 877
228 166
283 455
365 1019
515 189
539 948
571 1440
579 166
590 1232
594 349
667 679
696 760
750 678
769 664
883 510
906 1141
948 713
983 867
1003 442
1052 1077
1060 452
1116 1177
1159 484
1245 7
1263 676
1315 1127
1331 1192

0001.jpg 0004.jpg
34 1330
40 1330
74 126
189 1330
382 1330
392 750
399 118
512 447
698 118
714 1330
724 1330
803 1330
820 943
877 1330
1063 913
1123 1463
1194 1330
1340 1463

0001.jpg 0005.jpg
35 871
178 76
228 904
340 1066
342 76
512 366
545 218
594 179
745 495
789 1076
837 159
1093 236
1123 1050
1304 1053
1340 1050

0001.jpg 0006.jpg
86 84
93 84
344 1428
478 1438
577 1484
883 812
1326 1223

0001.jpg 0007.jpg
61 761
129 761
228 931
268 792
333 439
342 1312
393 860
470 792
550 439
579 931
600 355
605 792
640 792
662 430
854 1486

0001.jpg 0008.jpg
34 314
40 314
49 2230
64 2230
189 314
550 2230
724 314
783 1317
792 1390
1093 884
1099 314
1108 884
1268 1381
1295 2230

0001.jpg 0009.jpg
34 2537
40 2537
129 929
189 2537
204 1728
343 1067
420 448
640 1007
691 2442
724 2537
819 2063
829 1860
854 1356
1101 429
1122 1072
1174 2184
1204 2840
1261 1728
1360 929

0001.jpg 0010.jpg
667 3335
799 37
854 2205
1192 42
1216 2200
1261 1840
1265 1784

0002.jpg 0003.jpg
19 181
26 26
30 34
32 46
39 33
40 34
65 45
68 81
69 10
72 51
77 73
93 447
107 121
108 185
109 81
110 85
119 146
142 224
163 173
189 215
197 57
205 455
220 156
228 310
238 309
244 189
255 631
260 253
278 258
279 196
280 402
286 293
292 249
306 260
325 299
340 280
354 1378
384 551
386 428
388 871
412 795
416 394
451 1200
458 725
466 756
485 696
489 682
491 624
501 1032
507 650
520 815
530 396
533 897
542 611
551 859
553 649
554 1144
560 572
564 598
565 660
576 630
579 1319
581 1385
587 1232
589 820
600 729
605 700
622 781
623 607
624 933
627 666
633 558
641 747
645 422
656 570
662 1072
667 588
680 698
687 936
695 724
696 608
715 772
718 771
732 1039
737 1168
745 1069
746 814
764 1009
770 918
806 1010
808 656
814 1191
824 1026
831 973
832 436
837 1295
845 975
860 207
862 867
881 1221
889 1221
890 1307
894 986
911 711
913 843
919 935
920 1029
933 1089
938 1422
949 1454
955 1194
960 490
962 1346
965 1071
968 889
977 1203
979 1113
981 1323
984 973
993 743
999 911
1008 895
1009 864
1019 1192
1035 1302
1045 1207
1049 913
1077 1372
1082 1249
1091 862
1113 1052
1145 1250
1161 1381
1163 1019
1165 1335
1177 1088
1191 1077
1214 1247
1218 1343
1233 1408
1235 1323

0002.jpg 0004.jpg
10 20
77 126
109 151
220 270
239 115
278 621
296 151
299 1372
310 696
317 84
486 447
530 288
574 510
724 1360
864 1077
865 532
933 950
952 1179
1002 750
1012 582
1035 1226
1141 1473
1161 1392
1179 853

0002.jpg 0005.jpg
69 1173
164 715
197 76
237 461
292 698
306 670
377 360
386 270
566 159
589 581
621 188
642 332
645 159
738 833
913 748
1002 619
1035 1075
1131 261
1141 1024

0002.jpg 0006.jpg
99 84
135 858
239 1428
250 14
387 702
512 752
786 1499
856 14
1002 1093
1086 1377
1200 1153

0002.jpg 0007.jpg
5 131
41 761
44 761
80 112
96 792
197 1312
250 439
354 792
387 636
456 273
490 1486
512 262
521 439
589 684
637 439
673 571
704 141
712 1447
731 571
856 439
873 761
1200 654
1257 439

0002.jpg 0008.jpg
8 1708
9 1708
46 1708
151 1130
167 486
250 2230
276 826
289 2230
332 1814
371 535
482 535
521 2230
534 1387
600 1381
621 1387
856 2230
1129 1142
1150 1390

0002.jpg 0009.jpg
8 2565
9 2565
44 1728
109 177
118 1860
490 1356
523 1863
609 2005
850 781
966 2649
999 2753
1036 2234
1092 2537
1184 815
1222 2565
1248 2818
1261 2537

0002.jpg 0010.jpg
8 3060
9 3060
118 2858
196 792
243 42
250 1377
314 2573
365 3335
394 1903
402 3001
521 1377
600 235
695 2512
712 1957
758 500
856 1377
1248 1777

0003.jpg 0004.jpg
68 74
81 151
109 170
132 463
151 161
152 197
156 270
160 126
203 74
225 762
226 174
389 1029
396 288
428 340
430 133
462 762
473 431
476 14
480 286
483 447
485 212
553 203
554 391
603 657
627 582
682 426
727 1043
743 736
834 20
862 724
969 818
1025 600
1045 813
1050 636
1051 1255
1089 950
1117 1166
1129 534
1155 740
1171 940
1189 556
1200 945
1279 455
1302 1226
1316 1149
1381 1392
1390 963
1439 1293
1443 1354

0003.jpg 0005.jpg
9 1173
58 333
73 257
128 1212
166 904
258 446
312 820
352 156
422 159
428 270
483 366
580 146
583 1219
820 581
843 748
929 332
961 833
1148 801
1150 333
1152 322
1168 1231
1177 1082
1208 88
1215 525
1248 865
1296 358
1300 450
1302 1075
1316 1244
1321 236
1439 927

0003.jpg 0006.jpg
156 1631
258 614
287 1551
336 277
349 812
451 1584
510 812
588 1787
624 396
696 1787
950 1851
1002 792
1068 513
1266 1243
1321 277
1439 1789
1442 1134
1443 1580

0003.jpg 0007.jpg
6 913
57 1312
58 1312
63 96
114 1186
166 931
220 813
244 813
256 681
265 765
306 141
384 355
409 141
476 913
493 893
623 740
757 1549
931 1316
969 1158
1110 1312
1137 131
1177 1584
1378 792
1380 1409

0003.jpg 0008.jpg
30 1814
42 1094
107 2016
109 163
128 2016
306 1814
362 1094
469 41
590 41
652 535
765 1708
770 2161
773 1708
895 2218
1001 1762
1032 2161
1137 1616
1152 1935
1264 1185

0003.jpg 0009.jpg
7 1790
29 903
81 177
109 279
128 2671
160 177
336 2442
341 1007
394 2855
540 1094
616 2432
666 2410
1110 1775
1296 2456
1321 2442
1355 2753
1378 1007

0003.jpg 0010.jpg
58 3199
65 3041
228 3074
469 2418
609 2757
612 3041
724 2512
765 3060
961 1541
1376 1612
1424 432

0004.jpg 0005.jpg
5 250
16 20
54 56
76 68
88 199
122 82
130 94
134 310
163 229
169 85
175 376
181 64
192 119
200 321
229 170
231 172
233 205
245 173
253 232
274 252
288 225
300 141
308 180
315 220
321 293
340 270
343 248
347 834
350 32
358 226
381 303
384 320
413 164
419 233
423 306
431 506
434 154
442 832
447 366
451 289
466 68
469 405
478 346
482 555
483 479
488 318
497 382
498 392
502 331
505 428
510 367
513 356
523 290
525 590
531 388
532 66
534 191
539 339
542 514
551 308
556 428
565 399
581 393
586 303
604 343
611 980
612 490
617 509
635 1005
641 435
661 462
662 444
674 677
675 718
676 527
701 597
714 484
724 899
726 453
730 526
735 681
741 973
742 645
750 619
752 474
759 732
765 478
768 634
772 643
787 502
791 1005
795 635
801 740
811 605
818 584
823 394
824 551
835 682
840 1066
841 1206
854 747
872 618
873 758
894 642
896 658
902 710
905 703
940 641
952 1074
958 773
962 419
965 1152
966 749
971 985
981 594
996 343
999 787
1007 869
1011 846
1016 763
1020 1107
1023 810
1027 755
1046 702
1047 965
1050 1059
1061 928
1074 1030
1075 886
1077 972
1088 873
1100 811
1103 797
1107 1018
1114 962
1115 651
1123 1126
1126 447
1131 585
1136 916
1149 1244
1153 1137
1163 1119
1164 1090
1184 358
1188 956
1199 861
1200 543
1226 1075
1228 806
1235 951
1236 1015
1239 1064
1245 738
1248 711
1249 923
1250 850
1251 1019
1259 925
1265 1058
1266 989
1269 1129
1275 1077
1282 1113
1293 927
1299 1082
1305 667
1322 995
1338 946
1342 993
1350 1231
1353 1150
1370 1135
1372 1053
1375 345
1376 1228
1380 1083
1383 1008
1390 358
1398 454
1401 1127
1407 1096
1412 1168
1415 715
1435 924
1444 1078
1453 1094
1462 1213
1463 1050
1473 1024
1484 1038

0004.jpg 0006.jpg
78 23
134 16
170 1519
185 1320
188 1071
321 958
358 573
430 1383
451 605
459 1231
489 864
502 744
513 822
523 659
542 987
586 731
617 912
658 1946
727 817
768 731
830 963
835 862
861 1390
896 1009
902 1146
907 989
930 1071
946 913
958 995
1006 1390
1011 919
1051 1510
1056 105
1069 1297
1113 1643
1114 1511
1144 553
1162 752
1200 1088
1269 1269
1293 1789
1304 1507
1319 1428
1324 324
1353 1730
1354 1580
1372 1486
1375 815
1401 1609
1469 1288
1484 1431

0004.jpg 0007.jpg
20 131
66 236
122 121
126 1306
170 121
319 885
339 893
418 1187
430 445
459 439
463 343
488 786
489 581
502 204
510 439
594 245
597 575
611 807
661 457
727 693
768 316
818 1158
840 224
958 437
991 1261
1059 931
1162 262
1174 681
1197 1313
1199 1097
1250 910
1305 931
1368 1053
1453 760

0004.jpg 0008.jpg
84 731
115 1185
122 444
138 1243
170 163
451 1949
587 416
749 1935
768 1708
806 435
880 1587
890 2126
901 2126
1082 1142
1232 1076
1375 1509
1453 1601
1456 1317
1469 2110

0004.jpg 0009.jpg
16 2
39 2397
69 2848
132 2434
170 279
522 2410
559 929
648 1356
685 2525
869 1347
871 1699
953 2907
1049 2907
1104 1203
1232 1653
1362 1067

0004.jpg 0010.jpg
20 1635
26 2031
71 1663
122 1870
442 2803
559 671
762 1622
889 330
1007 2818
1017 3109
1153 2949
1197 1307
1305 2917
1412 1307

0005.jpg 0006.jpg
7 1922
18 1505
22 1410
25 55
57 298
61 272
62 307
77 298
102 926
162 491
167 513
172 528
173 423
180 445
181 549
212 562
219 421
221 1922
235 653
242 1491
248 624
250 778
256 697
266 1119
268 562
289 605
290 659
293 958
303 731
305 1078
310 16
324 1909
326 839
331 744
343 700
356 822
366 846
380 1242
388 790
392 1006
398 1059
416 1768
433 1242
440 868
446 614
447 805
449 936
453 827
461 907
462 1012
478 1010
484 862
506 1862
509 912
517 987
527 1607
531 974
536 1011
543 1088
552 620
577 979
610 105
614 1052
616 368
619 1093
624 650
631 1150
634 731
645 1002
658 1009
661 1140
666 853
676 909
683 1344
703 1555
710 1146
713 1319
747 1661
750 915
763 1297
767 920
773 995
788 1257
798 1337
801 1329
804 1038
811 1154
836 1198
861 1748
862 1498
878 1329
889 1946
893 1324
903 1561
913 1160
924 1004
925 1226
927 1789
946 1398
962 1511
1008 1641
1010 753
1013 1764
1020 1716
1022 1390
1026 1153
1030 1450
1034 1564
1038 1431
1040 1548
1046 770
1047 1471
1053 1486
1058 1907
1060 1930
1062 1522
1065 1489
1094 1489
1107 1674
1108 1607
1115 1266
1119 1733
1126 1502
1137 1484
1150 1730
1151 1906
1155 1581
1174 1888
1219 1937
1231 1617
1235 1345
1239 1580

0005.jpg 0007.jpg
44 53
61 66
72 121
113 451
125 1088
170 439
191 439
196 1045
199 1288
202 641
230 1288
280 1294
303 316
322 862
326 412
356 604
367 439
447 214
462 457
495 396
501 1150
517 807
577 575
618 471
634 316
696 800
773 437
783 891
801 862
846 479
861 1097
878 862
893 907
904 931
944 1255
959 668
961 557
980 807
1060 514
1065 1217
1066 224
1108 828
1172 668

0005.jpg 0008.jpg
20 3
37 1823
82 444
123 1760
164 253
170 2230
188 1387
196 1642
260 966
264 1524
345 1509
380 1775
471 2068
485 2068
514 1574
634 1708
637 1174
776 444
862 1835
904 2016
925 1411
926 966
1094 1601
1129 1185
1139 846
1233 250

0005.jpg 0009.jpg
20 2
61 210
71 2100
75 2100
76 2565
172 2397
173 658
236 2442
374 1701
511 2233
649 537
682 1562
862 2377
1094 2394
1103 2410
1201 432

0005.jpg 0010.jpg
66 1402
257 2444
289 1511
303 3060
332 2505
337 1675
613 919
850 2505
990 3212
1044 705

0006.jpg 0007.jpg
35 34
105 19
122 479
128 53
130 15
156 4
257 479
272 66
301 65
324 112
395 111
396 122
420 95
423 99
513 337
542 176
549 233
562 157
572 1217
575 159
590 117
605 167
608 239
612 333
616 364
627 224
634 1482
693 157
694 353
699 212
700 339
701 329
702 636
706 270
707 213
710 439
711 444
715 270
719 373
731 316
741 292
742 405
744 314
751 300
752 262
755 286
771 279
778 275
797 402
805 214
817 693
820 519
822 604
823 573
835 511
839 412
849 414
860 435
864 581
867 662
873 622
882 420
898 448
907 1068
919 479
922 592
924 975
925 256
935 642
940 608
944 238
969 642
973 1307
991 1202
994 40
995 437
996 439
1004 820
1011 575
1012 457
1018 721
1023 1241
1028 1085
1041 736
1049 639
1051 734
1062 813
1066 670
1085 699
1087 829
1112 698
1130 655
1131 761
1133 726
1140 818
1152 744
1153 654
1161 65
1168 700
1183 855
1226 685
1231 439
1248 1337
1249 1241
1253 1143
1255 696
1264 891
1271 594
1303 901
1312 439
1324 907
1329 862
1343 862
1344 1594
1350 1050
1357 1215
1383 445
1394 1021
1408 1084
1431 910
1438 855
1441 1243
1450 1273
1457 1032
1477 844
1479 607
1483 982
1488 869
1489 1217
1492 855
1497 1247
1511 1223
1519 121
1545 1263
1556 1379
1568 1058
1577 1182
1582 1227
1590 1124
1596 616
1609 1278
1612 1053
1641 849
1666 862
1668 1023
1676 1102
1678 1611
1680 1167
1705 905
1713 1404
1719 1594
1725 523
1734 1313
1745 1107
1754 1171
1768 839
1769 1175
1776 1093
1797 1111
1806 1198
1808 761
1843 1132
1845 1315
1846 1112
1858 1287
1860 1434
1871 1581
1883 1464
1926 112
1930 514
1939 1046
1943 1437
1946 630

0006.jpg 0008.jpg
9 2230
10 2230
14 2230
21 2230
85 447
128 234
142 445
160 447
214 447
221 445
243 205
255 445
301 444
307 444
334 1265
395 794
420 550
447 380
475 823
513 1045
514 594
674 2230
744 846
823 2010
831 1214
835 1142
862 1249
898 1670
948 979
950 979
996 2230
1011 1073
1033 2109
1066 1292
1077 2179
1146 1436
1224 657
1226 1411
1269 1185
1319 1204
1386 1640
1498 1835
1525 2230
1533 380
1588 2130
1754 1615
1774 2130
1878 1640
1883 2031
1890 1133

0006.jpg 0009.jpg
50 2442
85 1702
272 210
277 2442
301 611
324 2565
357 2442
386 1251
475 809
556 809
572 809
573 1913
653 781
654 2268
771 781
835 1462
1063 1562
1066 1712
1137 2426
1161 611
1289 2410
1355 2537
1428 2843
1434 2410
1505 2433
1542 2808
1553 2300
1574 2234
1621 1971
1754 2111
1766 697
1804 2410
1866 2537
1926 2565
1942 2410

0006.jpg 0010.jpg
77 1799
85 1402
104 1799
142 1292
152 1292
160 1402
507 2947
572 2416
731 3060
810 2505
836 2947
886 2505
951 2947
1139 495
1155 944
1269 102
1342 2555
1431 3060
1453 2555
1469 1292
1489 2416
1497 3212
1650 1645
1766 2728
1896 1292
1920 1292
1937 1991

0007.jpg 0008.jpg
4 35
46 331
53 234
65 444
77 253
86 599
111 794
131 1616
137 579
141 1814
142 380
144 694
176 920
185 884
186 1066
206 1293
207 1045
220 737
226 579
245 69
248 865
252 929
254 1293
275 1958
283 1430
293 690
314 846
330 1412
337 1045
343 1133
394 887
397 931
419 1403
447 1795
458 2196
462 1657
465 1267
478 1193
487 1183
505 1173
520 1267
527 1249
529 974
573 2010
574 1032
576 2015
590 1314
597 1032
601 1369
606 1408
620 896
626 1097
629 1205
654 1576
670 1292
685 1411
691 1499
695 1755
696 1230
709 1225
711 1253
714 1868
716 1318
717 2047
725 1244
732 1176
757 928
760 1601
772 2196
776 1667
787 2121
798 1126
799 1141
803 1337
809 1855
821 1436
837 1249
847 1088
865 1025
868 1850
874 1449
877 2044
894 1264
898 1411
918 1231
935 2049
949 2036
950 951
951 1763
967 1524
972 1941
974 1640
980 1476
1008 1759
1034 1415
1045 1642
1070 1563
1072 1214
1084 1987
1098 1894
1099 1726
1106 1231
1111 1965
1118 2019
1139 1993
1164 1850
1169 1701
1171 1615
1176 1743
1190 1487
1210 1938
1225 891
1256 2020
1266 1934
1272 1293
1280 1632
1311 1893
1319 1966
1330 1640
1348 1762
1398 2035
1413 2052
1423 1949
1430 1343
1448 1983
1453 2030
1458 2217
1464 2031
1470 1763
1480 987
1486 2255
1490 2125
1498 1569
1519 1137
1520 1231
1537 1972
1543 2020
1545 1914
1548 1778
1576 2201
1596 1649
1598 1530
1607 1917

0007.jpg 0009.jpg
33 49
65 611
66 210
82 1433
112 2565
176 2080
195 1382
204 1320
206 1891
297 2282
422 2753
465 2118
475 890
487 1600
509 1653
520 2118
557 1858
588 2233
670 1712
696 1430
709 1351
719 2029
724 1570
742 1347
756 1588
843 2101
851 1653
875 1838
894 1498
899 2101
944 2882
965 250
984 2510
1053 1653
1178 1838
1217 809
1256 2417
1348 2103
1371 1653
1486 2457
1492 2170
1537 104
1543 2417
1545 1955
1584 2269

0007.jpg 0010.jpg
122 3193
139 1169
331 2625
419 2064
465 2926
591 3300
727 2015
760 12
833 3300
859 3300
894 1505
1006 2615
1163 1857
1171 2187
1208 3300
1217 2416
1492 2259
1495 2363

0008.jpg 0009.jpg
3 2
50 246
122 1854
127 848
140 2176
143 474
148 2785
158 397
163 279
165 493
170 192
212 1177
225 2753
277 192
314 2537
343 246
346 2753
350 599
404 2400
430 388
444 611
475 340
483 2334
522 1252
532 2847
550 956
569 246
579 581
586 426
599 716
603 2753
641 372
659 210
689 656
724 2316
730 1252
765 834
771 1098
823 809
853 2716
855 809
881 1506
894 1170
896 1102
918 2105
920 2080
948 1184
955 2405
988 1055
1006 2753
1062 2029
1084 2062
1121 732
1132 2663
1138 1732
1157 1318
1158 1440
1175 2029
1183 1600
1193 1823
1225 1351
1230 1430
1232 2081
1240 2468
1247 974
1249 1562
1261 1301
1264 1498
1267 2118
1272 1840
1276 2268
1299 1215
1304 20
1315 2753
1343 2489
1357 1597
1358 2217
1365 2449
1380 1916
1381 49
1384 2107
1398 1562
1399 1734
1402 2257
1417 2276
1422 1123
1438 208
1454 1931
1497 2189
1526 1852
1530 2313
1531 1436
1564 2031
1570 809
1573 1479
1593 2101
1612 1892
1614 2257
1623 2839
1672 2483
1677 2468
1700 1446
1726 2045
1734 2410
1762 2103
1773 1540
1775 2542
1814 101
1820 2732
1835 2377
1841 2829
1875 2358
1907 2421
1914 1955
1926 1433
1928 1473
1934 2266
1965 2706
1972 104
1977 2036
1987 2450
1988 2066
2020 2417
2038 2852
2044 2718
2072 2768
2082 2830
2086 2622
2091 2205
2121 1433
2125 2056
2126 1875
2130 2199
2132 2619
2139 2713
2141 1852
2201 207
2218 2720
2240 340
2243 2586
2244 2701
2249 2312
2255 2457
2259 2839

0008.jpg 0010.jpg
130 3163
236 1238
250 2803
278 1104
318 424
415 1534
444 1870
447 1402
550 1264
599 1265
692 1158
771 2511
783 3339
838 752
963 170
991 2910
1099 1441
1174 3106
1264 1505
1267 2926
1271 193
1348 1158
1358 1268
1387 570
1455 2499
1555 42
1601 12
1647 1488
1708 3060
1739 1775
1805 1441
1823 3076
2044 805
2068 2755
2126 3031
2155 2332

0009.jpg 0010.jpg
21 135
67 135
70 200
106 234
112 368
191 1355
222 1355
243 210
253 500
268 3305
307 1488
316 1138
364 790
377 1488
388 541
397 1108
403 702
425 511
466 570
472 570
494 2271
496 2751
515 570
544 2828
578 687
611 1870
626 671
634 819
658 592
680 2788
694 807
732 534
738 710
769 881
771 1304
797 2438
809 1368
834 1141
857 1259
860 3106
882 3106
899 2788
992 857
1066 2494
1098 2511
1100 56
1117 41
1157 726
1195 733
1206 1136
1207 1555
1223 1645
1241 1243
1251 1122
1261 272
1295 1406
1329 851
1351 1603
1356 570
1376 2980
1408 846
1429 1731
1459 846
1498 1505
1522 1646
1549 1669
1567 1968
1580 2212
1601 1802
1615 1674
1658 1570
1672 3106
1684 2399
1702 1402
1739 1775
1772 846
1796 3235
1807 2751
1818 1825
1823 3311
1833 2064
1839 1731
1848 1305
1860 2858
1875 3031
1891 705
1959 347
1981 1637
2009 1810
2013 2757
2022 2424
2051 382
2118 2926
2132 2187
2154 272
2160 2372
2170 2259
2183 2882
2198 2779
2205 2721
2208 1290
2260 1249
2264 2774
2271 3106
2300 2103
2341 2755
2353 344
2391 3167
2430 2635
2560 2627
2571 1407
2674 3177
2686 2584
2690 1971
2713 3281
2722 3269
2780 2626
2799 1932
2928 2308

