2243,321.16,6.7472,0.49857
450.21,181.58,6.7352,0.4988
2107.6,420.1,6.718,0.49879
661.72,1441.3,6.6473,0.49946
658.79,1463,6.6445,0.49948
2436,424.2,6.7126,0.4988
389.22,186.5,6.7207,0.49891
2180,481.14,6.7002,0.49892
2414.5,452.63,6.7029,0.49887
550.94,943.71,6.6612,0.49935
370.25,187.42,6.7179,0.49893
2533.2,357.68,6.7094,0.49881
1437.9,1307.6,6.6428,0.49942
2541.7,364.72,6.7069,0.49882
964.97,632.83,6.6767,0.49919
1647.4,656.82,6.6785,0.49912
965.62,713.47,6.671,0.49923
1009.8,650.99,6.675,0.49919
779.27,1040.5,6.6513,0.4994
391.14,930.82,6.6538,0.49943
964.64,720.79,6.6698,0.49924
528.3,983.52,6.6514,0.49942
2141.7,522.32,6.6883,0.49901
430.7,952.83,6.6518,0.49943
543.31,581.06,6.6746,0.49924
1643.7,663.8,6.6761,0.49914
1669,665.66,6.6756,0.49914
354.64,192.29,6.7091,0.499
404.46,941.6,6.6514,0.49944
941.33,644.1,6.6725,0.49922
959.8,675.22,6.6707,0.49923
1655.8,795.74,6.6663,0.49921
568.27,604.86,6.6709,0.49927
539.16,874.72,6.6547,0.4994
760.79,916.57,6.6546,0.49937
1644.3,705.13,6.671,0.49918
938.99,678.42,6.6686,0.49925
435.7,283.93,6.6955,0.49909
1664.7,1154.1,6.6459,0.49937
570.65,1018.9,6.6461,0.49946
956.02,684.25,6.6676,0.49925
1652.1,799.66,6.6645,0.49923
757.51,1068.5,6.6443,0.49945
2222.2,550.96,6.6827,0.49904
2448.4,494.67,6.6885,0.49897
1686.4,1157.7,6.6446,0.49938
937.33,682.32,6.6668,0.49926
1351.1,1071.2,6.6472,0.49938
953.36,663.54,6.6679,0.49925
2253.8,574.42,6.6809,0.49905
277.61,801.37,6.6536,0.49944
1665,683.22,6.6702,0.49918
1159.2,732.62,6.6643,0.49926
327.09,194.65,6.7041,0.49904
2253.3,582.23,6.6795,0.49906
569.89,1026.4,6.6438,0.49948
794.19,702.91,6.6634,0.4993
1666.7,711.02,6.6679,0.4992
1343.7,853.32,6.658,0.4993
1346.6,1185.5,6.6397,0.49944
961.65,1011.1,6.6469,0.49941
768.37,1441.2,6.6209,0.49963
387.34,1375.4,6.6217,0.49967
401.63,543.14,6.6698,0.49929
950.88,984.66,6.6487,0.4994
520.44,887.77,6.6499,0.49943
1164.9,1156.8,6.6395,0.49946
538.45,928.22,6.6477,0.49945
1674.9,814.92,6.6607,0.49925
1652.6,1167.6,6.6413,0.49941
564.9,905.83,6.6489,0.49944
932.97,667.62,6.6653,0.49927
521.1,929.22,6.6472,0.49945
264.56,809.41,6.6508,0.49947
581.55,912.78,6.6484,0.49944
761.54,695.18,6.6622,0.49931
563.1,621.69,6.6649,0.49931
538.23,937.1,6.6465,0.49946
2253.5,594.14,6.6766,0.49908
806.84,711.59,6.6611,0.49931
401.14,845.21,6.6499,0.49945
584.77,1040.7,6.641,0.49949
565.56,941.72,6.6461,0.49946
338.6,196.11,6.7017,0.49906
386.39,878.99,6.6478,0.49947
425.11,857.45,6.6492,0.49945
999.71,777.91,6.658,0.49932
933.48,729.36,6.6602,0.49931
1681.7,698.45,6.666,0.49921
1665.4,726.16,6.6644,0.49922
1322.2,1089.9,6.6422,0.49942
402.12,888.82,6.6469,0.49947
2348,794.48,6.6644,0.49917
521.26,931.2,6.6453,0.49947
1691.5,820.79,6.6587,0.49927
979.93,695.14,6.6619,0.49929
430.62,990.57,6.6411,0.49951
956.58,1377.6,6.6231,0.4996
1643.9,792.23,6.6598,0.49926
1626.3,1180,6.6381,0.49943
1672.3,819.84,6.6582,0.49927
1146.9,732.7,6.6605,0.49929
626.69,1409.5,6.6184,0.49967
1333.4,765.11,6.6591,0.49929
1548.4,1357,6.6267,0.49953
648.75,1371.8,6.6209,0.49964
1312.2,770.31,6.6583,0.4993
440.9,872.46,6.6465,0.49947
401.3,852.3,6.6471,0.49947
302.64,942.78,6.6409,0.49954
535.69,626.25,6.6615,0.49934
1003.9,1144.7,6.6356,0.4995
995.33,728.92,6.6584,0.49932
1640.4,770.17,6.6596,0.49926
445.25,1002.8,6.6389,0.49953
764.69,1449.1,6.6158,0.49967
445.58,1009.5,6.6383,0.49953
1126.8,1464.8,6.6165,0.49964
426.55,909.43,6.6436,0.49949
1313.7,1206.9,6.6332,0.49949
994.74,734.39,6.6576,0.49933
540.32,965.88,6.6409,0.4995
2588.2,395.66,6.6901,0.49894
298.99,847.02,6.6453,0.4995
278.72,834.72,6.6457,0.4995
935.59,774.71,6.6546,0.49935
386.15,847.83,6.6462,0.49948
541.71,1005.1,6.6387,0.49952
1672.6,1059.3,6.643,0.49939
1154.3,782.48,6.6554,0.49933
1158.7,1078.7,6.639,0.49946
939.44,676.77,6.6608,0.4993
409.28,1001.1,6.6377,0.49954
1332.9,793.98,6.6556,0.49932
957.22,1125.2,6.6352,0.4995
767.73,1367.6,6.6202,0.49964
751.19,1455.7,6.6142,0.49969
749.01,1013.3,6.6397,0.49949
536.34,633.74,6.6594,0.49935
574.33,907.92,6.6446,0.49947
1210.2,477.16,6.6746,0.49918
406.49,1329.3,6.619,0.49969
1674.9,837.38,6.6543,0.4993
1135.5,1396,6.6199,0.49961
766.8,1019.2,6.6392,0.49949
758.22,1319.8,6.6229,0.49962
628.09,1439.6,6.6139,0.4997
800.09,1114.1,6.6341,0.49952
796.55,999.99,6.6402,0.49948
400.85,570.9,6.6617,0.49935
566.1,965.7,6.6405,0.4995
1150.4,1059.3,6.6396,0.49945
2289.9,1509.9,6.6193,0.49953
401.57,572.38,6.6615,0.49936
387.05,857.64,6.6444,0.49949
1002.2,1049.1,6.6387,0.49947
1153.8,839.11,6.6511,0.49936
765.79,989.93,6.6404,0.49948
1645.3,1065.8,6.6412,0.49941
947.96,731.03,6.6559,0.49934
756.01,631.59,6.6607,0.49932
956.02,1080.3,6.6365,0.49949
395.88,1422.1,6.6126,0.49974
1615.4,724.66,6.6598,0.49926
746.52,611.8,6.6623,0.49931
1678,830.67,6.6542,0.4993
756.83,660.86,6.6586,0.49934
1681.2,738.15,6.6592,0.49926
930.08,726.85,6.6556,0.49935
659.88,1379.9,6.6168,0.49967
1314.2,887.84,6.6487,0.49937
649.49,1364.5,6.6178,0.49967
585.65,1056.7,6.6349,0.49954
955.63,1066.1,6.6368,0.49949
977.95,733.79,6.6553,0.49934
1155,845.62,6.6499,0.49937
1136.4,762.84,6.6545,0.49934
789.14,721.27,6.6547,0.49936
405.89,962.64,6.6375,0.49954
943.92,1465.6,6.613,0.49968
404.35,921.54,6.6397,0.49953
2469,389.58,6.6874,0.49898
945.89,1343.1,6.6213,0.49961
955.79,1115,6.6337,0.49951
1641.5,815.1,6.6539,0.49931
1639.7,787.03,6.6553,0.49929
748.19,992.65,6.6387,0.49949
995.6,798.2,6.651,0.49938
1152.6,795.3,6.6521,0.49935
770.82,1041.3,6.6358,0.49951
1667,831.28,6.6528,0.49931
442.35,883.54,6.6421,0.4995
1943.5,853.91,6.653,0.49929
266.2,781.83,6.6456,0.49951
1152.8,1179,6.6308,0.49952
948.53,758.83,6.6527,0.49937
583.46,973.68,6.6381,0.49951
761.65,728.96,6.653,0.49938
742.65,722.04,6.6532,0.49938
1310.1,808.61,6.6517,0.49935
1636.9,1159.2,6.6343,0.49946
446.62,982.91,6.6358,0.49955
2164,585.82,6.6697,0.49914
960.35,1086.2,6.634,0.49951
1195,784.87,6.6522,0.49935
937.49,1042.3,6.6365,0.49949
1155.6,1112.9,6.6339,0.4995
1614.4,1193,6.6321,0.49948
398.41,1424.9,6.6106,0.49976
272.29,931.74,6.6369,0.49957
517.56,633.87,6.6564,0.49938
558.77,590.63,6.6597,0.49935
280.86,860.79,6.6401,0.49955
1664,1194.6,6.6319,0.49948
1333,1131.3,6.6337,0.49949
814.96,1122.6,6.6312,0.49955
532.37,552.13,6.6618,0.49934
1678,1192.5,6.632,0.49947
389.73,909.21,6.6392,0.49953
937.86,1068.9,6.6345,0.49951
938.07,1117.3,6.6318,0.49953
1664.8,807.06,6.6529,0.49931
955.6,1107,6.6325,0.49952
391.39,952.62,6.6366,0.49955
950.26,1388.9,6.6162,0.49965
445.51,944.84,6.637,0.49954
771.76,1079.9,6.6324,0.49954
769.88,1411.8,6.6132,0.49969
812.91,1012.9,6.6366,0.4995
575.85,657.32,6.6548,0.49938
412.01,1352.7,6.6147,0.49972
316.96,926.54,6.6363,0.49957
1639.9,1071.5,6.6379,0.49943
797.44,1037.8,6.6347,0.49952
1348.8,1112.9,6.6338,0.49948
1639.8,812.47,6.6519,0.49932
1146.2,1121.1,6.6325,0.49951
536.26,1048.4,6.6325,0.49956
751.65,1375,6.6153,0.49968
934.13,779.22,6.6496,0.49939
948.5,1411.4,6.6141,0.49967
751,1399.7,6.6137,0.49969
767.21,1401,6.6137,0.49969
1294.1,1117.7,6.6331,0.49949
1679,722,6.6572,0.49928
1664,792.03,6.6529,0.49931
1622.4,1193.8,6.6306,0.49949
1627.5,762.85,6.6544,0.4993
415.03,1399.5,6.6106,0.49975
1136.8,794.92,6.6496,0.49937
315.97,885.42,6.6377,0.49956
399.43,1013.6,6.6321,0.49959
588.41,1036.2,6.6323,0.49956
749.01,998.59,6.636,0.49951
1666,1071.3,6.6373,0.49943
2349.5,848.42,6.6536,0.49925
738.48,665.82,6.6546,0.49937
1671,757.11,6.6548,0.4993
558.82,624.65,6.6557,0.49938
1685.7,844.18,6.6497,0.49934
769.28,1438.7,6.6103,0.49971
1153.6,830.17,6.6475,0.49939
981.32,808.61,6.6476,0.4994
517.43,634.65,6.6546,0.49939
575.21,574.55,6.659,0.49935
445.55,929.55,6.6369,0.49954
1288.2,1223.6,6.6265,0.49954
1665.6,816.23,6.651,0.49933
933.84,1392.9,6.6144,0.49967
955.18,1117.2,6.6305,0.49954
1961.5,867.28,6.6496,0.49932
626.73,1565.1,6.6004,0.4998
1658.6,1158,6.6319,0.49948
278.56,955.87,6.633,0.4996
1625.7,730.56,6.6555,0.49929
751.57,1081.5,6.6308,0.49955
817.2,991.54,6.6367,0.4995
1664.3,789.68,6.6521,0.49932
737.98,641.58,6.6554,0.49936
987.1,712.41,6.6531,0.49936
587.58,1000.4,6.6334,0.49955
544.05,1017.1,6.6327,0.49956
399.01,522.84,6.6603,0.49937
1665.2,1191.8,6.6299,0.49949
278,955.16,6.6328,0.4996
954.86,1086.3,6.6317,0.49953
447.65,903.03,6.6376,0.49954
422.95,593.86,6.6555,0.4994
1637.3,771.1,6.6527,0.49931
409.32,965.96,6.634,0.49957
526.67,1012.1,6.6326,0.49956
627.67,1554,6.6009,0.4998
979.28,784.74,6.648,0.4994
1658.4,1164.6,6.6309,0.49948
2171.4,599.61,6.6656,0.49917
1006.4,1039.9,6.6347,0.4995
978.33,760.35,6.6493,0.49939
439.87,1032.8,6.6301,0.49959
1421.4,1473.7,6.6109,0.49966
952.85,745.89,6.6496,0.49939
285.56,902.19,6.6355,0.49958
1125,1422.6,6.6126,0.49967
979.04,774.48,6.6483,0.4994
938.04,1092.6,6.6306,0.49954
2443.4,401.87,6.6823,0.49902
1930.4,770.79,6.6541,0.49928
408.96,1020,6.6304,0.4996
1669.5,726.38,6.6552,0.49929
532.85,587.77,6.6566,0.49938
311.8,975.06,6.6315,0.49961
2461,555.85,6.6706,0.49911
786.83,684.44,6.6522,0.49938
586.15,990.14,6.6337,0.49955
938.5,1111.2,6.6294,0.49955
755.66,1101.1,6.6287,0.49957
2328.7,827.29,6.653,0.49926
390.29,863.93,6.6388,0.49953
1294.9,907.1,6.6425,0.49942
1145.4,1089.1,6.632,0.49951
931.99,1413.5,6.6117,0.49969
1693,826.54,6.6487,0.49934
751.86,1405.5,6.6113,0.49971
1682.9,1172,6.6297,0.49949
536.16,565.77,6.6575,0.49937
437.27,516.8,6.6601,0.49936
1341.1,1110.6,6.6317,0.4995
772.29,1383.9,6.6124,0.4997
543.1,1068.5,6.6286,0.49959
2556.9,585.87,6.6689,0.49911
1654.1,1188.5,6.6288,0.4995
1661.2,1101.9,6.6336,0.49946
771.1,1107.9,6.6282,0.49957
1196.3,1108.7,6.6307,0.49952
1631.9,1163.1,6.63,0.49949
2253.8,583.58,6.6664,0.49916
515.44,553.57,6.6581,0.49937
798.07,1385.1,6.6124,0.49969
2550.7,1376.9,6.6237,0.49946
960.61,1128.1,6.6278,0.49956
1143.5,809.02,6.6469,0.4994
1193,1200.9,6.6254,0.49956
955.15,775.61,6.6471,0.49941
2330.1,856.76,6.6509,0.49927
1616.4,1084.9,6.6341,0.49946
313.53,978.46,6.6307,0.49961
999.67,1165.6,6.6263,0.49957
1308.6,1143.8,6.6291,0.49952
383.67,517.67,6.6591,0.49938
1681.9,1079.3,6.6346,0.49945
532.22,1044.3,6.6295,0.49959
535.1,565.08,6.6571,0.49937
1966.1,868.73,6.6475,0.49933
1132.6,554.59,6.6617,0.49928
1663.4,744.83,6.6528,0.49931
1616.1,765.89,6.6514,0.49933
1655.3,1173.1,6.6291,0.4995
753.07,1376.1,6.6123,0.4997
951.27,1426.4,6.6099,0.4997
1630.3,1174.5,6.6288,0.4995
770.82,1090.9,6.6285,0.49957
1620.6,865.06,6.6457,0.49937
738.69,644.01,6.6535,0.49938
1937.6,770.1,6.6528,0.49929
559.28,573.85,6.6565,0.49937
956.29,1162.7,6.6257,0.49958
441.3,611.11,6.6528,0.49942
769.98,1057.1,6.6302,0.49956
2307.9,1395.5,6.6199,0.49952
2486.6,501.96,6.6734,0.49908
1681.7,761.99,6.6517,0.49932
1138.8,1099.6,6.63,0.49953
1665.4,829.26,6.6477,0.49935
753.12,1071.8,6.6291,0.49957
773.38,1060.7,6.6298,0.49956
1938.4,864.11,6.6473,0.49934
395.46,884.33,6.6361,0.49955
753.02,1080.1,6.6287,0.49957
1341.1,826.53,6.6462,0.49939
1333.2,1217.3,6.6247,0.49956
1197.7,878.64,6.6422,0.49943
756.45,1105.8,6.6272,0.49958
770.89,1083.5,6.6286,0.49957
1444.8,1363,6.6164,0.49961
534.91,623.65,6.6523,0.49941
1347.1,817.82,6.6464,0.49938
1646.1,807.73,6.6483,0.49935
1138.4,1122.5,6.6285,0.49954
2444.4,405.44,6.6803,0.49903
774.29,1095,6.6277,0.49957
318.97,876.72,6.6357,0.49957
1196.2,823.08,6.6452,0.4994
536.74,643.46,6.6512,0.49942
2348.9,852.54,6.6502,0.49928
2493.3,515.4,6.6719,0.49909
945.73,1092,6.6293,0.49955
1937.2,1037.4,6.6378,0.49941
287.18,964.22,6.6302,0.49962
798.75,749.77,6.6471,0.49942
307.46,919.6,6.633,0.49959
754,1452.5,6.6065,0.49974
759.46,1047.5,6.6305,0.49956
1691.6,802.63,6.6485,0.49934
947.36,1417.7,6.61,0.4997
1231,498.01,6.6653,0.49924
1234.1,496.09,6.6655,0.49924
2453.3,404.88,6.68,0.49903
549.11,998.44,6.6309,0.49957
516.04,585.21,6.6546,0.49939
1663.4,792.09,6.6492,0.49934
1349.2,905.55,6.641,0.49943
2329.9,834.78,6.6507,0.49928
1627,1193.4,6.6268,0.49952
537.84,642.49,6.6509,0.49942
1001.6,1095.3,6.6288,0.49955
1633.4,1110.4,6.6315,0.49948
551.11,1036.9,6.6287,0.49959
2314.3,837.6,6.6504,0.49928
2516.8,501.14,6.6729,0.49908
752.95,1054.7,6.6293,0.49956
2501.7,1412.4,6.6193,0.4995
283.47,809.19,6.6385,0.49956
2612.1,408.87,6.6803,0.49901
803.53,670.92,6.6512,0.49939
2170.8,574.43,6.6647,0.49918
939.04,1122.5,6.6268,0.49957
1691,775.18,6.6496,0.49933
809.97,1466.3,6.6056,0.49975
980.36,790.34,6.6451,0.49942
1721,426.56,6.6736,0.49915
562.78,655.97,6.65,0.49942
436.55,906.3,6.6344,0.49956
939,1084.3,6.6287,0.49955
806.26,733.8,6.6472,0.49942
2542.1,542.85,6.6695,0.49911
550.46,1013.7,6.6296,0.49958
805.78,729.45,6.6474,0.49942
516.57,615.18,6.6521,0.49941
986.18,1092.8,6.6284,0.49955
996.29,791.87,6.645,0.49942
549.67,1016.3,6.6294,0.49959
417.91,1003,6.6288,0.49961
280.3,919.6,6.6316,0.49961
821.69,1104.6,6.6263,0.49958
775.64,1110.9,6.6259,0.49959
788.1,694.72,6.6492,0.49941
1957.6,778.52,6.6509,0.49931
1324,1211,6.6236,0.49956
752.8,1436,6.6069,0.49974
1327.9,1162.5,6.6263,0.49954
2150.2,806.39,6.6505,0.49929
1329.7,1228.2,6.6224,0.49957
986.24,1110.8,6.6271,0.49956
400.11,502.07,6.6583,0.49938
1684.7,819.48,6.6469,0.49936
1338.4,1151.9,6.627,0.49954
2331.4,940.33,6.6442,0.49933
436.3,984.67,6.63,0.4996
1663,776.8,6.6491,0.49934
535,623.28,6.6514,0.49942
986.58,1071.2,6.6291,0.49955
982.66,807.94,6.6435,0.49943
772.16,1079.5,6.6273,0.49958
939.22,758.11,6.6465,0.49941
810.09,764.08,6.6448,0.49944
805.4,701.56,6.6485,0.49941
945.58,1441.1,6.6073,0.49972
2585.2,647.02,6.6625,0.49916
1938.1,1090.6,6.6332,0.49945
1358,1437.5,6.6097,0.49967
441.73,614.37,6.6507,0.49943
754.91,1454.9,6.6051,0.49975
612.74,1561.4,6.5971,0.49983
305.03,830.35,6.6365,0.49957
953.2,785.7,6.6443,0.49943
406.64,892.71,6.634,0.49957
1344.8,1144.4,6.6268,0.49954
753.28,1441.3,6.6059,0.49975
439.09,609.61,6.6509,0.49943
1645.5,784.01,6.6479,0.49935
821.83,1072.8,6.6273,0.49957
1957,1093.9,6.6328,0.49945
1635.3,718.83,6.6518,0.49932
801.27,1069.9,6.6275,0.49957
422.96,544.07,6.655,0.4994
1195.8,1137.2,6.6262,0.49955
984.47,1473.2,6.605,0.49974
1385.9,1504.7,6.6046,0.49971
276.27,819.47,6.6361,0.49958
418.38,991.39,6.6285,0.49961
282.19,935.58,6.6298,0.49962
1636,1153.6,6.6272,0.49951
1668.5,781.96,6.648,0.49935
1487,1382,6.6135,0.49963
760.53,1412.6,6.6078,0.49973
1642.5,722.4,6.6511,0.49933
401.8,944.54,6.6307,0.4996
1293,811.08,6.6444,0.4994
1636.1,737.03,6.6505,0.49933
2495.6,519.4,6.6697,0.49911
2497.2,515.7,6.6698,0.49911
416.45,951.01,6.6305,0.49959
1139.4,834.33,6.6421,0.49943
1197,880.53,6.64,0.49944
818.03,1059.6,6.6279,0.49957
1290.6,1150.8,6.6256,0.49955
665.89,1394,6.6079,0.49974
550.06,1000.9,6.629,0.49959
947.2,1428.4,6.6074,0.49972
1685.7,832.51,6.6451,0.49937
554.04,1054.5,6.6261,0.49961
945.31,1445.2,6.6063,0.49973
409.8,1423.4,6.6044,0.4998
580.42,646.88,6.6489,0.49943
1008.5,1113.4,6.6257,0.49957
1325.1,1196.9,6.6231,0.49957
578.89,1064.9,6.6257,0.49961
1630.9,1166.6,6.6264,0.49952
1000.3,723.12,6.6481,0.4994
1641.2,857.32,6.6434,0.49939
2355.1,1095.4,6.6354,0.49939
790.03,730.62,6.6457,0.49943
419.24,1008.6,6.6272,0.49962
776.27,1080,6.6262,0.49959
1686,851.05,6.6439,0.49938
1352.9,1439.7,6.6086,0.49968
2572.9,592.85,6.6652,0.49914
802.39,1089.2,6.6259,0.49959
2315.1,837.7,6.6485,0.49929
439.68,607.73,6.6503,0.49944
1633,863.33,6.6431,0.49939
776,1359.3,6.6101,0.49971
1139.3,821.08,6.6425,0.49943
277.76,822.35,6.6353,0.49958
2497.2,509.54,6.67,0.49911
802.64,1104.6,6.625,0.49959
649.53,1392,6.6074,0.49975
1333.5,876.72,6.6404,0.49943
1633.1,1181.7,6.625,0.49953
987.15,1144.2,6.6238,0.49959
533.32,948.5,6.6312,0.49957
1670.5,810.28,6.6457,0.49937
1617,747.23,6.6493,0.49934
1003.2,773.6,6.6439,0.49943
1333.7,894.87,6.6393,0.49944
1659,1110.8,6.6293,0.4995
1343.5,901.45,6.6391,0.49944
1337.4,1230.1,6.6208,0.49958
1153.9,1143.8,6.6246,0.49957
404.89,987.24,6.6277,0.49962
1003,1114.7,6.6254,0.49957
554,1058.2,6.6253,0.49962
755.68,1418,6.6063,0.49974
1191.2,1202.7,6.6216,0.49959
788.64,672.27,6.6486,0.49941
746.49,731.51,6.6447,0.49944
816.32,1388.4,6.6085,0.49972
316.88,957,6.6281,0.49963
801.23,1387,6.6085,0.49972
808.7,681.1,6.6481,0.49941
1660.5,717.93,6.6508,0.49933
987.5,1127.6,6.6243,0.49958
1324.8,1199.7,6.6222,0.49957
290.19,971.87,6.6269,0.49965
1668.7,1199.5,6.6242,0.49954
2504.4,1112,6.6344,0.49939
812.77,737.95,6.6442,0.49944
2581.8,601.75,6.6635,0.49915
1686.2,829.07,6.6445,0.49938
1641.9,799.9,6.6457,0.49937
949.2,1128.8,6.6243,0.49959
805.62,1122.1,6.6233,0.49961
2331.4,947.36,6.6417,0.49935
774.84,1421.3,6.6057,0.49975
439.82,584.17,6.6505,0.49943
823.65,1145.8,6.622,0.49961
295.57,948.02,6.628,0.49964
2444.4,1606.9,6.6018,0.49965
316.65,944.08,6.6284,0.49963
418.46,970.03,6.6283,0.49961
419.14,967.72,6.6283,0.49961
320.91,843,6.6342,0.49958
929.2,1473.2,6.6031,0.49975
640.53,1442.8,6.6037,0.49978
546.1,1016.7,6.6268,0.49961
1661.7,736.18,6.6493,0.49934
1153.9,1136.6,6.6245,0.49957
755.88,1432,6.6047,0.49976
807.31,658.1,6.6496,0.4994
1114.8,1430.4,6.6071,0.49971
1967.4,791.85,6.6479,0.49933
2170.5,822.37,6.6472,0.49932
941.02,1061.5,6.6272,0.49956
351.23,1325.9,6.6078,0.49978
1648.8,843.84,6.6426,0.49939
579.46,617.78,6.6499,0.49942
994.4,1402.4,6.6079,0.49971
2177.6,594.66,6.6605,0.49921
408.18,897.96,6.6317,0.49959
534.1,1019.1,6.6266,0.49961
545.7,1003.1,6.6274,0.4996
981.2,767.39,6.6436,0.49943
537.22,1000.3,6.6274,0.4996
1959.3,799.16,6.6471,0.49933
439.9,558.5,6.6519,0.49942
387.26,315.41,6.6718,0.49928
771.54,1438.4,6.6043,0.49976
1294.7,835.68,6.6414,0.49943
404.68,511.18,6.655,0.4994
1930,1085.1,6.6313,0.49946
932.91,1419.7,6.6064,0.49973
284.86,827.41,6.6339,0.49959
539.27,1038.7,6.6253,0.49962
2455.5,1380.4,6.6177,0.49952
576.94,1011.1,6.6271,0.4996
1619.1,788.88,6.6456,0.49937
310.71,194.97,6.6856,0.49918
1606.7,1177.5,6.6243,0.49954
405.18,962.34,6.628,0.49962
1667,722.57,6.6495,0.49934
286.32,855.87,6.6323,0.4996
540.37,637.42,6.6478,0.49944
308.88,192.97,6.6861,0.49918
316,915.35,6.6294,0.49962
2521.9,513.41,6.6684,0.49912
429.21,612.66,6.6482,0.49945
939.46,1424.9,6.6062,0.49973
1684.5,779.56,6.6464,0.49936
2643,1274.3,6.626,0.49943
1003.9,1134.1,6.6231,0.49959
1973.5,789.1,6.6474,0.49933
449.38,915.56,6.6308,0.49959
627.06,1545.9,6.5952,0.49984
1568.3,1235.8,6.6206,0.49957
1334.4,895.83,6.6378,0.49945
1524,1400.1,6.6104,0.49965
1005.6,800.84,6.6409,0.49945
404.76,585.37,6.6495,0.49945
278.7,908.88,6.6294,0.49963
1605.9,1183.8,6.6235,0.49954
1349.1,808.16,6.6427,0.49941
282.14,881.94,6.6305,0.49962
315.63,902.21,6.6298,0.49962
443.65,965.86,6.6279,0.49961
533.38,662.1,6.6459,0.49946
2501,1138.5,6.6319,0.49941
2516.2,1076.9,6.6359,0.49937
1154.1,1163,6.6222,0.49959
282.96,895.74,6.6297,0.49962
1655.3,1181.1,6.6237,0.49954
549.31,1056,6.6239,0.49963
412.89,1017.7,6.6253,0.49964
284.79,942.33,6.6272,0.49964
1666.4,1091.6,6.6287,0.4995
1152.9,1190.6,6.6206,0.4996
1125.3,1406.3,6.6078,0.4997
1532.7,1421,6.6086,0.49967
1619.6,781.96,6.6456,0.49937
441.23,587.57,6.6492,0.49944
1636.2,719.69,6.6492,0.49934
2182.1,827.33,6.6461,0.49932
1926.7,1119.8,6.6288,0.49948
1677.5,1109.9,6.6277,0.49951
1626.3,1085.9,6.6289,0.4995
1153.7,1174.6,6.6212,0.49959
1121.1,1430,6.6061,0.49972
539.36,1015.7,6.6258,0.49961
820.21,1422.4,6.6044,0.49975
818.65,1445.9,6.6028,0.49977
1680.5,1153.1,6.6249,0.49953
1976.8,1236.3,6.6222,0.49953
990.85,772.02,6.6426,0.49944
1677.7,1229,6.621,0.49956
295.05,906.18,6.629,0.49963
1310.6,1115.1,6.6253,0.49955
579.17,1045,6.6246,0.49962
440.47,555.76,6.6516,0.49943
2263.7,608.24,6.6591,0.49922
823.39,1364.9,6.6078,0.49973
579.52,1041.5,6.6248,0.49962
2353.6,843.27,6.646,0.49931
297.04,934.19,6.6274,0.49964
1114.2,1467.5,6.6033,0.49974
549.13,1042.9,6.6242,0.49963
748.35,742.99,6.6424,0.49946
982.2,1111,6.6232,0.49959
2628.6,1366.1,6.6195,0.49949
1007,803.65,6.6401,0.49946
1162.7,1146.6,6.6223,0.49959
1117,1455.6,6.604,0.49973
977.56,793.02,6.6405,0.49946
2290.6,1435.9,6.6119,0.49958
577.77,1007.7,6.6264,0.49961
1685.7,798.89,6.6445,0.49938
523.3,645.07,6.6463,0.49946
573.96,572.28,6.652,0.49941
541.31,1006,6.6267,0.49961
399.29,595.96,6.6481,0.49946
1116.5,1456.8,6.6038,0.49973
745.28,714.51,6.6439,0.49945
280.83,853.96,6.6313,0.49961
412.64,953.38,6.6275,0.49962
1658.5,1153.3,6.6246,0.49953
2351.1,893.11,6.6432,0.49933
930.16,1472.6,6.6017,0.49977
959.29,1162,6.6206,0.49961
279.09,523.26,6.6513,0.49946
457.77,1049.1,6.6229,0.49965
2302.8,1140.3,6.6293,0.49945
582.07,594.88,6.6498,0.49942
1119,1446.8,6.6043,0.49973
1975,1235.7,6.6219,0.49953
589.84,1079.6,6.6227,0.49963
1606.5,1173.8,6.6232,0.49955
1119.4,1404.7,6.6072,0.49971
1897.6,1229.9,6.6217,0.49954
1357.8,1399.1,6.6084,0.49968
307.61,196.11,6.6842,0.49919
425.05,520.38,6.6534,0.49941
1149.4,1476.2,6.6025,0.49974
1620.8,808.6,6.6432,0.49939
448.14,1021.1,6.6241,0.49964
1353.3,1168.3,6.6217,0.49958
1611.6,1116.9,6.6263,0.49952
1621.6,837.22,6.6416,0.4994
589.21,971.68,6.6279,0.49959
1960.7,815.69,6.6446,0.49935
420.55,1034.1,6.6229,0.49965
298.67,948.94,6.6261,0.49965
447.53,1007.8,6.6246,0.49964
1667.9,707.28,6.6489,0.49934
1335.1,850.05,6.6392,0.49944
773.29,1444.2,6.6023,0.49977
2494.7,1386.6,6.6161,0.49953
644.18,1545.9,6.5941,0.49985
947.11,1451.4,6.6028,0.49975
2483.3,1141.7,6.6304,0.49942
1589.1,902.26,6.6377,0.49944
584.09,597.42,6.6493,0.49943
802.79,1410.8,6.6046,0.49975
458.55,998.52,6.6254,0.49963
417.77,950.71,6.6274,0.49962
361.98,284.62,6.6727,0.49927
1345.4,1251.3,6.6172,0.49961
1686.7,810.7,6.6432,0.49938
443.49,532.26,6.6523,0.49942
320.39,1317.6,6.6061,0.4998
1662.1,1096.2,6.6273,0.49951
818.27,1411.7,6.6046,0.49975
415.66,994.71,6.6248,0.49964
1359.6,1386.9,6.6092,0.49967
405.4,949.18,6.6272,0.49962
1961.4,843.4,6.6428,0.49937
2469.1,1144.5,6.63,0.49942
1200.6,1097.2,6.6253,0.49956
2321.1,1234.9,6.6236,0.49949
1128.1,1435.9,6.6043,0.49973
1670.1,1179.4,6.6228,0.49955
308.73,190.62,6.6846,0.49919
402.52,541.14,6.6507,0.49944
1011,1148.1,6.6205,0.49961
582.92,625.93,6.6469,0.49944
326.87,855.74,6.6311,0.4996
1603.4,1042,6.6298,0.4995
802.54,1456.5,6.6013,0.49978
794.24,729.12,6.6425,0.49946
387.25,497.99,6.6541,0.49941
296.97,905.6,6.6279,0.49964
328.86,994,6.6237,0.49966
599.86,1023,6.6247,0.49962
1121,1435.7,6.6044,0.49973
1511.1,589.58,6.655,0.49931
334.49,997.03,6.6236,0.49966
1155.3,1162.8,6.6207,0.4996
2322.3,1232.1,6.6237,0.49949
776.28,1455.6,6.6011,0.49978
410.3,1006.1,6.6238,0.49965
1326.6,1185.7,6.6203,0.49959
1306.4,1187.9,6.6201,0.49959
1305.4,1202.3,6.6193,0.4996
1617,1178.1,6.6225,0.49955
577.7,1016.2,6.6248,0.49962
1138.9,567.07,6.6544,0.49934
441.43,555.5,6.6504,0.49943
1352.4,882.76,6.6369,0.49946
2171.4,813.55,6.6454,0.49933
414.1,929.19,6.628,0.49961
320.51,964.15,6.625,0.49965
1139.4,1175.3,6.6198,0.49961
801.74,1440.3,6.6023,0.49977
801.44,1444.9,6.6019,0.49977
296.2,976.4,6.6239,0.49967
1312.3,1100,6.6248,0.49955
447.22,1027.5,6.6231,0.49965
2644.4,1117.4,6.6328,0.49938
1308,1172,6.6208,0.49959
1315.5,903.62,6.6355,0.49947
978.21,770,6.6407,0.49946
2646.5,1091,6.6342,0.49937
948.77,1452.7,6.6021,0.49976
1308.1,1173.5,6.6207,0.49959
2488.9,1215.2,6.6257,0.49945
762.86,1068.1,6.6232,0.49961
2508.3,504.6,6.6667,0.49913
445.04,534.74,6.6515,0.49943
408.32,1011.6,6.6234,0.49965
1976.8,890.2,6.6397,0.49939
1120.9,1437.3,6.604,0.49973
767.18,697.34,6.6434,0.49945
578.94,1030.5,6.6238,0.49963
1622.9,1122.6,6.6253,0.49953
277.56,516.22,6.6509,0.49946
1140.4,1160.6,6.6204,0.4996
1667.1,1118.3,6.6258,0.49952
1961.5,830.52,6.6429,0.49937
438.67,619.65,6.6457,0.49947
296.69,892.3,6.6283,0.49963
2352.8,802.04,6.6468,0.4993
946.47,775.89,6.6409,0.49946
2429.5,1421.9,6.6123,0.49957
1928.2,761.74,6.6465,0.49934
403.59,565.18,6.649,0.49945
2181.6,600.2,6.6577,0.49923
283.22,855.15,6.63,0.49962
551.09,1005.6,6.6249,0.49962
315.71,850.96,6.6307,0.49961
2397,656.58,6.6557,0.49923
794.48,733.71,6.6418,0.49946
1683.2,1126.9,6.6247,0.49953
2463.1,951.15,6.6396,0.49935
983.6,1143.2,6.62,0.49962
1335.9,853.15,6.6381,0.49945
1667.8,1196.7,6.6211,0.49956
768.76,717.48,6.6424,0.49946
1674,844.91,6.6402,0.49941
2476.6,1082.8,6.6332,0.4994
2349.6,1157.9,6.6275,0.49946
2302.9,1136.9,6.6283,0.49945
1237.4,1419.4,6.6057,0.49971
2630,1120.1,6.6321,0.49939
799.56,1105.9,6.6208,0.49963
1521.9,1469.1,6.6037,0.49971
1924.2,898.41,6.6388,0.4994
1344.4,918.53,6.6342,0.49948
1340,1214,6.6182,0.4996
823.76,1081.4,6.6226,0.49961
1796.5,1507.6,6.6026,0.4997
1872.8,1505,6.6031,0.49969
766.3,722.28,6.6422,0.49946
464.53,1014.9,6.6233,0.49964
292.39,932.79,6.6258,0.49965
768.02,1379.8,6.6057,0.49975
767.75,704.72,6.643,0.49946
540.25,609.77,6.6468,0.49945
573.72,1047.8,6.6222,0.49964
418.05,1009.9,6.6231,0.49965
1943.7,867.76,6.6404,0.49939
290.17,888.71,6.6281,0.49964
329.79,938.96,6.6262,0.49964
1607.7,1159,6.6227,0.49955
306.62,842.9,6.6311,0.49961
1962,818.68,6.6432,0.49936
1933.6,1116.4,6.6268,0.4995
616.67,1549,6.5929,0.49986
2302,1234.3,6.6226,0.4995
1141.2,1148.1,6.6207,0.4996
315.26,849.49,6.6305,0.49961
558.58,1080.9,6.6203,0.49966
670.82,1394.9,6.6035,0.49977
953.42,1121.1,6.6217,0.49961
462.74,975.74,6.6252,0.49963
583.36,651.35,6.6448,0.49946
557.47,642.2,6.6447,0.49946
1327.1,1184.5,6.6195,0.49959
293.66,946.88,6.6248,0.49966
285.65,901.55,6.6272,0.49964
280.81,526.4,6.6494,0.49947
1943.2,812.58,6.6433,0.49937
1943.7,840.18,6.6417,0.49938
2623.1,1364.6,6.6176,0.4995
280.63,923.14,6.6259,0.49965
1006.4,1150,6.6197,0.49962
2003.3,915.57,6.638,0.4994
824.19,1392.8,6.6045,0.49975
296.79,891.96,6.6277,0.49964
1341.4,1202.1,6.6185,0.4996
1635.2,842.45,6.6401,0.49941
630.95,1564.9,6.5916,0.49987
776.49,1434,6.6016,0.49978
1119,1447.9,6.6026,0.49974
774.26,1389.3,6.6043,0.49976
1191.6,1148.2,6.6209,0.49959
427.17,580.03,6.6477,0.49946
2496.3,1384.8,6.6149,0.49954
597.93,1016.8,6.6241,0.49962
803.36,1435.1,6.6016,0.49978
779.04,1432.2,6.6016,0.49978
2323.3,1235.1,6.6221,0.4995
1688.4,807.29,6.6421,0.49939
416.59,970.17,6.6248,0.49964
2518.7,775.37,6.6498,0.49926
404.19,570.12,6.6476,0.49946
986.4,1471.3,6.6003,0.49977
1670.6,1175.7,6.6217,0.49955
2143.6,947.64,6.6368,0.4994
1316.3,872.65,6.6362,0.49947
1943.9,854.89,6.6406,0.49939
2171.8,802.01,6.645,0.49933
1026,786.04,6.6391,0.49946
1963,846.75,6.6412,0.49938
1338.5,1135,6.6219,0.49958
581.42,1054.8,6.6217,0.49964
630.15,1564.8,6.5914,0.49987
1614.9,1093.1,6.6259,0.49953
410.19,941.15,6.6268,0.49962
410.14,992.39,6.6235,0.49965
1635.9,1082,6.6265,0.49952
2157.9,822.69,6.6437,0.49935
948.29,1154.5,6.6187,0.49963
466.59,1029.4,6.622,0.49965
449.12,984.11,6.6242,0.49964
776.28,1105.5,6.6203,0.49963
1687.9,815.03,6.6413,0.4994
816.29,761.96,6.6394,0.49948
2480.9,549.14,6.6626,0.49917
1693.5,724.77,6.6462,0.49936
775.49,1072,6.6221,0.49962
285.22,870.96,6.629,0.49963
1344.4,1171,6.62,0.49959
778.52,1446,6.6005,0.49979
316.14,932.38,6.6259,0.49965
1670.1,1085.6,6.6266,0.49952
2177.9,824.77,6.6438,0.49934
1199.9,796.16,6.6401,0.49944
800.14,1073.4,6.6218,0.49962
1006.8,1167.6,6.6183,0.49963
291.62,887.76,6.6275,0.49964
554.58,1044.6,6.6219,0.49964
1677.3,1115.3,6.6249,0.49953
1965.7,721.05,6.648,0.49933
1179.4,1590.1,6.5921,0.49982
1654.8,1149.3,6.6229,0.49955
1962.9,873.4,6.6395,0.49939
1353.6,898.52,6.6348,0.49947
439.12,531.61,6.6506,0.49943
1164,1411.5,6.6048,0.49972
2439.1,1404,6.6128,0.49956
2629.6,1117.5,6.6314,0.49939
2298.5,1163.5,6.6259,0.49947
1455.2,1450.3,6.6035,0.49971
1943.7,827.17,6.6419,0.49938
1628.6,1151.8,6.6225,0.49955
2422.1,1398.9,6.6129,0.49956
1343.4,1183.6,6.6191,0.4996
1709.1,1549,6.5978,0.49974
603.12,1038.6,6.6224,0.49963
1351.4,1201.2,6.6179,0.49961
2646.6,1097.1,6.6324,0.49938
2317.5,868.82,6.642,0.49934
576.36,968.08,6.6262,0.49961
961.06,1376.8,6.6055,0.49973
440.58,620.59,6.6446,0.49948
1332.3,1116.8,6.6227,0.49957
1160.8,1428,6.6036,0.49973
2449.6,1379.8,6.6144,0.49955
292.18,903.64,6.6265,0.49965
1149.2,1473.2,6.6007,0.49976
1703.8,891.01,6.6371,0.49943
795.32,713.8,6.6418,0.49946
2351.5,898.86,6.6405,0.49935
536.24,1003.5,6.6237,0.49963
1968.7,1103.3,6.6268,0.49949
1294.6,1228.6,6.6165,0.49962
825.97,1115.1,6.6198,0.49963
1944.2,843.1,6.6409,0.49938
603.49,1095.4,6.6191,0.49966
1654,1144.6,6.6228,0.49955
391.14,590.35,6.646,0.49948
1952.8,1118.8,6.6259,0.4995
1640,719.32,6.6463,0.49936
818.49,1139.6,6.6186,0.49964
1705.8,891.62,6.6369,0.49943
407.89,550.56,6.6487,0.49945
1985.2,1051.5,6.6297,0.49947
2540.1,939.4,6.6398,0.49934
1621.4,749.35,6.6444,0.49938
835.36,749.62,6.6395,0.49948
554.51,1024.7,6.6226,0.49964
1174,1375.3,6.6075,0.4997
517.44,351.96,6.6653,0.49931
1966.8,1121.8,6.6257,0.4995
764.16,1421.3,6.6016,0.49978
292.83,841.54,6.6296,0.49962
1968.2,1234.5,6.6197,0.49955
567.53,625.41,6.6453,0.49946
325.65,1336.9,6.603,0.49983
537.39,1017.9,6.6227,0.49964
317.74,879.1,6.628,0.49963
466.75,1032.5,6.6213,0.49966
1366.9,935.06,6.6325,0.49949
403.01,948.15,6.6252,0.49964
776.93,1086.2,6.6208,0.49963
1660.3,1080.6,6.6262,0.49952
1408.9,1411.3,6.606,0.4997
1353.9,853.15,6.6368,0.49946
1520.3,1400.5,6.607,0.49968
1408.1,1469.2,6.6016,0.49973
1868.7,1504,6.6019,0.49969
349.84,1291.8,6.6057,0.4998
331.19,997.37,6.6216,0.49968
2290.9,1420,6.6101,0.4996
1156.3,1171.5,6.6185,0.49962
425.46,1365.9,6.6024,0.49981
1739.3,431.96,6.6661,0.4992
319.55,1334.8,6.6029,0.49983
936.24,1440.3,6.6012,0.49977
551.3,985.45,6.6244,0.49962
331.21,1433.2,6.5978,0.49987
333.86,997.12,6.6215,0.49968
595.72,1023.6,6.6227,0.49963
2634.1,1195.1,6.6266,0.49943
465.63,991.09,6.6233,0.49964
1944.6,871.26,6.6389,0.4994
625.19,1582.3,6.5899,0.49989
809.94,1104.6,6.62,0.49963
1937.6,1213.8,6.6201,0.49955
1504.5,591.11,6.6531,0.49932
446.94,989.96,6.6233,0.49965
818.12,720,6.6407,0.49947
1718.2,1547.8,6.5973,0.49974
549.22,1054.9,6.6212,0.49965
827.16,1133.3,6.6184,0.49964
1113.7,1410.1,6.6039,0.49973
456.88,949.28,6.6254,0.49963
1343.7,1075.1,6.6249,0.49955
1300.6,1163.2,6.6196,0.4996
1629.8,1147.4,6.622,0.49955
544.79,629.49,6.6444,0.49947
465.85,1051.8,6.6197,0.49967
605.4,1062.5,6.6205,0.49965
315.79,1279.4,6.6058,0.49981
955.62,1391,6.6042,0.49974
2359.3,868.61,6.6419,0.49934
2484.4,1116.1,6.6293,0.49943
948.89,1474.9,6.5985,0.49979
1621.5,733.02,6.6448,0.49938
805.88,1421.7,6.6014,0.49978
1194.3,1114,6.6216,0.49959
417.84,902.94,6.6272,0.49962
351.87,1343.3,6.6027,0.49982
1179.7,1375.9,6.6069,0.49971
1161.3,1540.1,6.5949,0.4998
438.21,914.32,6.6271,0.49962
1635.4,816.47,6.6403,0.49941
574.68,1012.2,6.6226,0.49964
294.11,906.22,6.6257,0.49965
2297.7,1160.6,6.6252,0.49948
420.91,996.44,6.6223,0.49966
2316,954.91,6.6365,0.49939
777.18,1470.2,6.5978,0.49981
2112,1250.1,6.6189,0.49954
464.17,975.85,6.6238,0.49964
1192.6,1583.3,6.5924,0.49982
1175.4,1529.7,6.5957,0.49979
1148.4,1171,6.6182,0.49962
341.05,1410.5,6.5983,0.49986
544.47,617.58,6.645,0.49946
1963.8,875.82,6.6385,0.4994
935.7,1441.8,6.6007,0.49977
406.21,989.57,6.6225,0.49966
778.6,1120,6.6185,0.49965
2180.8,581.64,6.6571,0.49924
361.37,1345.5,6.6023,0.49982
2367.3,893.03,6.6403,0.49935
1592.4,905.19,6.6349,0.49946
438.3,1399.1,6.6,0.49983
772.34,729.38,6.6396,0.49948
820.7,1469.8,6.5981,0.4998
537.78,653.1,6.6426,0.49948
1660.8,1176,6.6206,0.49956
2464.4,951.31,6.6378,0.49936
1944.1,800.88,6.6425,0.49937
1687.1,740.62,6.6445,0.49937
1303.5,1128.4,6.6213,0.49958
1347.5,805.97,6.6391,0.49944
936.48,1428.8,6.6015,0.49977
995.6,1420.5,6.6024,0.49975
295.62,932.99,6.6241,0.49967
1531.4,1451.4,6.6031,0.49971
2396.7,661.51,6.6533,0.49925
1656.2,1128.6,6.6229,0.49955
1956.1,1072.9,6.6275,0.49949
2488,1217.4,6.6231,0.49948
1354.7,867.45,6.6354,0.49947
409.75,928,6.6256,0.49963
1624.7,823.8,6.6393,0.49942
606.86,1076.4,6.6194,0.49966
827.49,1101.5,6.6196,0.49963
1677,715.72,6.6463,0.49936
1653.1,1155.8,6.6212,0.49956
604.05,1042.3,6.6212,0.49964
2482.5,783.81,6.6475,0.49929
313.47,834.81,6.6298,0.49962
322.51,969.9,6.6224,0.49967
1164.6,1177,6.617,0.49963
439.85,1002,6.6215,0.49966
527.34,575.6,6.6472,0.49945
2431.2,1423.1,6.61,0.49958
1667.9,1063.3,6.6261,0.49952
457.97,975.09,6.6234,0.49964
877.13,483.82,6.6561,0.49934
351.19,1324.7,6.6033,0.49982
302.25,958.86,6.6227,0.49968
1199.5,1118.9,6.6208,0.49959
1430.7,1393.8,6.6064,0.49969
431.79,603.5,6.6444,0.49948
1319,892.27,6.6336,0.49949
830.35,1086.6,6.6202,0.49963
760.04,714.64,6.641,0.49947
1631.7,1131,6.6223,0.49955
2631.5,1092.6,6.6314,0.49939
1625.7,876.63,6.6362,0.49944
789.57,707.45,6.6406,0.49947
419.4,956.59,6.624,0.49965
466.29,994.32,6.6224,0.49965
327.72,979.34,6.6223,0.49967
409.36,563.17,6.6467,0.49947
1637.9,1132.6,6.6218,0.49956
1029.5,813.38,6.6359,0.49949
2539.7,939.46,6.6387,0.49935
1644.4,1067.6,6.6254,0.49953
1130.8,1389.5,6.6046,0.49973
1305.1,1220.2,6.6155,0.49963
330.96,968.49,6.6222,0.49967
1009.1,1144.6,6.6182,0.49963
602.81,1052.2,6.6205,0.49965
2522.2,506.6,6.664,0.49915
320.44,879.64,6.6268,0.49964
394.24,509.93,6.6501,0.49944
822.77,1422.5,6.6008,0.49978
1945.2,816.75,6.6411,0.49938
327.07,883.81,6.6267,0.49964
2641.5,1282,6.6205,0.49948
602.77,1055.2,6.6203,0.49965
2332.2,815.73,6.6437,0.49933
1983.1,727.59,6.6468,0.49934
284.06,921.81,6.6241,0.49967
939.97,1468.8,6.5986,0.49979
994.65,1181.4,6.6158,0.49965
345.07,1323.3,6.6031,0.49982
2206.1,963.61,6.6345,0.49941
2502.3,1119.4,6.6282,0.49943
2516.3,924.12,6.6388,0.49935
462.76,971.87,6.6235,0.49964
828.23,1108.6,6.6189,0.49964
2511.9,1138.6,6.6275,0.49944
1187.1,837.3,6.6353,0.49948
445.15,1349.5,6.6022,0.49981
1959.4,1097.7,6.6254,0.4995
809.52,1378.8,6.6033,0.49976
461,1015,6.6209,0.49966
2155.6,781.48,6.6444,0.49934
1945.3,827.7,6.6403,0.49939
588.8,1021.8,6.6217,0.49964
315.33,902.24,6.6254,0.49965
570.05,642.89,6.6429,0.49948
1129.5,1399.6,6.6037,0.49973
445.12,967.11,6.6233,0.49965
671.82,1420.2,6.5997,0.4998
417.25,304.54,6.6677,0.4993
818.11,725.38,6.6397,0.49948
1942.7,849.33,6.6391,0.4994
2334.8,1137.5,6.6259,0.49947
602.9,1046.1,6.6206,0.49965
402.41,586.06,6.6448,0.49948
812.85,1463.6,6.5981,0.4998
2141.7,1124.7,6.6253,0.49949
281.74,881.64,6.626,0.49965
649.48,1543.6,6.5909,0.49988
441.21,595.49,6.6445,0.49948
421.49,974.4,6.6226,0.49966
2355.6,950.17,6.6359,0.49939
1154.6,853.26,6.6346,0.49949
1701.3,874.87,6.6359,0.49944
818.78,1075,6.6207,0.49963
1960.2,1127.6,6.624,0.49952
1129.1,1401,6.6035,0.49973
1138.8,1387.8,6.604,0.49973
1206.6,887.53,6.6327,0.4995
1955,1086.2,6.626,0.4995
345.18,1426.6,6.5964,0.49987
1684,856.6,6.6374,0.49943
1973.4,882.96,6.6373,0.49941
462.39,1028.8,6.6199,0.49967
1548.3,1461.4,6.6013,0.49972
408.53,538.28,6.6479,0.49946
318.18,945.92,6.6228,0.49967
406.17,966.89,6.6227,0.49966
1964.4,861.83,6.6382,0.4994
1662,1193.5,6.6188,0.49958
797.84,1444.5,6.5984,0.4998
326.3,856.83,6.6277,0.49963
2281.9,1238,6.6196,0.49952
447.88,1007.1,6.6209,0.49966
2362.4,884.79,6.64,0.49936
822.18,1440.2,6.5992,0.49979
2319.2,873.83,6.6398,0.49936
2167.6,1253.9,6.618,0.49955
766.02,1375.1,6.6029,0.49977
1625.9,818.9,6.6387,0.49942
342.64,1395.6,6.598,0.49986
2499.8,1393.2,6.6117,0.49956
393.83,508.96,6.6496,0.49945
1612.8,1124.4,6.6219,0.49956
2514.9,777.05,6.6464,0.49929
1367,887.29,6.633,0.49949
289.78,950.09,6.6222,0.49968
600.48,1061.8,6.6192,0.49966
1970,1088.4,6.6257,0.4995
402.67,513.43,6.6494,0.49945
442.57,1368.2,6.6006,0.49983
299.08,889.11,6.6255,0.49965
1918.1,1212.1,6.6186,0.49956
771.56,1078.1,6.6201,0.49964
1628.8,1159,6.6199,0.49957
1936.7,1083.2,6.6257,0.4995
832.47,1119.5,6.6176,0.49965
1682.4,839.81,6.6379,0.49943
450.73,946.86,6.6239,0.49964
1661.9,1129.1,6.6215,0.49956
545.25,617.38,6.6437,0.49947
1942.1,1211.8,6.6184,0.49956
1349.2,817.84,6.6368,0.49946
460.64,989.71,6.6217,0.49966
776.2,1445.2,6.5983,0.49981
404.26,587.87,6.6442,0.49949
1921.9,1098.2,6.6247,0.49951
1300.8,1081.9,6.6229,0.49957
1638,1067,6.6249,0.49953
408.3,993.4,6.6209,0.49967
1302.6,895.44,6.6323,0.4995
2444.6,1388.3,6.6119,0.49957
1980.1,851.65,6.6384,0.4994
608.3,1079.8,6.6181,0.49967
546.07,604.93,6.6443,0.49947
271.64,521.31,6.6468,0.49949
2654.6,1114.5,6.6295,0.4994
1031.5,1186.2,6.6147,0.49966
600.13,1039.1,6.6201,0.49965
1207.3,873.98,6.6329,0.4995
1196.6,1590.3,6.5897,0.49984
454.7,961.53,6.6235,0.49964
453.76,1011.1,6.6204,0.49967
2160.6,812.86,6.6416,0.49936
1189.1,861.86,6.6331,0.4995
1126.4,1454,6.5991,0.49977
850.83,1087,6.6189,0.49964
1320.5,891.84,6.6325,0.49949
466.48,1011.2,6.6205,0.49967
2311.8,1103.6,6.6273,0.49946
448.31,1010.2,6.6202,0.49967
1950.4,1215.2,6.6182,0.49956
351.28,1401.8,6.5979,0.49986
584.81,689.29,6.6393,0.4995
421.22,908.07,6.6253,0.49963
1033.8,1124.3,6.6179,0.49963
1602.7,1203.5,6.617,0.4996
1007.4,1474.9,6.5971,0.49979
1979.9,838.47,6.639,0.4994
1963.4,1094.4,6.6252,0.49951
942.48,1389.9,6.6025,0.49976
1207.8,851.04,6.634,0.49949
1933.2,783.65,6.6418,0.49938
1347.9,858.17,6.6342,0.49948
1682.1,811.57,6.639,0.49942
836.6,1472.1,6.5963,0.49982
591.76,1036.4,6.62,0.49965
317.41,919.69,6.6235,0.49967
1334.8,1203.4,6.6152,0.49963
1302.6,909.61,6.6313,0.49951
1689.2,725.76,6.6438,0.49938
996.5,1429.9,6.6002,0.49977
809.21,744.83,6.6373,0.4995
987.46,1178.9,6.6146,0.49966
775.99,1110.6,6.6179,0.49965
833.23,1101,6.6181,0.49964
1028.2,759.49,6.6378,0.49947
771.32,1424.2,6.5998,0.49979
369.44,291.42,6.6675,0.49931
985.64,1402.9,6.6017,0.49976
1368.2,854.85,6.6342,0.49948
447.4,984.71,6.6214,0.49966
434.64,566.27,6.6455,0.49947
446.54,970.64,6.6221,0.49966
811.85,1364.4,6.6031,0.49976
435.44,1398.1,6.5984,0.49984
1980.3,879.4,6.6365,0.49942
1216.1,524.81,6.654,0.49933
2160.4,800.27,6.642,0.49936
2469,1121.5,6.6268,0.49945
786.73,1374.8,6.6022,0.49977
778.46,1421.5,6.5992,0.4998
590.82,686.15,6.639,0.49951
1938,717.53,6.6457,0.49935
1980.5,824.73,6.6395,0.49939
561.51,620.23,6.6427,0.49948
794.33,1471.9,6.5958,0.49982
974.41,1429.1,6.5995,0.49978
1000.2,1399.9,6.602,0.49976
2350.8,821.78,6.642,0.49934
827.5,1423.9,6.5993,0.49979
434.03,531.64,6.6477,0.49946
800.85,1420.8,6.5991,0.4998
438.12,1348.3,6.601,0.49982
1000.6,789.71,6.6364,0.49949
2517.2,1412.7,6.6102,0.49957
1033.9,1154,6.6159,0.49965
330.85,926.86,6.623,0.49967
823.59,1470.4,6.596,0.49982
1207,869.33,6.6328,0.4995
2606,1197.8,6.6238,0.49946
968.31,821.5,6.6336,0.49951
2642.8,411.36,6.6711,0.49908
1979.7,811.34,6.6401,0.49939
2331.7,1159.5,6.6235,0.49949
1342.5,1216.9,6.6144,0.49963
2379.3,966.18,6.6344,0.4994
317.08,906,6.6239,0.49966
337.51,917.23,6.6236,0.49966
1106.5,1455.5,6.5987,0.49977
1311.3,917.9,6.6308,0.49951
1518.5,579.23,6.6513,0.49933
1132.1,1388,6.6032,0.49974
592.96,677.99,6.6396,0.4995
2373.1,875.44,6.6388,0.49936
1184.1,1152.5,6.6167,0.49963
1170.7,1532,6.5938,0.49981
993.86,1450.8,6.5985,0.49979
2294.4,978.37,6.633,0.49942
423.93,911.96,6.6246,0.49964
376.79,1382.8,6.5983,0.49985
407.05,599.23,6.6425,0.4995
1120,1450.2,6.5992,0.49977
1002.1,1429.8,6.5995,0.49978
777.51,1469.6,6.5956,0.49983
284.26,899.45,6.6237,0.49967
603.09,1076,6.6175,0.49967
817.72,724.22,6.6385,0.49949
436.25,605.03,6.6426,0.4995
1139.8,1453.9,6.5986,0.49977
1330.5,1390.7,6.6042,0.49972
1627.7,847.05,6.6361,0.49944
599.61,1002,6.6214,0.49964
593.62,1060,6.6183,0.49967
643.23,1529.6,6.5912,0.49988
1200.2,1185.2,6.6153,0.49964
1369.4,937.75,6.6297,0.49951
1324.6,1104.4,6.62,0.49959
591.79,638.81,6.6418,0.49948
451.23,1040.5,6.6181,0.49969
376.2,1367.7,6.599,0.49985
2468,1215.3,6.6213,0.49949
359.13,1344.2,6.6003,0.49984
1980.4,866.13,6.6369,0.49941
338.87,931.14,6.6226,0.49967
822.74,1457.5,6.5969,0.49981
768.48,1360.4,6.6027,0.49977
319.98,949.35,6.6214,0.49968
391.84,560.84,6.6451,0.49948
997.58,1164.2,6.6152,0.49965
321.27,1315.5,6.6018,0.49984
1338.2,1173.8,6.6163,0.49962
1331.6,1384.7,6.6043,0.49971
424.76,915.16,6.6243,0.49964
1358.6,904.21,6.6313,0.4995
2633.1,1195.6,6.6236,0.49945
333.13,956.61,6.6212,0.49968
350.29,1342.1,6.6005,0.49984
340.6,960.44,6.621,0.49968
1965.3,1051.6,6.6263,0.4995
484.04,1019.1,6.6191,0.49967
1200.6,1186.8,6.615,0.49964
1156.9,1539.9,6.5929,0.49982
2182.5,785.3,6.6422,0.49936
2163.9,1252.1,6.6169,0.49956
411.92,580,6.6437,0.49949
1342,875.13,6.6328,0.49949
1311.5,851.24,6.6341,0.49948
1319.7,1174.6,6.616,0.49962
999.29,1450.5,6.5978,0.49979
285.41,901.07,6.6235,0.49967
547.8,634.28,6.6416,0.49949
352.15,1322.1,6.6013,0.49983
2185.2,1089,6.6259,0.49948
623.69,1028.2,6.6196,0.49965
2311.8,1161.5,6.6228,0.4995
946,1433.4,6.5996,0.49978
825.08,1435,6.5982,0.4998
2312.5,1098.3,6.6268,0.49947
1600.4,1424.2,6.6034,0.4997
990.57,740.62,6.6383,0.49947
2434.8,1399.5,6.6098,0.49959
1148.6,791.68,6.6363,0.49948
2335.6,1133.6,6.6245,0.49948
834.97,1133.2,6.6157,0.49966
313.24,517.35,6.6464,0.49949
1611.9,1133.8,6.62,0.49957
1528.8,582.96,6.6511,0.49933
317.9,551.99,6.6443,0.4995
409.88,969.43,6.6212,0.49967
342.01,974.17,6.6201,0.49969
343.36,1376.3,6.5979,0.49986
1631.4,1161.1,6.6185,0.49958
688.85,1378.3,6.6005,0.4998
1635.9,726.78,6.6428,0.49939
280.2,496.18,6.6473,0.49949
1610,1155.3,6.6188,0.49958
1348.1,764.11,6.6392,0.49944
1095,582.98,6.6485,0.49939
1980.7,777.91,6.6415,0.49938
1190.3,1123.7,6.6182,0.49962
2282.2,1234.4,6.6184,0.49953
1316.9,1205.3,6.614,0.49964
1311.7,815.7,6.6359,0.49947
1208.9,865.73,6.6323,0.4995
781.85,1054.6,6.6195,0.49964
1304.7,895.04,6.6312,0.49951
2334.5,814.25,6.6417,0.49935
1417.9,1403.1,6.6032,0.49972
2453.5,1216.4,6.6207,0.4995
1663.7,1183.9,6.6179,0.49959
2656.9,1086.8,6.6298,0.4994
1938.2,1071,6.625,0.49951
978.16,1402.6,6.6006,0.49977
1971.3,1076.3,6.6249,0.49951
824.85,1444.7,6.5973,0.49981
269.25,511.31,6.6465,0.4995
335.68,972.06,6.62,0.49969
2580.9,609.26,6.6557,0.49921
1156.6,1430.2,6.6002,0.49976
774.61,1449.4,6.5973,0.49981
1425,1395.7,6.6034,0.49972
828.32,1433.3,6.598,0.4998
822.24,740.72,6.6369,0.4995
1133.8,1476.2,6.5966,0.49979
444.33,609.4,6.6418,0.4995
788.55,1364,6.602,0.49977
992.62,1462.6,6.597,0.4998
667.87,1419.8,6.5978,0.49982
352,1325.1,6.6009,0.49984
1294.5,1177.7,6.6156,0.49963
425.77,609.32,6.6413,0.49951
779.7,1430.8,6.5978,0.49981
953.63,791.46,6.635,0.4995
2002.7,1494.8,6.6001,0.4997
2341.2,1248.5,6.6178,0.49953
1315.7,1473.1,6.5976,0.49977
1113.4,1424.3,6.6,0.49976
436.75,593.91,6.6426,0.4995
332.86,864.06,6.6255,0.49965
1297,1443.4,6.6003,0.49975
853.84,1119.7,6.6158,0.49966
826.64,1416.5,6.5991,0.49979
2137.8,1150.5,6.6218,0.49952
812.98,1034.5,6.6206,0.49963
452.24,601.66,6.6422,0.4995
465.15,928.88,6.6233,0.49964
989.96,828.78,6.6324,0.49952
1203.4,1161,6.6159,0.49963
2201.3,958.71,6.6327,0.49943
1514.2,1467,6.5993,0.49974
1194.5,817.59,6.6345,0.49949
2149.8,1234.7,6.617,0.49956
1615.4,1509.5,6.597,0.49975
342.39,976.84,6.6196,0.49969
2169,1135.2,6.6226,0.49951
452.35,615.89,6.6413,0.49951
591.66,637.73,6.6412,0.49949
313.66,491.92,6.6477,0.49948
827.79,1446.2,6.5969,0.49981
787.74,1388.7,6.6001,0.49979
1671.6,719.8,6.6427,0.49939
966.14,737.34,6.6374,0.49948
2619,1093.2,6.6287,0.49942
1527.9,1452.3,6.6,0.49973
2507.4,1230.1,6.62,0.4995
841.39,727.88,6.6371,0.4995
967.2,1474.4,6.5955,0.49981
1935.4,841.7,6.6371,0.49941
1539.5,593.09,6.6495,0.49935
2429.4,1239.1,6.6188,0.49952
1466.2,1392.2,6.6034,0.49971
533.28,640.1,6.6404,0.4995
1617.4,1086.4,6.622,0.49956
2469.4,1117.2,6.6259,0.49946
1351.3,890.41,6.631,0.4995
2435.8,1410.3,6.6081,0.4996
339.89,934.12,6.6217,0.49968
593.71,680.76,6.6384,0.49951
1929.4,1146.4,6.6204,0.49955
1176.3,860.65,6.6315,0.49951
295.36,197.21,6.6779,0.49925
1017.3,836.95,6.6319,0.49952
298.69,194.6,6.678,0.49924
331.96,914.13,6.6226,0.49967
1686.9,793.3,6.6388,0.49942
1299,1120.4,6.6184,0.49961
1196,871.83,6.6313,0.49951
846.27,1422.1,6.598,0.4998
1170.1,1475.4,6.5964,0.49979
333.7,1323.6,6.6002,0.49985
1260.6,1258.9,6.6106,0.49967
592.05,1087.7,6.6158,0.49969
1691.1,729.21,6.6421,0.49939
825.25,774.89,6.6341,0.49952
578.92,657.15,6.6393,0.4995
1398.1,1450.6,6.6,0.49974
779.29,1453.8,6.5959,0.49982
1362,1133.6,6.6176,0.49961
547.72,668.29,6.6384,0.49952
830.55,1365.5,6.6018,0.49977
381.68,1400.5,6.5961,0.49987
2254.8,1256.4,6.6163,0.49955
1703.2,756.42,6.6402,0.49941
677.41,1377.3,6.5997,0.4998
444.37,582.75,6.643,0.49949
2617.2,1195.3,6.6228,0.49946
1195.7,837.18,6.6331,0.4995
995.75,1445.9,6.5977,0.49979
366,1345,6.5995,0.49985
2063.7,1491.3,6.6002,0.49969
1293.4,1190,6.6144,0.49964
483.86,980.68,6.6201,0.49967
1145.4,1434,6.5988,0.49977
1010.3,1378.6,6.6015,0.49976
572.3,673.57,6.6383,0.49951
2122.6,1227.7,6.6169,0.49956
1332.5,894.31,6.6303,0.49951
1290.8,1220.2,6.6126,0.49965
405.34,576.7,6.6429,0.4995
787.17,1361.5,6.6016,0.49978
962.51,1376.4,6.6017,0.49976
1691.9,1064.7,6.6229,0.49954
990.32,743.37,6.6371,0.49948
1293.8,1191.7,6.6142,0.49964
2613.8,925.6,6.6373,0.49935
827.58,1455.2,6.5959,0.49982
412.47,579.37,6.6428,0.4995
627.66,1065.1,6.6167,0.49968
1176.1,859.08,6.6313,0.49951
1336.8,1465.6,6.5977,0.49977
605.81,976.3,6.6213,0.49964
2023.8,1476.1,6.601,0.49969
778.31,737.89,6.636,0.49951
2336.1,822.82,6.6404,0.49936
778.9,751.16,6.6353,0.49952
1671.6,1171.7,6.6173,0.49959
1691.9,717.09,6.6425,0.49939
1292.5,1208.2,6.6132,0.49965
1550.6,1421.9,6.6021,0.49972
1300.8,1107.6,6.6187,0.4996
1970.2,1090.7,6.6233,0.49952
755.32,701.07,6.6381,0.4995
1201,1201.3,6.6131,0.49966
1950,1134.7,6.6208,0.49954
612.8,718.62,6.6359,0.49953
288.32,906.14,6.6222,0.49968
2477.3,779.75,6.6438,0.49931
1103.2,579.22,6.6478,0.49939
837.66,1150.2,6.6134,0.49968
302.31,915.27,6.6219,0.49968
1203.1,1175.3,6.6145,0.49964
845.16,1444.6,6.5962,0.49982
964.17,1400.6,6.5997,0.49978
452.93,586.93,6.6425,0.4995
2144.2,1131,6.6221,0.49952
833.89,1367.4,6.6013,0.49978
365.81,1312.6,6.6008,0.49984
576.5,632.95,6.6407,0.49949
600.56,1027.2,6.6193,0.49966
631.17,1128.7,6.6135,0.4997
453.96,614.55,6.6407,0.49951
1201.8,1199.6,6.613,0.49966
999.54,1423.2,6.5989,0.49978
399.75,600.91,6.6409,0.49952
1306,879.18,6.631,0.49951
465.72,925.38,6.6228,0.49965
1610.8,1149.9,6.6179,0.49959
2145.6,1230.5,6.6163,0.49956
792.46,1143.2,6.6135,0.49968
994.62,749.53,6.6366,0.49949
321.03,1312,6.6003,0.49985
2585,1219.6,6.6207,0.49948
266.89,196.59,6.6771,0.49926
282.1,465.75,6.649,0.49947
1333.6,927.58,6.6281,0.49953
964.94,1377.9,6.6013,0.49977
317.93,1313.7,6.6004,0.49985
1946.6,1207.7,6.6167,0.49957
561.97,960.56,6.6216,0.49965
344.99,1359.9,6.5977,0.49986
1006.9,810.66,6.6327,0.49952
465.76,602.66,6.6411,0.4995
588.15,676.5,6.6379,0.49951
2499.3,815.96,6.6419,0.49933
2465.6,1420.5,6.6075,0.4996
1880.5,499.09,6.6571,0.49926
543.16,644.41,6.6395,0.49951
532.32,638.54,6.6398,0.49951
867.63,1554,6.589,0.49987
352.37,1290.8,6.6017,0.49983
826.96,1391.6,6.5995,0.49979
2005.1,896.16,6.6334,0.49944
1133.1,1475.6,6.5956,0.4998
1112.5,1434.8,6.5984,0.49978
1325,1137.4,6.6166,0.49962
595.7,666.91,6.6385,0.49951
2516.4,813.12,6.6421,0.49932
1014.9,753.28,6.636,0.49949
1293.4,1206.4,6.6129,0.49965
816.18,779.86,6.6341,0.49952
1506.5,1383,6.6037,0.49971
2123.7,1231,6.6161,0.49956
1194.3,1518.3,6.5928,0.49981
1371.8,922.7,6.6284,0.49952
1673.4,1122.3,6.6199,0.49957
974.24,1449.5,6.5963,0.4998
1629.6,872.92,6.6329,0.49947
323.61,984.58,6.6181,0.49971
397.49,532.61,6.6453,0.49948
1505,1385.8,6.6035,0.49971
2368.9,873.66,6.6374,0.49938
610.94,667.14,6.6382,0.49951
763.97,983.8,6.6218,0.49962
2341.9,825.51,6.6394,0.49936
831.25,1379.4,6.6003,0.49979
1300.3,1121.7,6.6175,0.49961
1315.3,1236.7,6.6109,0.49966
281.41,471.15,6.6478,0.49948
2492.8,1164.4,6.6226,0.49948
2335.9,898.78,6.6358,0.49939
352.43,1359.5,6.598,0.49986
314.43,899.22,6.6221,0.49968
1992.7,731.1,6.6429,0.49937
1203.6,1173.5,6.6141,0.49965
446.13,558.16,6.644,0.49948
2514.6,1408.4,6.6085,0.49959
440.62,1420.8,6.5946,0.49987
1344.1,803.74,6.6351,0.49947
1191.9,811.34,6.6335,0.4995
1034.9,865.24,6.6299,0.49954
424.89,555.25,6.6436,0.49949
339.83,1444.3,6.5924,0.49991
347.33,1274.9,6.603,0.49982
1658.7,763.99,6.6387,0.49942
1307,866,6.6314,0.4995
1619.9,1069.9,6.622,0.49956
452.79,588.72,6.642,0.4995
2279.6,620.83,6.6511,0.49928
2580.7,636.43,6.653,0.49923
536.67,619.37,6.6413,0.49949
2329,818.01,6.6404,0.49936
436.55,566.43,6.6432,0.49949
302.56,202.11,6.6763,0.49926
2158.3,1133.3,6.6215,0.49952
398.96,547.23,6.644,0.49949
337.1,956,6.6195,0.49969
332.56,1301.2,6.6006,0.49984
1020.2,1428.9,6.5976,0.49979
2291.5,1389.6,6.6072,0.49962
2145.9,1229.7,6.6162,0.49956
2520.4,1395,6.6091,0.49958
1975.8,859.86,6.635,0.49943
438.36,579.66,6.6422,0.4995
2001.9,1493,6.5989,0.49971
2334.8,924.44,6.6341,0.49941
331.89,1317,6.5999,0.49985
334.34,1358.5,6.5978,0.49986
468.81,653.92,6.6378,0.49953
464.32,1025.6,6.6177,0.49969
2491,1363.9,6.6104,0.49957
998.22,1441.3,6.597,0.4998
534.9,626.61,6.6401,0.4995
1676.1,1149.6,6.6179,0.49958
1019.1,1563.4,6.589,0.49986
2432.8,1236.3,6.6179,0.49952
808.14,1362.3,6.6005,0.49979
294.87,532.01,6.6434,0.49952
2243.1,779.1,6.6416,0.49936
1659.9,883.4,6.6318,0.49948
317.56,942.82,6.6195,0.4997
829.87,1139.7,6.6139,0.49968
2722.2,362.32,6.6743,0.49904
395.21,828.64,6.6269,0.49963
468.38,630.58,6.6389,0.49952
454.61,1348.8,6.5989,0.49984
362.87,1326.5,6.5993,0.49985
321.61,1314.8,6.5997,0.49985
378.11,1347,6.5983,0.49985
2162.3,1154.2,6.6203,0.49953
1186,1179.8,6.613,0.49966
1921.2,1115.5,6.6208,0.49954
960.24,1448.3,6.5958,0.49981
2064.4,1398.5,6.6054,0.49965
776.69,1165.6,6.6118,0.4997
2369.6,869.6,6.6372,0.49938
987.33,1417.9,6.5983,0.49979
847.1,782.96,6.6327,0.49953
470.72,1032.7,6.6165,0.4997
375.6,1579.1,6.5836,0.49997
2065.3,1401.7,6.6051,0.49966
1167.8,1405.6,6.6001,0.49976
1325.3,860.2,6.6314,0.4995
984.91,1376.2,6.6005,0.49977
771.63,766.25,6.634,0.49953
293.13,199.66,6.6762,0.49926
1115.6,1449.2,6.5971,0.49979
335.69,1374.1,6.5961,0.49988
1342.2,1194,6.6135,0.49964
1039.3,843.74,6.6303,0.49953
371.85,1411.8,6.5942,0.49989
1163.1,1435.3,6.5979,0.49978
2060.7,1489.6,6.5992,0.4997
670.7,1437.7,6.5947,0.49984
1171.1,1433.6,6.5977,0.49978
2411.1,1426.5,6.6054,0.49962
359.99,1035.8,6.6151,0.49972
1931.8,1043.9,6.6246,0.49951
1195.5,1516.2,6.5924,0.49982
846.27,806.07,6.6315,0.49954
1307.8,880.61,6.6301,0.49951
1665.5,1065.9,6.6219,0.49955
1163.3,1428.4,6.5985,0.49977
1316.8,1471.7,6.596,0.49978
999.14,1450.5,6.596,0.4998
339.21,1407.3,6.594,0.49989
1192.7,1142.8,6.6151,0.49964
1992.5,809.21,6.6374,0.49941
493.8,1088.5,6.6136,0.49972
1981.4,1073.6,6.6228,0.49952
1017.5,1449.1,6.5958,0.4998
2278.8,597.74,6.652,0.49927
2166.9,1150.5,6.6201,0.49953
2359.3,878.17,6.636,0.49939
814.46,1390.8,6.5988,0.4998
1203.5,1180,6.6133,0.49965
1420.5,1351.7,6.6046,0.49971
1197.2,1118.6,6.6164,0.49963
629.75,1128.3,6.6126,0.49971
2516,921.23,6.6353,0.49938
1199,863.16,6.6302,0.49952
1609.7,1148.2,6.6169,0.4996
535.19,614.87,6.6403,0.4995
386.01,1413.5,6.5939,0.49989
1695.2,722.33,6.6411,0.4994
962.84,829.51,6.6313,0.49953
856.89,1176.7,6.6115,0.49969
1937.7,802.11,6.6376,0.49941
2683.1,1170.6,6.623,0.49945
335.64,913.49,6.6211,0.49968
2138.3,1232.6,6.6152,0.49957
833.14,1101,6.6151,0.49967
290.84,190.77,6.6769,0.49925
292.4,885.08,6.6221,0.49968
1111.9,1443.1,6.5969,0.49979
1938.5,717.38,6.6426,0.49937
850.42,1392.9,6.5984,0.4998
2624.3,1341.5,6.6125,0.49954
1290.4,1080.7,6.6188,0.4996
407.97,537.91,6.6441,0.49949
1937.7,857.51,6.6344,0.49944
388.68,1431.5,6.5927,0.4999
1979.4,808.79,6.6371,0.49941
2022,1476.2,6.5995,0.4997
960.11,1197.9,6.6107,0.49969
1303.1,1106.1,6.6175,0.49961
1947.9,1148.3,6.6186,0.49956
1361.8,800.17,6.6345,0.49948
358.71,1329.2,6.5985,0.49986
454.65,576.52,6.6419,0.4995
2189.8,809.91,6.6386,0.49938
981.36,1470.5,6.5942,0.49982
833.62,1119.8,6.614,0.49968
779.08,736.54,6.6347,0.49952
2511.6,1344.8,6.611,0.49957
1675.7,1154.7,6.6167,0.49959
676.59,1415.2,6.5962,0.49983
322.43,1332.8,6.5982,0.49986
1212.8,1184.5,6.6122,0.49966
2165.3,1128.8,6.6211,0.49952
699.32,421.58,6.655,0.49937
918.65,613.72,6.6429,0.49944
2487.3,823,6.64,0.49934
2500.7,820.21,6.6403,0.49934
1157,1386,6.6002,0.49976
307.23,958.76,6.6182,0.49971
407.58,562.97,6.6422,0.4995
1146.3,1547.4,6.5896,0.49984
2315.6,1138.4,6.6214,0.49951
363.06,1308.4,6.5996,0.49985
347.84,1357.1,6.5967,0.49987
998,1471.8,6.5939,0.49982
1202.4,811.7,6.6328,0.4995
978.05,1074.4,6.6169,0.49964
1667.9,1052,6.6222,0.49955
808.58,764.62,6.6329,0.49953
334.85,858.64,6.6236,0.49966
854,1365.6,6.5997,0.49979
2411.2,660.09,6.6484,0.49929
2188.8,805.12,6.6383,0.49939
2625,1341.9,6.6122,0.49954
857.97,1155.6,6.6117,0.49969
1565.8,504.31,6.6536,0.49931
2519.8,786.65,6.6421,0.49932
924.96,619.57,6.6425,0.49945
1357.3,883.48,6.6298,0.49951
1677,1144.3,6.6171,0.49959
777.22,1372.1,6.5991,0.4998
1371,1389.7,6.6016,0.49973
1641.3,801.78,6.6353,0.49945
2337.7,1137.8,6.6213,0.49951
559.2,1112.9,6.6124,0.49972
1003.3,1429.4,6.5968,0.4998
1124.6,1473.8,6.5942,0.49981
2678.7,910.55,6.6371,0.49934
1949.2,1069.1,6.6223,0.49953
408.82,576.76,6.6411,0.49951
275.37,506.73,6.6441,0.49951
950.03,1374.6,6.5999,0.49978
329.48,931.19,6.6197,0.49969
858.29,1010.6,6.6198,0.49963
1192.4,1171,6.613,0.49966
1024.3,1402.5,6.5984,0.49978
987.42,1429.1,6.5967,0.4998
1355.4,1115.3,6.6168,0.49961
2533.3,574.72,6.6551,0.49922
308.49,545.85,6.6419,0.49952
297.66,1008.2,6.6153,0.49973
2331.8,1227.4,6.6164,0.49954
942.53,1442.1,6.5957,0.49981
1938.9,815.49,6.6364,0.49942
545.6,631.49,6.6388,0.49951
1200,849.83,6.6304,0.49952
1430.7,1355.1,6.6036,0.49971
1931.8,1133.9,6.6189,0.49956
1308.8,809.51,6.6332,0.49949
1965.6,1069.8,6.6224,0.49953
1927.4,1160,6.6174,0.49957
286.83,515.96,6.6436,0.49952
1182,1387,6.6,0.49976
777.71,1361.6,6.5996,0.4998
765.44,780.65,6.6317,0.49954
605.46,1069.5,6.6154,0.49969
633.08,1106.1,6.6127,0.49971
1673.9,1048.2,6.6218,0.49955
2536.2,573.23,6.6552,0.49922
791.28,1357.3,6.6,0.49979
598.1,654.03,6.6378,0.49951
834.94,1132.8,6.6128,0.49969
837.26,1376.9,6.5989,0.49979
467.57,576.7,6.6412,0.4995
345.57,1338.2,6.5974,0.49987
824.63,1466.6,6.5932,0.49984
1329,1413.8,6.5994,0.49975
2638.4,1139.6,6.6239,0.49945
782.86,760.44,6.6324,0.49954
2330.5,1230.1,6.616,0.49955
332.16,576.32,6.64,0.49953
659.15,1437.8,6.594,0.49985
1941,1131.4,6.6185,0.49956
482.72,1562.2,6.5842,0.49995
787.7,1372.8,6.5988,0.4998
401.53,574.24,6.6409,0.49952
797.15,1037.8,6.6174,0.49965
1310.1,864.83,6.63,0.49951
354.54,1304.7,6.5996,0.49985
350.21,1444.1,6.5911,0.49992
1038.2,1205.2,6.6103,0.49969
330.87,554.53,6.6411,0.49953
2195.3,1497.3,6.5986,0.4997
444.98,1363.9,6.5966,0.49986
821.91,1458.9,6.5939,0.49984
1178.4,805.39,6.6322,0.49951
1960.6,1163.2,6.6172,0.49957
825.25,1381.8,6.5988,0.4998
2319.5,952.58,6.6311,0.49943
1679.7,1127.7,6.6176,0.49959
2324,822.91,6.6383,0.49937
447.48,572.86,6.6414,0.4995
857.59,1049.6,6.617,0.49965
613.26,642.1,6.6381,0.49951
1160.1,1536.7,6.59,0.49984
2315.8,1134.5,6.6212,0.49951
840.56,1042.9,6.6172,0.49965
1349.4,883.77,6.6291,0.49952
1945,764.4,6.6391,0.4994
2656.2,746.55,6.6451,0.49928
1083.3,1482.8,6.5933,0.49982
371.53,1379,6.595,0.49988
2499.8,923.87,6.634,0.49939
993.38,1388.5,6.5988,0.49978
1363.6,787.29,6.6344,0.49948
841.59,1153.5,6.6112,0.4997
424.77,1067.4,6.6131,0.49973
1162.3,1443.6,6.5962,0.49979
691.05,358.07,6.6602,0.49933
994.56,1378.5,6.5994,0.49978
314.19,848.25,6.6232,0.49967
1129.6,1473.9,6.5938,0.49981
2648.4,1226.3,6.619,0.49949
917.23,610.08,6.6422,0.49945
1040.9,1090.2,6.6157,0.49965
773.08,1484.1,6.5915,0.49986
1168.1,1451.1,6.5953,0.4998
1977.8,804.84,6.6365,0.49942
447.63,557.92,6.6422,0.4995
1289.6,1457.1,6.5958,0.49979
1165.7,1405,6.5988,0.49977
2575.1,610.28,6.6529,0.49923
2667.1,1200.6,6.6202,0.49948
344.43,955.35,6.6181,0.4997
2350.7,1130.1,6.6215,0.4995
1690.8,847.91,6.6333,0.49946
481.93,271.36,6.6671,0.4993
1356.4,1117.7,6.6162,0.49962
1327.4,791.65,6.6339,0.49948
494.32,1064.1,6.6134,0.49972
2293.8,1167,6.6189,0.49953
1229.2,1185.9,6.6114,0.49967
2053.1,1415.9,6.6028,0.49968
1327.9,863.93,6.6298,0.49952
651.58,1574.9,6.5844,0.49993
846.27,1483.4,6.5921,0.49985
341.83,912.87,6.6203,0.49969
1199.6,890.13,6.6273,0.49954
1327.5,793.56,6.6337,0.49948
1417.5,1471.3,6.5952,0.49978
1280.8,952.74,6.6247,0.49956
493.32,1089.6,6.6125,0.49973
331.05,1334.1,6.5974,0.49987
1926.1,1171.5,6.6162,0.49958
1643.7,769.85,6.6364,0.49944
337.69,1335.8,6.5973,0.49987
776.26,1354.9,6.5996,0.4998
1200.2,1179,6.6121,0.49966
1672.4,1169,6.6149,0.49961
367.59,1366.6,6.5964,0.49987
1229,1479.3,6.5941,0.4998
955.65,1034.7,6.6183,0.49963
2517.9,817.06,6.6397,0.49934
408.46,551.86,6.642,0.49951
2506.8,1071,6.6254,0.49946
1139.2,1406.7,6.5979,0.49978
2324.1,819.01,6.638,0.49938
595.08,680.16,6.6356,0.49953
323.08,1278,6.6,0.49985
829.61,1421.2,6.5956,0.49982
263.33,195.06,6.6746,0.49928
1216.5,1157.9,6.6127,0.49966
284.07,523.44,6.6419,0.49953
2578.8,636.34,6.6509,0.49925
1355,1233.4,6.6092,0.49967
516.06,349.86,6.6588,0.49936
836.29,1360.4,6.5995,0.49979
1013.5,1485.1,6.5927,0.49983
2460.7,1167.1,6.6201,0.4995
2300.1,1131.1,6.6207,0.49951
2360.9,823.15,6.6377,0.49938
1367.2,1102.1,6.6165,0.49962
2566,1442.4,6.6048,0.49961
318.68,543.66,6.6416,0.49953
2186.9,826.89,6.6362,0.4994
1973.6,830.76,6.6351,0.49943
1489.5,1353,6.6033,0.49971
2191.9,823,6.6367,0.4994
802.8,739.9,6.6331,0.49953
384.96,245.19,6.6693,0.4993
942.2,1487,6.5919,0.49984
1994.7,836.55,6.6343,0.49943
2566.3,1444.3,6.6045,0.49961
1492,1450.7,6.5971,0.49976
678.78,1418.6,6.5949,0.49984
282.12,526.59,6.642,0.49953
617.48,696.74,6.6343,0.49954
1603.9,1200.2,6.6126,0.49963
594.32,600.13,6.6401,0.4995
2415.3,1427.3,6.6038,0.49963
361.79,1037.3,6.6136,0.49974
327.41,1319.1,6.5976,0.49987
591.65,651.46,6.6371,0.49952
832.78,1375.9,6.5982,0.4998
322.71,441.68,6.6492,0.49946
1328,807.13,6.6326,0.49949
965.73,797.99,6.6307,0.49954
2590.5,639.15,6.6509,0.49925
2353.4,951.12,6.6307,0.49943
1632,1212.8,6.6117,0.49964
1332.2,1412.9,6.5986,0.49976
1980.6,772.02,6.638,0.49941
1338.7,863.37,6.6291,0.49952
566.85,590.63,6.6404,0.4995
1305.7,1454.6,6.5954,0.49979
1249.2,1397.7,6.5992,0.49976
1275.3,648.56,6.6414,0.49943
436.01,591.27,6.6394,0.49952
1229.3,1476.3,6.5939,0.4998
1370.5,1390,6.5998,0.49975
1964,1149.3,6.6172,0.49957
1241.4,877.54,6.6277,0.49954
2501.7,843.45,6.6378,0.49936
546.78,619.69,6.6386,0.49951
1609.4,1543.1,6.591,0.4998
276.41,497.17,6.6438,0.49952
550.09,581.1,6.6408,0.4995
2470.8,1187.2,6.6188,0.49951
1349.1,788.45,6.6337,0.49948
1162.7,1444.3,6.5956,0.4998
1916.4,1206.9,6.6139,0.4996
1160.7,1452.5,6.595,0.4998
2461.6,1149.8,6.6206,0.4995
1155,1099.7,6.6155,0.49964
1336,1195.1,6.6114,0.49966
543.63,910.22,6.6217,0.49965
988.16,1437.6,6.595,0.49981
426.81,523.75,6.6435,0.49949
405.95,848.37,6.6238,0.49965
1228.2,1481.7,6.5935,0.49981
998.68,1080.5,6.6154,0.49965
1559.9,1368.5,6.6023,0.49971
961.46,845.34,6.6282,0.49956
1008.7,809.29,6.6307,0.49953
1862.2,1360.1,6.6045,0.49968
392.33,1427.8,6.5915,0.49991
1349.3,790.14,6.6334,0.49949
1498.5,1458.3,6.596,0.49977
631.27,942.9,6.6206,0.49965
592.9,665.66,6.6359,0.49953
1504.6,1345,6.6036,0.49971
851.93,410.09,6.6559,0.49935
1262.8,1431.1,6.5964,0.49978
1694,1093.9,6.6182,0.49958
1963.2,858.61,6.6325,0.49945
2630.4,579.55,6.6541,0.49922
342.85,936.53,6.6184,0.4997
2658.4,895.49,6.6359,0.49935
1175.4,1387.7,6.599,0.49977
386.88,1448.3,6.5901,0.49992
2466.7,1073.9,6.6246,0.49947
1037.2,864.18,6.6276,0.49955
1291,1447.6,6.5954,0.49979
978.76,1176.1,6.6099,0.4997
1205.7,888.17,6.6268,0.49955
2648.6,1062,6.6268,0.49943
586.48,940.69,6.6199,0.49966
1616.8,1186.6,6.6126,0.49963
355.28,919.69,6.6188,0.4997
308.82,459.93,6.6468,0.49949
2665.3,1222.2,6.6181,0.49949
454.39,965.66,6.6177,0.49969
571.14,302.9,6.6636,0.49932
287.54,445.49,6.6476,0.49948
451.87,535.25,6.6426,0.4995
1173.7,1397.6,6.5983,0.49977
2650.1,1045.3,6.6275,0.49942
829.31,1443.2,6.5935,0.49984
1242.1,854.66,6.6287,0.49953
1974.7,857.2,6.633,0.49944
2344.1,880.95,6.6336,0.49941
2299.3,1128.3,6.6202,0.49952
2187.7,801.23,6.637,0.4994
410.48,551.28,6.6414,0.49951
352.61,818.74,6.6246,0.49965
2621,1119.5,6.6239,0.49945
858.36,1340.8,6.6004,0.49978
543.24,908.74,6.6215,0.49965
1007.3,1078.6,6.6155,0.49965
536.91,614.06,6.6385,0.49952
1159,1460.8,6.5941,0.49981
2162.2,793.5,6.6377,0.49939
986.47,1457.4,6.5934,0.49983
1916.7,1360.2,6.6045,0.49967
818.17,1459.2,6.5925,0.49985
358.46,962.17,6.6165,0.49971
2500.8,927.23,6.6327,0.4994
1964.4,831.51,6.6338,0.49944
612.63,609.64,6.6391,0.4995
1575.4,503.17,6.6523,0.49932
1031.9,1376.8,6.5984,0.49978
2760.5,314.47,6.6765,0.49902
799.99,681.48,6.636,0.49951
1618.4,719.4,6.6387,0.49943
1123.8,1395.3,6.5981,0.49978
1965.7,1137.2,6.6175,0.49957
2648.5,1114.1,6.6244,0.49945
1689.9,1050.7,6.6207,0.49956
1450.5,1433.5,6.5973,0.49976
2349.8,1133,6.6203,0.49951
298.31,531.41,6.6408,0.49953
816.28,1148.2,6.6103,0.49971
374.79,1364.1,6.5954,0.49988
1932.9,1131.8,6.6176,0.49957
1155.7,1226.3,6.6082,0.4997
560,1108.2,6.6109,0.49973
1194.2,1185.3,6.6106,0.49968
846.54,698.99,6.6351,0.49951
464.2,1365.1,6.5954,0.49986
840.65,1388.8,6.5966,0.49981
1226.4,850.2,6.6286,0.49953
830.81,1429.9,6.5942,0.49983
453.8,1397.4,6.5935,0.49988
306.79,535.52,6.6412,0.49953
1964.7,804.16,6.6352,0.49943
2343.7,1093.7,6.6219,0.4995
409.74,537.61,6.6421,0.49951
1538,1377,6.601,0.49973
2097,587.84,6.6495,0.49931
2462.7,1418.5,6.604,0.49963
1536,1451.7,6.5965,0.49976
1677.9,1209.8,6.6114,0.49964
1378.5,819.81,6.6311,0.4995
1621.1,1160.4,6.6138,0.49962
812.51,397.83,6.6559,0.49935
1959.4,1174.4,6.6152,0.49959
2489.6,819.03,6.6384,0.49936
1134.4,1484.4,6.5924,0.49982
326.27,448.54,6.6476,0.49948
987.52,1448,6.5938,0.49982
1996.6,1073.8,6.6205,0.49954
1359.3,1102.1,6.6159,0.49962
791.46,1361.4,6.5981,0.49981
962.87,1174.5,6.6098,0.4997
1645.3,830.04,6.6319,0.49948
1927.7,1151.3,6.6164,0.49958
996.09,729.66,6.634,0.49951
319.36,546.05,6.6399,0.49954
2010.6,839.97,6.6333,0.49944
2755.1,322.95,6.6757,0.49903
435.98,578.09,6.6395,0.49952
802.04,662.44,6.6368,0.4995
361.55,236.62,6.6688,0.4993
1171,1103.9,6.6148,0.49964
2519.5,840.35,6.6374,0.49936
276.8,439.09,6.6475,0.49949
812.45,1388.5,6.5962,0.49982
2147.3,1115.5,6.6195,0.49954
1624.8,1133.7,6.6151,0.49961
1914.2,1202.5,6.6134,0.4996
381.59,1378.6,6.5938,0.49989
2165.9,1126.9,6.6187,0.49954
1621.2,1548.5,6.5899,0.49981
1313.1,796.79,6.6322,0.4995
1118.5,580.8,6.6445,0.49942
2404.5,641.24,6.6479,0.49929
823.17,1358.2,6.5985,0.4998
613.19,610.11,6.6387,0.49951
1838.1,1412,6.6004,0.49971
1011.9,1376.3,6.5983,0.49979
2624.3,1139.9,6.6221,0.49947
301.96,526.49,6.6413,0.49953
346.92,979.21,6.6155,0.49972
1245.3,902.06,6.6256,0.49955
380.81,1393.5,6.5932,0.49989
2156.7,1147.2,6.6177,0.49955
593.02,639.51,6.6369,0.49952
1927.2,1081.5,6.6199,0.49955
2291.9,1168.6,6.6174,0.49954
1511.8,1471.6,6.5947,0.49978
806.61,1481.7,6.5907,0.49986
373.57,1325.1,6.597,0.49986
941.45,630.4,6.6401,0.49947
823.69,1023.9,6.6169,0.49966
370.6,1321.9,6.5968,0.49987
333.78,553.79,6.6394,0.49954
1314.2,1453.7,6.5946,0.49979
1341.1,825.91,6.6302,0.49951
1189.5,1208.9,6.6085,0.49969
310.46,519.38,6.6417,0.49953
1694.1,1037,6.6209,0.49956
1635.7,729.28,6.6377,0.49943
1229.5,1214.5,6.6084,0.49969
360.26,807.05,6.6247,0.49965
1377.6,788.15,6.6325,0.49949
955.15,1347.7,6.5996,0.49978
2527.9,1365,6.6079,0.49959
2522.6,817.99,6.6381,0.49935
1517.2,1463.8,6.5949,0.49978
490.65,887.63,6.6216,0.49965
2203,791.96,6.6373,0.49939
298.42,947.89,6.6164,0.49973
2282.1,1387.3,6.6045,0.49964
824.18,715.39,6.6338,0.49952
1918.4,1143.6,6.6163,0.49958
1187.5,1430.9,6.5952,0.4998
1519.3,583.76,6.6461,0.49938
329.63,1384.2,6.5931,0.4999
1159,1461.9,6.5935,0.49981
2628.3,1122.3,6.6224,0.49946
1015,847.91,6.6279,0.49955
1126.7,1385,6.5981,0.49978
1928.6,1157.5,6.6156,0.49958
1330.9,809.58,6.6314,0.4995
1617.5,1198.5,6.612,0.49964
403.3,573.52,6.6391,0.49953
660.06,346.75,6.659,0.49934
318.79,488.43,6.6442,0.4995
2635.1,1066.1,6.6255,0.49944
2761.1,317.67,6.6759,0.49902
1315.8,1196.3,6.6102,0.49967
538.63,689.96,6.6332,0.49956
2040.3,1434.8,6.5999,0.4997
2593.5,1413.5,6.6052,0.4996
310.42,503.51,6.6427,0.49952
438.34,519.61,6.6435,0.49949
612.61,960.81,6.6187,0.49966
548.45,605.41,6.6384,0.49952
1345.6,1103.6,6.6153,0.49963
316.19,532.91,6.6407,0.49953
1324,1523.7,6.5896,0.49983
596.83,654.32,6.6358,0.49953
1515.2,1412.4,6.5984,0.49975
830.38,1451.6,6.5922,0.49985
384.08,1360.9,6.5948,0.49988
996.63,1388.3,6.5972,0.4998
405.34,586.79,6.6381,0.49954
573.74,972.34,6.6174,0.49968
2296.2,1095.9,6.6211,0.49951
348.68,1323.2,6.5963,0.49987
1913.9,1169.5,6.6147,0.49959
2341.7,1108.2,6.6206,0.49951
1289.2,1476.8,6.593,0.49981
2456.9,1217.5,6.6153,0.49954
2335.4,1228.6,6.6138,0.49956
447.27,576.32,6.6399,0.49952
2588.1,1417.3,6.6051,0.49961
328.5,1368.6,6.5938,0.4999
1974.1,775.52,6.6366,0.49942
2496.9,1143.2,6.6199,0.4995
416.16,523.02,6.6424,0.4995
458.37,562.93,6.6402,0.49951
2772.2,297.43,6.6777,0.49901
682.93,1419.7,6.5931,0.49986
386.85,243.49,6.6681,0.49931
1548.6,580.94,6.6458,0.49938
452.51,1397.8,6.5933,0.49988
2487.3,1184.1,6.6179,0.49952
311.12,529.97,6.6407,0.49953
552.09,580.2,6.6397,0.49951
778.16,1329.2,6.5994,0.4998
820.27,723.13,6.6335,0.49953
2758.1,323.6,6.6751,0.49903
2654.6,1117.1,6.6227,0.49946
1937.8,1156,6.6151,0.49959
310.42,493.48,6.6433,0.49951
457.75,1051.5,6.612,0.49973
1047.1,1056.1,6.6161,0.49964
883.56,1509.8,6.5886,0.49987
1252.9,1457.5,6.5941,0.4998
1234.5,1159.2,6.6111,0.49967
1514.9,1413,6.5981,0.49975
1198.8,1204.3,6.6087,0.49969
306.27,479.87,6.6444,0.49951
1011.5,1389.3,6.5971,0.4998
1217.1,1493,6.5914,0.49982
2146.3,1078.7,6.6209,0.49953
2406.4,1413.9,6.6034,0.49964
2050.2,1421.4,6.6005,0.49969
795.45,390.59,6.6561,0.49935
778.07,698.13,6.6342,0.49952
955,1440.4,6.5938,0.49983
2615.3,1380,6.6081,0.49958
2011.3,781.01,6.636,0.49942
1309.5,1090.1,6.6156,0.49963
489.75,903.22,6.62,0.49967
2045.9,1429.7,6.5999,0.4997
1158.2,1420.8,6.5957,0.49979
1535.8,1374.7,6.6002,0.49973
286.33,494.05,6.643,0.49952
2399.8,1410.4,6.6036,0.49964
2637.6,1134.1,6.6219,0.49947
331.61,1294.8,6.5979,0.49987
477.24,1059.9,6.6116,0.49973
332.45,1401.8,6.5917,0.49991
1261.5,1440.1,6.5946,0.4998
2511.8,1141,6.6198,0.4995
597.31,599.9,6.6386,0.49951
1007.6,828.34,6.6279,0.49955
1177.3,1385.5,6.598,0.49978
397.26,556.19,6.6398,0.49953
1384.7,1425.3,6.5962,0.49977
317.8,549.47,6.6393,0.49954
1956.6,1187.4,6.6137,0.4996
1224.6,1232,6.6075,0.4997
1331,777.75,6.6328,0.49949
1173.5,1484.1,6.5919,0.49982
1163.1,1449.3,6.5939,0.49981
1650.6,1097.5,6.6166,0.4996
2732.7,360.65,6.6707,0.49907
1026.2,1183.4,6.6085,0.4997
1962.5,885.62,6.6297,0.49947
1559,1468.9,6.5947,0.49978
837.02,1364.4,6.5974,0.49981
453.46,533.95,6.6417,0.4995
819.2,1012.3,6.6165,0.49966
634.1,956.85,6.6182,0.49966
1646.3,740.62,6.6361,0.49944
2246.6,1496.4,6.5964,0.49971
841.12,1467.1,6.5908,0.49986
2068.1,1387,6.6026,0.49968
437.52,565.31,6.6396,0.49952
450.83,1356.3,6.5952,0.49987
325.66,1292.3,6.5978,0.49987
989.11,1445.7,6.5931,0.49983
1993.9,1103.1,6.6181,0.49956
1599.5,1534,6.5902,0.49981
1543.4,1458.5,6.5947,0.49978
2076.9,1397.9,6.6019,0.49968
1882.2,482.79,6.6546,0.49928
2088.3,1397.5,6.602,0.49968
2579.1,635.74,6.649,0.49926
576.56,677.98,6.6333,0.49955
298.41,430.63,6.6474,0.49948
1633.8,1070,6.6178,0.49959
380.19,1587.3,6.5796,0.5
2512.2,1380.7,6.6063,0.49961
2650.3,1046.1,6.6263,0.49943
777.73,1327.4,6.5991,0.4998
2157.5,1196.4,6.6142,0.49958
2608.3,1379.6,6.6076,0.49958
2323.2,647.81,6.6457,0.49932
1252.7,538.69,6.6473,0.49938
2418.8,1377.4,6.6052,0.49962
1326,1088,6.6156,0.49963
2283.1,1386.5,6.604,0.49965
2636.9,1131.7,6.6218,0.49947
897.99,1545.9,6.5853,0.4999
1346.3,1101.9,6.6149,0.49963
2657,513.24,6.6575,0.49919
1983.2,858.9,6.6317,0.49945
2634.4,1160.6,6.6202,0.49948
2460.4,1161.7,6.6184,0.49952
817.86,1037.6,6.615,0.49967
2289.3,1179.3,6.616,0.49955
900.09,1544.6,6.5855,0.4999
430.96,505.46,6.6432,0.49949
2614.1,1357.6,6.6084,0.49958
2755.9,327.08,6.674,0.49904
1997.5,863.91,6.6309,0.49946
594.17,625.14,6.6369,0.49952
1045,744.02,6.6324,0.49952
1148.4,1534.5,6.5879,0.49986
1183.7,1448.8,6.5934,0.49981
1495.8,702.28,6.6375,0.49944
1175.6,1397.5,6.597,0.49978
2159.7,1185.2,6.6147,0.49957
1030.4,1084,6.6137,0.49966
2526.9,1351.5,6.6076,0.49959
1626.2,1365.4,6.6014,0.49972
835.4,1109,6.6119,0.49969
450.29,1408.1,6.5916,0.4999
1695.1,886.04,6.6289,0.4995
1170.8,906.53,6.6245,0.49957
377.37,230.89,6.6688,0.4993
2356.3,946.82,6.6292,0.49944
1965.9,802.07,6.6341,0.49944
367.19,1305.4,6.5972,0.49986
2619.5,1322.3,6.6108,0.49956
1958.7,1129.5,6.6162,0.49958
960.83,1457.2,6.592,0.49984
387.42,1409.5,6.591,0.49991
1156.6,1405.9,6.596,0.49979
2632.1,1093.2,6.6233,0.49946
2634,1058.3,6.6256,0.49944
1957.1,772.07,6.6361,0.49942
1321.6,1452.8,6.5937,0.4998
2650.8,1201.4,6.618,0.4995
2481.1,1144.5,6.6189,0.49951
1207.8,1568.2,6.5851,0.49987
1308.1,1466,6.5931,0.4998
390.78,1409.4,6.5913,0.49991
1358.9,1086.8,6.6158,0.49962
2267.7,1386.9,6.6035,0.49965
963.07,1455.6,6.592,0.49984
1169.7,906.82,6.6243,0.49957
439.01,579.41,6.6383,0.49953
1785.4,444.41,6.6567,0.49927
2012.9,813.14,6.6337,0.49944
2029.4,1451,6.598,0.49971
1648.6,812.92,6.6326,0.49947
825.02,1080.6,6.6127,0.49969
1999.1,866.09,6.6306,0.49946
2414.9,652.47,6.6465,0.4993
2496.6,1205.6,6.6161,0.49953
1288.5,1416.6,6.5958,0.49979
391.32,320.75,6.6582,0.49938
2629.1,1285,6.6128,0.49954
1971.2,1213.9,6.6115,0.49961
2214.8,809.07,6.6351,0.49941
450.01,885.06,6.6201,0.49967
2748,340,6.6724,0.49905
472.97,654.15,6.634,0.49956
556.48,306.5,6.6618,0.49933
1005.6,1056.1,6.6148,0.49966
384.57,1262.1,6.5997,0.49984
1387.7,1422.9,6.596,0.49978
809.05,679.54,6.6348,0.49952
1710.4,765.92,6.6346,0.49945
386.73,1423.2,6.5904,0.49992
689.44,1416.6,6.5925,0.49986
1441.5,1398.8,6.598,0.49976
2152,1218.6,6.6126,0.49959
1533.8,1425.7,6.5969,0.49976
1309.8,1195,6.6095,0.49968
289.09,464.71,6.6445,0.49951
1047.5,1090.1,6.6132,0.49967
2162.6,1173.3,6.6152,0.49957
1284.9,1465.6,6.5929,0.49981
2012.2,866.96,6.6305,0.49946
1244.9,826.53,6.6286,0.49953
1562.5,1368.1,6.6006,0.49973
2133.3,1174.8,6.615,0.49957
830.7,1141.3,6.6095,0.49971
402.94,620.89,6.6352,0.49956
501.2,875.66,6.6214,0.49966
1402.7,1474.3,6.5925,0.4998
1954.8,1198.3,6.6125,0.49961
1204.5,795.55,6.6301,0.49952
439.7,604.76,6.6365,0.49955
2320.6,1202.1,6.6147,0.49956
1231,875.07,6.6258,0.49955
2756.2,330.15,6.6736,0.49904
450.79,917.94,6.6183,0.49969
1983.9,831.88,6.6328,0.49945
1369.6,769.84,6.6328,0.49949
2138,1169.7,6.6151,0.49957
1975.6,1132.7,6.6158,0.49958
2424,1385.2,6.6043,0.49963
322.9,466.63,6.6447,0.4995
1636.9,859.67,6.6291,0.4995
348.33,1395.6,6.5918,0.49991
904.14,1542.5,6.5853,0.4999
2641.7,1117.6,6.6218,0.49947
1071.8,546.26,6.6446,0.49942
2265.7,1386.9,6.6033,0.49965
289.97,504,6.6414,0.49953
820.55,1009.8,6.616,0.49966
1881,1411.4,6.5994,0.49972
380.52,1585.2,6.5793,0.5
402.33,618.32,6.6351,0.49956
1595,1484.7,6.593,0.49979
277.88,457.17,6.6447,0.49951
2514.5,1106,6.6215,0.49949
465.21,523.84,6.6421,0.4995
2014.3,736.54,6.6378,0.4994
2405.1,1404.2,6.6029,0.49964
1164.4,1445,6.5935,0.49981
2204.3,806.28,6.6349,0.49941
1042,735.03,6.6329,0.49951
2672.4,1218,6.6165,0.4995
1523.6,581.76,6.645,0.49938
1648.3,857.91,6.6288,0.4995
1166.1,1469.5,6.5915,0.49983
398.98,1447.2,6.5884,0.49993
827.77,728.94,6.6318,0.49954
307.57,196.96,6.6724,0.49929
284.06,511.02,6.6407,0.49954
812.39,679.33,6.6347,0.49952
495.34,275.6,6.664,0.49932
1325.6,1522.1,6.5886,0.49984
299.09,504.45,6.6411,0.49953
445.5,593.68,6.6368,0.49954
1671.1,1147.8,6.6137,0.49962
1698,807.6,6.6328,0.49947
619.24,719.27,6.6311,0.49957
2286.9,1189.6,6.6148,0.49956
317.24,506.84,6.6414,0.49953
278.73,472,6.6434,0.49952
398.85,543.69,6.6399,0.49952
1165.1,1395,6.5965,0.49979
1159.7,1079.9,6.6144,0.49965
2324.8,898.63,6.631,0.49943
2188.4,640.65,6.645,0.49933
317.61,482.82,6.6432,0.49951
386.8,1331,6.5951,0.49988
471.05,545.51,6.6402,0.49951
1922.8,1195.1,6.6122,0.49961
539.38,891.97,6.6205,0.49966
310.8,478.66,6.6434,0.49951
2083.4,1394.9,6.6011,0.49969
1167.1,1385.1,6.597,0.49978
2504.3,1081.6,6.6225,0.49948
638.7,1556.4,6.5826,0.49994
2505.5,1209.5,6.6151,0.49954
640.79,1555.8,6.5826,0.49994
1468.5,1398.2,6.5975,0.49976
395.55,1440.7,6.5889,0.49992
288.73,442.82,6.6459,0.4995
2599.7,604.23,6.65,0.49925
1426.6,1416.7,6.5961,0.49977
1215.3,1111.7,6.6129,0.49966
2435.3,1068.8,6.6227,0.49949
2162,1117.1,6.6178,0.49955
2290.7,1183.4,6.6152,0.49956
2174.2,1085.5,6.6193,0.49954
1424.2,1414.7,6.5963,0.49977
2114.9,1361,6.6036,0.49966
1343.1,795.26,6.6305,0.49951
2342.3,904.3,6.6306,0.49943
1216.5,908.02,6.6243,0.49957
2149.9,1102.5,6.6185,0.49954
274.36,540.16,6.6385,0.49956
2163.7,1105.3,6.6185,0.49954
2762.9,316.69,6.6747,0.49903
2323.6,896.11,6.6309,0.49943
1945.3,1171.7,6.6135,0.4996
338,1415.5,6.5899,0.49993
2127.9,1198.3,6.6132,0.49959
573.87,572.58,6.6391,0.49951
2468.6,1424.4,6.6018,0.49965
2071.5,1376.8,6.6023,0.49968
2463.3,1320.3,6.6081,0.4996
2343.9,928.33,6.6289,0.49945
788.47,1437.9,6.5912,0.49986
2340.7,1228.3,6.6125,0.49958
291.09,505.38,6.6409,0.49954
997.33,1396.4,6.5953,0.49981
2170.4,790.51,6.6356,0.49941
373.46,1421.8,6.5899,0.49992
2374,804.78,6.6366,0.49938
2185.5,795.28,6.6355,0.49941
599.7,955.09,6.6175,0.49967
