580.46,1332.6,6.8675,0.49793
801.9,468.15,6.8113,0.49825
1512.3,361.72,6.7759,0.49843
2734.2,1244.5,6.7233,0.49872
1593.2,370.39,6.7615,0.49853
1598.3,385.25,6.7581,0.49855
1325.1,361.3,6.7572,0.49858
1673.8,401.03,6.7534,0.49858
2044.9,227.62,6.7694,0.49842
1443.2,265.97,6.762,0.49853
1634.3,399.21,6.7485,0.49862
1853.2,318.93,6.7557,0.49854
1708.8,397.26,6.742,0.49866
499.55,450.47,6.7315,0.49884
1889.4,326.92,6.7481,0.49859
1708.1,426.21,6.7361,0.4987
480.1,457.84,6.7267,0.49888
528.81,464.99,6.7259,0.49888
445.67,485.63,6.7146,0.49897
1934.9,375.27,6.7312,0.49871
1695.7,455.58,6.7237,0.49879
2572,1318,6.6737,0.4991
1964.5,395.14,6.723,0.49877
1965.7,400.15,6.7212,0.49878
479.43,536.54,6.7005,0.49906
287.91,505.88,6.6977,0.49912
283.84,440.57,6.7023,0.49908
2031.7,377.2,6.7186,0.49879
1845.3,473.12,6.7099,0.49888
449.98,545.18,6.6961,0.4991
280.88,443.78,6.7006,0.49909
2042.4,389.24,6.7162,0.49881
2047.9,395.6,6.7141,0.49882
291.42,554.5,6.6905,0.49917
2415.9,708.19,6.6946,0.49894
1334.4,511.33,6.7009,0.49898
402.88,556.91,6.6909,0.49914
1073,467.85,6.7029,0.49898
1120.3,1474.7,6.6409,0.49946
285.49,569.33,6.6861,0.4992
2583,1011,6.6761,0.49907
2531.1,972.64,6.6765,0.49907
277.84,545.66,6.6855,0.49921
1324,536.86,6.6931,0.49904
261.41,476.22,6.6867,0.4992
384.91,1639.4,6.616,0.49973
2597.1,1076.3,6.6669,0.49913
2407.9,280.86,6.7167,0.49876
2592.8,1052.1,6.6666,0.49913
2353.2,312.37,6.712,0.49881
2581.9,1082.4,6.6641,0.49915
2535.6,1111.3,6.6613,0.49918
1922.5,574.72,6.6873,0.49903
377.46,1648.9,6.611,0.49976
2573.1,978.01,6.6677,0.49913
2580,1000.7,6.6662,0.49914
2543.1,1076.2,6.6615,0.49918
2531.6,996.71,6.6655,0.49915
2589.5,1078.5,6.6611,0.49917
1331.6,582.83,6.6814,0.49912
377.21,625.01,6.6716,0.49929
2592.1,1132.7,6.6574,0.4992
397.29,475.74,6.6818,0.49921
439.7,640.97,6.6709,0.49928
419.63,487.62,6.6806,0.49921
1663.3,527.73,6.686,0.49906
2528.2,1096.3,6.6584,0.4992
420.74,1611,6.612,0.49975
392.49,477.89,6.6808,0.49921
421.53,1625.8,6.6096,0.49977
2528.4,1155.4,6.6537,0.49924
431.44,1614.9,6.6105,0.49976
391.76,592.36,6.6717,0.49928
1533.4,1105.2,6.65,0.49935
2737.7,1495.1,6.6351,0.49935
2752.9,1114.7,6.6583,0.49917
432.48,1657.5,6.6065,0.49979
1661.6,536.49,6.6837,0.49908
396.55,613.05,6.6696,0.4993
2388.8,299.66,6.7068,0.49884
2586.9,1121.2,6.6554,0.49922
660.83,761,6.6629,0.49932
1482.3,1265.5,6.6399,0.49943
388.45,1626.8,6.6082,0.49978
439.22,1617.1,6.6094,0.49976
2376.6,329.8,6.7034,0.49887
2574.5,1139.5,6.654,0.49923
417.08,1650.7,6.6064,0.49979
385.68,485.25,6.6775,0.49924
2537.7,1126.1,6.6538,0.49924
1678.5,652.56,6.6753,0.49914
392.86,607.2,6.6688,0.49931
660.49,768.8,6.6613,0.49933
254.28,570.22,6.6693,0.49933
847.6,1531,6.6176,0.49965
1320.6,524.92,6.6804,0.49913
1318.6,524.94,6.6803,0.49913
410.66,614.66,6.6677,0.49931
1322.7,609.4,6.6742,0.49917
1459.6,1272.8,6.637,0.49945
2750.7,1120.6,6.6548,0.4992
1450.6,429.2,6.6874,0.49906
233.33,501.21,6.6713,0.49932
2581.5,1123,6.6517,0.49924
1673.4,659.41,6.6721,0.49917
2384.5,340.44,6.6994,0.49889
1456,1279.3,6.6355,0.49947
1469.6,1281.4,6.6354,0.49947
411.43,615.95,6.666,0.49932
2560.1,1139.1,6.6509,0.49925
391.38,1620.8,6.6048,0.49981
1510.3,1289,6.6341,0.49947
2725,991.07,6.6593,0.49916
393.98,1653.9,6.6008,0.49984
1493.8,1289.1,6.6332,0.49948
2529.3,1167.9,6.6468,0.49929
1507.2,1293.8,6.633,0.49948
391.91,626.32,6.6627,0.49935
402.29,617.07,6.6628,0.49935
1454.4,1126.9,6.6415,0.49942
1060.8,1553,6.6127,0.49967
394.66,1645.3,6.6006,0.49984
384.84,1624.8,6.6022,0.49983
2740.5,987.35,6.6577,0.49917
1489.3,1295.9,6.6314,0.49949
1474,1449.6,6.621,0.49958
2333,1228.9,6.6391,0.49937
2681.9,1557.7,6.6212,0.49947
2755.5,1139.5,6.6482,0.49924
253.2,594.03,6.6604,0.49939
2578.5,1211.6,6.6418,0.49932
440.45,1618.5,6.6013,0.49982
2511.3,1140.9,6.6452,0.4993
1456.9,1276.8,6.6308,0.4995
460.1,751.38,6.6528,0.49942
439.53,1657.7,6.5974,0.49985
1309.4,652.71,6.6648,0.49925
1462.4,1142.9,6.6378,0.49945
383.55,1656.3,6.597,0.49987
2042.2,956.52,6.6512,0.4993
394.54,626.66,6.6591,0.49938
2040,1200.6,6.6377,0.4994
1498.6,1284.3,6.6299,0.49951
382.06,1627,6.5993,0.49985
1036,1560.4,6.6095,0.4997
1461.8,1142.2,6.6375,0.49945
1448.4,1123.1,6.6384,0.49944
2740.9,1000.2,6.6546,0.4992
2699.3,1508.7,6.6239,0.49944
2328.4,1231.6,6.6373,0.49938
447.06,1617.5,6.6003,0.49983
1452.5,1451.8,6.6185,0.4996
1438.5,1279.4,6.6289,0.49952
1446.4,1138.7,6.6368,0.49945
1422.8,1449,6.6182,0.4996
2546,1031.3,6.6498,0.49926
2583.8,829.11,6.661,0.49917
2517.7,1029,6.6495,0.49927
554.6,1053.5,6.6358,0.49954
1462.2,985.24,6.6451,0.49939
1453.6,1264.5,6.6295,0.49951
400.07,1657.9,6.5958,0.49987
1450.6,1285.5,6.6279,0.49952
2023.6,968.49,6.6487,0.49932
2058.1,1200,6.6361,0.49941
1416.6,1576.2,6.6082,0.49968
2017.2,1209.5,6.6352,0.49943
2568.9,1180.3,6.6409,0.49933
448.9,1659.1,6.5953,0.49987
2032.2,1228.1,6.6341,0.49943
453.64,1670.5,6.594,0.49988
2725.3,1154.1,6.6441,0.49928
2336.7,1065.5,6.6454,0.49932
387.28,1668.1,6.5938,0.49989
365.06,690.93,6.653,0.49943
2571.6,1050.7,6.6476,0.49928
2514.4,1061.8,6.6464,0.49929
442.37,1650,6.5957,0.49987
1401.7,1575.4,6.6075,0.49969
1373.7,1572.7,6.6075,0.49969
433.4,1650,6.5954,0.49987
440.71,1670.5,6.5934,0.49988
400.35,1620.2,6.5974,0.49986
2038.3,1330.9,6.6274,0.49948
2015.2,1334.5,6.627,0.49949
449.74,1641.3,6.596,0.49986
1444.7,1457.1,6.6159,0.49962
1415.7,1453.7,6.6158,0.49962
555.22,1030.6,6.6351,0.49954
997.64,1555.1,6.6065,0.49972
2210.5,1605.3,6.6089,0.49962
450.47,1650.7,6.5948,0.49987
358.95,1579.3,6.6,0.49985
2664.8,1556.1,6.6169,0.4995
2050.9,1226.6,6.6329,0.49944
1304.3,713.73,6.6573,0.4993
2738.7,1156.5,6.6428,0.49929
1491.5,1278.4,6.6267,0.49953
2680.1,1544.9,6.6176,0.49949
1692.8,1388.1,6.6211,0.49956
2695.4,1493.2,6.6215,0.49946
1401.8,1451.1,6.6154,0.49962
2559.1,1012.5,6.6483,0.49927
1434.3,1268,6.6269,0.49953
436.58,1582.6,6.5999,0.49983
1475.5,1291.5,6.6256,0.49954
2498.7,1228.7,6.6354,0.49938
393.3,1617.4,6.5966,0.49987
2751.8,996.22,6.6512,0.49922
1486.7,1153.2,6.6332,0.49948
1322,698.39,6.6573,0.4993
1741.5,940.37,6.646,0.49936
1431.3,1289.5,6.625,0.49955
1487.7,1296.9,6.6248,0.49954
2036.4,954.16,6.6469,0.49933
1446.7,1274.3,6.6259,0.49954
1373.2,1561.6,6.6067,0.49969
2024.5,1249.6,6.6305,0.49946
1926.8,1604.9,6.6058,0.49966
1444.4,994.49,6.6411,0.49942
1485.5,1309.5,6.6237,0.49955
406.68,1669.1,6.5914,0.4999
2059.2,1198,6.6335,0.49943
404.67,1650.1,6.5932,0.49989
2667.5,1553.7,6.6157,0.49951
1456.9,1444.2,6.6149,0.49962
386.48,1573.6,6.599,0.49985
2560.3,1025,6.6461,0.49929
1464.9,1137.5,6.6327,0.49948
2285.5,1090.5,6.6409,0.49936
1489.7,1002.6,6.6404,0.49942
2028.5,1196.1,6.6328,0.49944
2574.2,1033,6.6455,0.49929
1989.6,1341.6,6.624,0.49951
2426.3,875.84,6.6529,0.49925
390.57,1640.7,6.5932,0.49989
2513.3,1261.8,6.6321,0.4994
1431.5,1269.7,6.6249,0.49955
1703.9,1303,6.6244,0.49953
2707.4,1022.4,6.6476,0.49925
1396.3,1455,6.6131,0.49964
1503.6,1006.5,6.6398,0.49943
1452,1293,6.6232,0.49956
2011.4,1310.2,6.6255,0.4995
2014,1296.1,6.6263,0.49949
448.23,1633.2,6.5937,0.49988
1315,689.22,6.6563,0.49931
2745.4,1010.6,6.6489,0.49924
2297.6,1169.3,6.6353,0.4994
1705.9,1284.7,6.625,0.49953
1415.4,1428.3,6.6144,0.49963
1469.1,1310.7,6.622,0.49957
1473.1,1279,6.6239,0.49955
1493.5,1299.1,6.6224,0.49956
397.2,1631.4,6.5932,0.49989
2752.1,1069.4,6.6445,0.49927
2411.1,358.92,6.6866,0.49899
420.52,1322.8,6.6145,0.49972
1720.2,976.37,6.6418,0.49939
2560.9,1257.2,6.6319,0.4994
2528.2,1036.3,6.6439,0.49931
528.86,1589,6.5975,0.49984
2578.6,802.41,6.657,0.4992
2719.9,1153.8,6.6397,0.49931
1411.2,1441,6.6131,0.49964
399.36,1650.4,6.5912,0.49991
450.43,1669.8,6.5898,0.49991
262.95,629.43,6.6504,0.49947
2751.5,1005.3,6.648,0.49924
2002.6,1338.5,6.6227,0.49952
422.62,1350.9,6.6124,0.49974
455.59,1620.5,6.5941,0.49988
2015.6,1269.1,6.6268,0.49949
1452.9,1141.4,6.6308,0.4995
1705.5,1086.3,6.6351,0.49945
448.64,1642.3,6.592,0.49989
319.9,1408.8,6.6077,0.49979
1667.4,1395.2,6.617,0.49959
552.57,1346.3,6.6136,0.49971
1482.4,1163,6.6296,0.49951
1302.5,727.42,6.6528,0.49934
1483,1297.3,6.6219,0.49957
2547.6,1146.2,6.6373,0.49936
1743.2,943.42,6.643,0.49938
1903.7,1611.5,6.6021,0.49969
1396.6,1439.8,6.6124,0.49965
463.58,1622.8,6.5931,0.49988
2630.2,1561,6.6123,0.49954
553.62,1371.8,6.6117,0.49972
347.66,745.92,6.6441,0.4995
2026.2,973.31,6.6428,0.49936
1442,1275.6,6.6225,0.49956
412.3,1289.7,6.6157,0.49971
1884.7,1612.3,6.602,0.49969
1396.6,1553.4,6.6041,0.49971
435.29,1328,6.6131,0.49973
1390.7,1565,6.6031,0.49972
2531.2,1182.2,6.6345,0.49938
1456.5,969.93,6.6393,0.49943
2041.2,1235.4,6.628,0.49948
423.83,1546,6.5988,0.49984
1356.6,1549.5,6.604,0.49972
1657.8,565.48,6.6643,0.49922
572.28,1052,6.6294,0.49958
2561.6,1185.8,6.6344,0.49938
1436.9,1444.9,6.6118,0.49965
2494,1196.6,6.6332,0.4994
2751,1029.8,6.645,0.49927
2739.7,1155.4,6.6383,0.49932
2062.9,974.92,6.6422,0.49937
432.94,1660,6.5894,0.49992
443.82,1670,6.5886,0.49992
1408.1,1554.8,6.6038,0.49971
1448.7,1448.9,6.6114,0.49965
1450.5,1279.6,6.6217,0.49957
437.17,1355.4,6.6112,0.49974
1493.4,1285,6.6216,0.49957
2697,1444.5,6.6208,0.49947
1699.4,1390.1,6.6165,0.49959
1368.2,1551,6.6038,0.49972
451.66,1564.6,6.5969,0.49985
2723,1097.5,6.6411,0.4993
2010.4,1284.5,6.6246,0.49951
326.44,1328.7,6.6115,0.49976
573.07,1079,6.6276,0.4996
2667.5,1551.1,6.6129,0.49953
1350.3,1561.2,6.6028,0.49973
1488,992.8,6.6377,0.49944
1943.6,1537.2,6.6077,0.49964
401.81,1641.4,6.5905,0.49991
315.86,1329.5,6.6112,0.49976
1469.5,1284.9,6.6213,0.49957
1426.7,1279.7,6.6214,0.49957
464.26,1564.8,6.5967,0.49985
1451.4,1146.9,6.629,0.49951
2511.9,1230.4,6.6308,0.49941
1998.5,1244.2,6.6265,0.49949
2275.2,1178.8,6.6321,0.49943
2684.4,1489.4,6.6171,0.4995
2491.9,887.31,6.6494,0.49927
2118.9,1602.5,6.6033,0.49967
572.76,1050.7,6.6286,0.49959
1467.4,1297.8,6.6202,0.49958
2627.4,1556.9,6.6114,0.49955
1156.8,1576.2,6.6002,0.49976
2655.8,1551.2,6.6115,0.49954
1400,1566.3,6.602,0.49973
2411.7,1444.8,6.6167,0.49953
412.72,1631.3,6.5907,0.49991
438.22,1335.2,6.6113,0.49974
2315.6,1167.5,6.6326,0.49942
2511.9,1063.8,6.6394,0.49934
2023,1186.7,6.6295,0.49947
2543.7,1174.2,6.6339,0.49938
1717.9,1085.2,6.6333,0.49946
315.58,1301.8,6.6121,0.49976
2299.1,1396.4,6.6187,0.49953
2038.2,1319.6,6.6218,0.49953
557.67,1443.3,6.6057,0.49977
448.58,1331.8,6.6117,0.49974
2721.5,1100.9,6.64,0.49931
2045.7,1240.3,6.6267,0.49949
2748.2,829.91,6.655,0.49919
2560.8,1038.1,6.6414,0.49932
1746.3,1081,6.6332,0.49946
2543.7,1028.4,6.6416,0.49932
1995.1,1260.5,6.6248,0.49951
463.74,1593.1,6.5939,0.49988
2722.6,1057.9,6.642,0.49929
317.71,1327.6,6.6103,0.49977
2722.7,1082.9,6.6406,0.49931
2205.1,1367.1,6.6196,0.49953
1838.2,1617.2,6.5996,0.49972
444.41,1622.7,6.5912,0.4999
1180.7,748.2,6.6485,0.49938
676.07,1646.2,6.5904,0.49988
457.24,1579.1,6.5946,0.49987
540.91,825.16,6.6395,0.49951
2713.4,1032.6,6.6435,0.49929
1501.7,998.98,6.636,0.49945
2044.4,1182.3,6.629,0.49947
323.87,1408.5,6.6052,0.49981
2042.2,1198.2,6.6281,0.49948
400.46,1576,6.5943,0.49988
2178.8,1514.5,6.6093,0.49961
1703.7,968.14,6.6386,0.49942
2054.8,1212.8,6.6272,0.49948
1345.9,800.14,6.646,0.49939
406.72,1583.2,6.5937,0.49989
2719.8,923.1,6.6485,0.49924
2031,1268.1,6.6237,0.49951
2721.1,1062.3,6.641,0.4993
2276.2,1154.7,6.6317,0.49943
1069.6,1626.1,6.5941,0.49981
1487.7,979.27,6.6366,0.49945
2532.5,937.63,6.6453,0.4993
586.89,1449.6,6.6042,0.49978
2719.4,1048.2,6.6413,0.4993
428.04,1553.6,6.5962,0.49986
335.79,1414,6.6044,0.49981
2599.1,800.69,6.6534,0.49922
1668.8,1390.5,6.6143,0.49961
572.26,1352.2,6.6102,0.49973
2021,1340.8,6.6189,0.49955
1292.7,744.61,6.649,0.49937
1403.6,1445.2,6.609,0.49967
1895.5,1539.8,6.6051,0.49967
452.06,1566.9,6.5948,0.49987
2722.5,1042.7,6.6417,0.4993
452.36,1360.7,6.6085,0.49976
1450.7,1145.9,6.6269,0.49953
1358,1560.4,6.6005,0.49974
423.36,1631.9,6.5891,0.49992
2492.5,1079.7,6.637,0.49937
1442.1,974.1,6.6362,0.49946
316.15,765.59,6.6394,0.49954
1364,856.44,6.6423,0.49941
430.52,1562.4,6.5949,0.49987
2643.8,1539.8,6.6106,0.49955
2527.1,773.26,6.6539,0.49923
1427.8,1458.4,6.608,0.49968
1910.3,1570.3,6.6026,0.49969
254.63,845.45,6.6342,0.4996
1980.3,1132.6,6.6305,0.49946
2702,1169.1,6.6344,0.49936
340.33,1337.7,6.6086,0.49978
416.13,733.14,6.6424,0.4995
2734,1093.8,6.6387,0.49932
1977.4,1332.1,6.6189,0.49955
1337.8,1574.3,6.599,0.49976
573.82,1377.7,6.6081,0.49975
1494.7,1154.8,6.6263,0.49953
1349.3,1551.1,6.6007,0.49974
2238.7,1511.4,6.6086,0.49961
453.53,1578.9,6.5934,0.49988
1599.7,1561.8,6.6012,0.49972
340.65,1335.6,6.6085,0.49978
2585.6,880.24,6.6485,0.49926
2711.8,674.93,6.6613,0.49915
1437.5,1128.7,6.6273,0.49953
1452,1448.3,6.6081,0.49968
1718.3,965.24,6.6376,0.49943
1547.9,1628.8,6.5954,0.49977
1883.7,1552.9,6.6033,0.49968
2447.8,881.11,6.6471,0.49929
2746.6,1073.7,6.6395,0.49931
2457.8,932.48,6.6438,0.49932
2630.6,1557.4,6.6085,0.49957
1910.4,1537.8,6.6045,0.49967
446.69,1300.7,6.6118,0.49974
2681.7,1468.8,6.6159,0.49951
1494.5,1158.1,6.6257,0.49953
1393.4,1567.4,6.5994,0.49975
465.01,1590.3,6.5924,0.49989
338.19,1415.9,6.6031,0.49982
2669.5,1446.3,6.617,0.4995
1402.1,1565.8,6.5992,0.49975
1360.3,1552.4,6.6003,0.49974
1681.3,1294.9,6.6189,0.49958
330.53,1312.5,6.6092,0.49978
1687.7,1335.2,6.6165,0.49959
1712.3,1306.3,6.6184,0.49958
1342.8,1562.5,6.5994,0.49975
1403.5,1441.5,6.6083,0.49968
1738.1,981.49,6.6366,0.49943
466.62,1650.7,6.5869,0.49993
1683.9,1317,6.6177,0.49958
1737.8,944,6.6385,0.49942
578.55,1115.3,6.6224,0.49964
2587.4,888.74,6.6472,0.49927
1442.3,993.59,6.6342,0.49947
587.29,1380.3,6.6074,0.49975
1700.1,1392.5,6.6126,0.49962
588.61,1447.4,6.6031,0.49979
1689.5,1324.4,6.6169,0.49959
2734.3,1078.8,6.6387,0.49932
340.02,1310.4,6.6093,0.49977
1153,1578.2,6.5974,0.49978
2718.3,1089.8,6.6376,0.49933
1715.4,1287.6,6.6192,0.49957
311.19,741.71,6.6396,0.49954
435.33,1432,6.6027,0.49981
2561.8,1142.5,6.6328,0.49939
578.04,1082.7,6.6238,0.49963
1735.8,1084.5,6.6306,0.49948
2718.6,1073.1,6.639,0.49932
2525.7,1061.7,6.637,0.49936
2022.1,1297.9,6.6202,0.49954
2320.9,1175.1,6.6296,0.49944
1343.8,1558.7,6.5992,0.49975
418.59,1328.3,6.6088,0.49976
2160.4,1530.2,6.606,0.49964
2720.7,1081.4,6.6382,0.49932
1398.2,1555.8,6.5997,0.49975
1931.5,1534.8,6.6042,0.49967
1680.8,1359.4,6.6143,0.49961
2734.2,1053.2,6.6396,0.49931
1367.8,1550.4,6.5994,0.49975
1686,1336.9,6.6156,0.4996
2274.3,1154.9,6.6297,0.49945
2251.2,1295.2,6.6215,0.49951
2733.4,1080.6,6.638,0.49932
377.67,1621,6.5884,0.49993
1379.5,1565.8,6.5985,0.49976
466.07,807.9,6.6372,0.49953
1978.4,1318.5,6.6183,0.49956
2030,1255.5,6.6222,0.49952
2689.9,1436.6,6.617,0.4995
1461.2,1133.3,6.6256,0.49954
2321.1,886.74,6.6442,0.49933
1437.3,1133,6.6257,0.49954
277.37,725.22,6.6395,0.49955
2044.8,1188,6.6259,0.49949
460.94,1166.3,6.6177,0.49969
2011.4,857.33,6.6439,0.49936
588.71,1359.8,6.6077,0.49975
2536.1,1038.3,6.6378,0.49935
332.16,1308.4,6.6085,0.49978
1381.2,1562.1,6.5986,0.49976
2452.1,857.7,6.6466,0.4993
1459.7,417.14,6.6691,0.4992
2720.9,1041,6.6397,0.49931
1703.6,994.46,6.6345,0.49945
2524.1,1058,6.6366,0.49937
2559.6,1139.1,6.6321,0.4994
2734.3,1096.7,6.6368,0.49933
1410.1,1444,6.6066,0.49969
2020.8,1333.1,6.6175,0.49956
1983.6,1291.5,6.6195,0.49955
1386.5,1550.8,6.5993,0.49975
2656.1,1471.5,6.6139,0.49953
405.1,970.6,6.6279,0.49962
571.01,838.73,6.636,0.49953
1502.4,987.43,6.6337,0.49947
324.85,734.15,6.639,0.49954
1717.2,1063.2,6.6306,0.49948
2540.1,1024.4,6.6381,0.49935
1495.5,1139.5,6.6253,0.49954
549.41,1375.6,6.6062,0.49977
1701.7,1081.4,6.6295,0.49949
289.38,716.71,6.6395,0.49955
286.98,730.9,6.6389,0.49955
2014.3,1325.3,6.6175,0.49956
1716.7,1077.1,6.6298,0.49949
2079.5,1385.4,6.6142,0.49958
1504.4,1158.2,6.6239,0.49955
1392.3,1563,6.5981,0.49976
2735.8,1033.8,6.6399,0.49931
1359.6,1548.2,6.599,0.49975
2666.8,1440.7,6.6158,0.49951
1360.8,1561.4,6.5977,0.49976
2734.5,1037.6,6.6396,0.49931
2297.5,1099.9,6.632,0.49943
2558.7,1169.3,6.6301,0.49941
407.43,1619.9,6.5875,0.49993
412.16,1657.7,6.5847,0.49995
1745.1,1086.5,6.629,0.49949
1540.7,1624.9,6.5939,0.49978
2589.6,893.12,6.6451,0.49929
451.25,1646.7,6.5856,0.49994
1585.5,1572.5,6.5981,0.49974
589.59,1356.5,6.6072,0.49975
2052.8,1196.2,6.6247,0.4995
2508,828.99,6.6483,0.49928
2014.9,964.77,6.6371,0.49941
2022.8,1284.4,6.6195,0.49955
1121.3,1598.2,6.5936,0.49981
1714.8,1311,6.6163,0.49959
2722.1,1046.2,6.6385,0.49932
1710.5,1000.4,6.6336,0.49946
2747.7,1114.7,6.6348,0.49935
2005.7,1218.7,6.6232,0.49952
2026.5,1286.3,6.619,0.49955
1425.3,1316.5,6.6143,0.49963
2476.4,945.63,6.6412,0.49933
351.28,1417.8,6.6012,0.49984
2054.2,1184.3,6.6251,0.4995
2746.6,1073,6.6373,0.49933
1413.8,1430.5,6.6066,0.49969
2735.2,1074.3,6.6371,0.49933
1674.8,1314,6.6155,0.4996
2601.7,791.43,6.6512,0.49924
1717.6,1049.6,6.6305,0.49948
473.82,1578.3,6.5907,0.4999
1738.4,933.74,6.6369,0.49943
2041.1,1220.6,6.6228,0.49952
1838.5,1612.9,6.5958,0.49975
1718.6,1007.3,6.6327,0.49946
400.75,1150.2,6.6167,0.49971
2276.5,1187.4,6.6267,0.49947
2503.1,1198.6,6.6271,0.49944
315.78,730.26,6.6381,0.49955
2325.8,1165.8,6.6278,0.49946
411.27,1553.3,6.5925,0.49989
355.7,744.71,6.6378,0.49955
552.6,1313.3,6.6094,0.49974
1468.2,982.41,6.6323,0.49949
1467.9,999.63,6.6314,0.49949
1404,1553.3,6.5977,0.49976
2746.1,1045,6.6384,0.49932
652.37,1659.6,6.5852,0.49992
2672.8,1471.3,6.6129,0.49953
469.13,1577.4,6.5905,0.4999
1495.2,1142.8,6.6239,0.49955
553.01,1318.7,6.609,0.49974
2732,1092.6,6.6355,0.49934
2734.5,1041.5,6.6384,0.49932
1610.6,1558.6,6.5986,0.49974
2746.7,1046.7,6.6382,0.49932
580.48,1447.6,6.6007,0.49981
1018.7,1615,6.5907,0.49984
317.43,1329.7,6.6056,0.49981
1983.7,1278.5,6.6189,0.49955
1409.8,1541.7,6.5984,0.49975
1384.1,1453.9,6.6048,0.49971
2746.3,1033.3,6.6389,0.49931
1687.3,1288.2,6.6169,0.49959
2564.8,833.08,6.6481,0.49927
1671.4,1328.1,6.6142,0.49961
1671.8,1383.1,6.6108,0.49964
1697,1356.3,6.6126,0.49962
1481.8,1138.6,6.624,0.49955
1744.5,987.61,6.6337,0.49945
452.26,1434.3,6.6005,0.49982
2348,1255.5,6.6223,0.4995
1702.3,1069.8,6.6288,0.4995
1451.3,1135.1,6.6239,0.49955
1656.7,1385.3,6.6105,0.49964
2012.7,883.11,6.6408,0.49938
471.97,1620.7,6.587,0.49993
402.12,1150.2,6.6163,0.49971
1668.7,1338.9,6.6134,0.49962
1995.8,1211.3,6.6227,0.49952
2152.7,1594.2,6.5987,0.4997
1989.3,1330.1,6.6157,0.49958
2734.7,1056.8,6.6374,0.49933
506.69,822.66,6.6348,0.49955
2275.2,1139.8,6.6284,0.49945
1451.2,1137.4,6.6237,0.49955
412.83,1667.3,6.5825,0.49997
1066.2,1614.6,6.5911,0.49984
2678.1,1447.3,6.614,0.49952
1430.8,1435.5,6.606,0.49969
254.69,575.87,6.6462,0.4995
1703.4,1026.4,6.631,0.49948
1998.3,1196.3,6.6234,0.49952
463.65,1167.7,6.6158,0.4997
1865.5,1561.2,6.5994,0.49971
1390.7,1430.8,6.606,0.4997
429.85,974.81,6.6255,0.49963
2014.9,981.15,6.6352,0.49942
2588.8,1554.8,6.6053,0.4996
1388.2,1542,6.5982,0.49976
1513.5,1006.9,6.6306,0.4995
1523.5,579.25,6.6559,0.4993
1718.5,1022.1,6.6312,0.49948
1979.8,1339.9,6.6151,0.49958
2496.8,942.42,6.6404,0.49934
2049.4,1164.4,6.6257,0.4995
2248.4,1293.9,6.6193,0.49953
1659.3,1375.1,6.6108,0.49964
472.53,1631.5,6.5857,0.49994
564.24,822.61,6.6348,0.49954
1370.4,1537.6,6.598,0.49976
2747.1,1031.9,6.6385,0.49932
404.11,1568.9,6.5903,0.49991
425.35,1357.8,6.6045,0.4998
581.2,1360.3,6.6054,0.49977
1478.7,419.97,6.6669,0.49921
1718.1,1037.1,6.6302,0.49948
2015.4,1312,6.6166,0.49957
1169.2,771.9,6.6419,0.49943
1505.7,1141.7,6.6231,0.49955
2446.2,880.51,6.6432,0.49932
2680.1,470.84,6.6708,0.49908
406.13,1617,6.5866,0.49994
1933.8,1528.6,6.6021,0.49969
819.46,1631.2,6.5877,0.49988
2022.2,983.32,6.6352,0.49942
1888.6,1576.2,6.598,0.49972
1481.8,1141.3,6.6231,0.49956
1704,1013.4,6.6312,0.49948
1704.8,1321.8,6.614,0.49961
1100,1651.8,6.5875,0.49986
1739,950.65,6.6349,0.49945
579.12,827.9,6.6343,0.49954
473.27,1640.2,6.5847,0.49995
2744.9,1085.8,6.6352,0.49934
1899.6,1534.4,6.6011,0.4997
2028.9,1311.1,6.6164,0.49957
2701.8,1055.3,6.6363,0.49934
425.25,723.62,6.6387,0.49953
1717.7,1285,6.6162,0.49959
1702.1,1332.6,6.6132,0.49962
2249.7,1056.8,6.6321,0.49943
2330.2,1260.7,6.621,0.49951
1856.4,1569.4,6.5981,0.49973
2695.6,1173.7,6.6297,0.4994
2172.4,1573.9,6.5993,0.49969
1195.2,745.18,6.6429,0.49942
2676.5,1491.1,6.6106,0.49955
1114.7,1610,6.591,0.49983
2309.9,1042.5,6.6329,0.49942
2643.6,1446,6.613,0.49953
1599.6,1569.8,6.5966,0.49976
1448.7,1269.6,6.6151,0.49962
1673.4,1372.8,6.6104,0.49964
2565.2,822.79,6.6473,0.49928
1695.2,1278.9,6.6161,0.4996
1478.7,1179.3,6.6206,0.49958
2313.6,1265.4,6.6204,0.49951
1469.2,966.67,6.6318,0.49949
1577.1,1613.8,6.5925,0.49979
2732.6,1081.1,6.6349,0.49935
2098,600.26,6.657,0.49925
833.5,1556.2,6.5935,0.49984
1894.6,1568,6.5982,0.49972
1452.5,1120.6,6.6236,0.49955
2278.4,1124.5,6.6283,0.49946
584.75,1449.2,6.5991,0.49982
1466.2,1321.8,6.6124,0.49964
1703.5,1042.6,6.6291,0.49949
2462.2,1255.6,6.6223,0.49948
275.25,1071.2,6.6178,0.49972
1333.5,1567.9,6.5951,0.49979
537.17,1622.9,6.5863,0.49992
577.72,1102.7,6.6196,0.49966
2297.9,1237.5,6.622,0.4995
306.85,743.64,6.6359,0.49957
318.28,1305.4,6.6057,0.49981
1052.2,1564.6,6.5936,0.49982
1702.9,1056,6.6282,0.4995
1399.1,1542.5,6.5972,0.49977
2314.7,1233.2,6.6222,0.4995
1739.8,934.68,6.635,0.49944
2637.3,1495.8,6.6093,0.49956
1574.8,1560.2,6.5967,0.49976
2260.9,1216.1,6.6228,0.4995
1698.5,1345.7,6.6118,0.49963
2521.9,801.43,6.6475,0.49928
1933.9,1511.3,6.6023,0.49969
1857,1585.1,6.5963,0.49974
2278.4,905,6.6398,0.49937
1664.4,1351.9,6.6111,0.49964
1053.1,1605.7,6.5907,0.49984
2567.9,1189.1,6.6265,0.49944
1104.1,1652,6.5868,0.49987
2255.3,1247.6,6.6208,0.49952
734.79,1628,6.5865,0.4999
2360.1,1266.7,6.6202,0.49951
1481,1157.8,6.6213,0.49957
2285.6,1198.2,6.6234,0.49949
1463.3,1118.7,6.6229,0.49956
2302.8,1205.5,6.6234,0.49949
2637.8,1447.9,6.6119,0.49954
1524.9,582.57,6.6544,0.49931
1975.3,1306.3,6.6155,0.49958
2005,1178.7,6.6234,0.49952
446.43,1673.9,6.5815,0.49998
2673,1481.9,6.61,0.49955
2258.2,1232.8,6.6215,0.49951
1452.2,1434.4,6.6043,0.49971
412.44,1568.8,6.5892,0.49992
2016.8,1177,6.6231,0.49952
1869.4,1550.2,6.5989,0.49972
1831.8,1610,6.5939,0.49976
2637.8,1492,6.609,0.49957
2354.3,1294.5,6.6187,0.49952
2672.9,1483.8,6.6099,0.49955
1697,1267.5,6.6161,0.4996
1359.9,1538.6,6.5969,0.49977
2003,1289.9,6.6162,0.49957
2739.6,1035.2,6.6369,0.49933
1720.3,943.49,6.634,0.49945
2020.1,1338.2,6.6137,0.49959
2060.9,1185.8,6.6224,0.49952
2044,1236.5,6.6198,0.49954
2097.2,1598.4,6.5961,0.49972
2750.5,908.22,6.6439,0.49927
1678.9,1349.2,6.611,0.49964
1669.1,1383.8,6.6089,0.49965
2717,1139,6.6309,0.49938
2263.1,1201,6.6232,0.4995
2036.1,1310.4,6.615,0.49958
1515,991.24,6.6299,0.4995
2008.8,1262,6.6177,0.49956
2305.3,1190.1,6.624,0.49949
1571.2,1574,6.5953,0.49977
2652.7,1522,6.6063,0.49959
2029.1,1258.7,6.618,0.49956
573.51,1114.1,6.6179,0.49967
444.78,1547.6,6.5904,0.4999
2745.2,1087.1,6.6339,0.49935
2739.1,1077.6,6.6343,0.49935
2321.7,1220.4,6.622,0.4995
1565.8,1571,6.5952,0.49977
2714.5,1129.1,6.6309,0.49938
2738.4,1076.2,6.6343,0.49935
2053.1,971.52,6.6341,0.49943
441.53,1385.4,6.6014,0.49982
348.16,1133.2,6.6147,0.49973
2505.9,1075.4,6.6315,0.49941
2601.1,1546.1,6.6047,0.49961
2550.3,1067.2,6.6326,0.49939
2019.9,1195.8,6.6212,0.49953
2275.6,1424.3,6.6098,0.4996
1348.2,1537,6.5965,0.49977
2276.9,1227.8,6.6214,0.49951
2702.8,1090.4,6.633,0.49937
2703.6,1051,6.6351,0.49935
2734.6,994.01,6.6386,0.49932
2274.2,1242.6,6.6205,0.49952
2278.9,1213.7,6.6222,0.4995
1687.8,1379.4,6.6088,0.49965
1708.4,1090.4,6.6256,0.49952
1660.6,1362.2,6.6096,0.49965
2737.6,1090.5,6.6332,0.49936
2748.1,1068.3,6.6347,0.49935
2504.7,402.93,6.6732,0.49908
1740.1,922.74,6.6346,0.49945
404.87,676.07,6.6396,0.49952
2299.7,1222.8,6.6217,0.49951
1678.9,1347.6,6.6106,0.49964
2577.7,1553,6.6031,0.49962
1495,1158,6.6205,0.49958
1454.2,567.86,6.6539,0.49932
639.85,846.19,6.6319,0.49956
1090.2,1645.6,6.5864,0.49987
1924.3,1520.5,6.6005,0.4997
1735.7,1074.8,6.6262,0.49951
1994.6,1317.5,6.6137,0.49959
580.06,874.61,6.63,0.49958
2200.6,1531.7,6.601,0.49968
1712.1,968.69,6.6321,0.49947
2673.6,1483.5,6.6092,0.49956
2522,803.55,6.6464,0.49929
2318.5,1200.9,6.6229,0.49949
2279.6,1230,6.6206,0.49952
2362.3,1250.2,6.6201,0.49951
364.71,773.9,6.6334,0.49958
2563.8,1191.2,6.6251,0.49945
425.41,1618.9,6.5846,0.49995
2323.6,1167.6,6.6247,0.49948
1583.4,1554.7,6.5962,0.49976
2281.6,1195.7,6.6228,0.4995
608.97,1201.3,6.6128,0.49971
2702.7,1072.6,6.6335,0.49936
311.23,731.07,6.635,0.49958
1843.8,1576.4,6.5957,0.49975
2507,831.28,6.6445,0.49931
1984.6,1173,6.6221,0.49953
1713.4,1274.8,6.6148,0.49961
1560,1622.8,6.5903,0.49981
1952.9,1647.3,6.5902,0.49978
349.75,747.05,6.6345,0.49957
2613.6,853.01,6.6443,0.49929
2031.7,878.89,6.6384,0.4994
540.06,1609.9,6.5859,0.49993
2039.4,1254.5,6.6178,0.49956
1717.8,1282.5,6.6145,0.49961
1690.8,1369.1,6.609,0.49965
2639.8,1519.8,6.6062,0.49959
2700.6,1070.3,6.6334,0.49937
2518.7,1045.4,6.6328,0.4994
2738.9,1049.7,6.635,0.49935
1376,1572,6.5937,0.49979
437.57,1306.1,6.6053,0.49979
2739.7,1048.4,6.635,0.49935
477.38,1607.7,6.5853,0.49994
2656.2,1489.9,6.6081,0.49957
1516.2,974.75,6.6298,0.4995
2341.4,1268.6,6.6186,0.49953
1737.5,1046.6,6.6274,0.4995
2053.8,568.2,6.6573,0.49925
2320.6,1185.8,6.6234,0.49949
2333.7,1299,6.6171,0.49954
1439.6,1318.6,6.6102,0.49966
1738.7,1018.2,6.6289,0.49949
2568.2,1109.3,6.6294,0.49942
2047.8,1254.5,6.6173,0.49956
1522.1,565.59,6.654,0.49931
1879.3,1557.1,6.5967,0.49974
443.01,1140,6.6141,0.49972
584.87,1036.2,6.6212,0.49965
2348.8,900.31,6.639,0.49937
741.15,1631.3,6.5854,0.49991
359.67,746.94,6.6344,0.49957
318.67,931.65,6.6237,0.49966
2729.4,1133.1,6.6301,0.49939
1519.3,1623.8,6.5897,0.49982
1883.4,1546.2,6.5978,0.49973
2730.6,1118.8,6.6309,0.49938
1905.7,1545.3,6.5981,0.49972
2731.6,1118.1,6.6309,0.49938
1539.6,1615.7,6.5905,0.49981
2410.4,1288.1,6.6178,0.49952
1739.3,1004.9,6.6294,0.49949
1481.7,1156.3,6.6198,0.49958
2315.5,1218.5,6.6213,0.49951
2565.2,1055.1,6.6323,0.49939
2550.5,1061.9,6.6317,0.4994
2717.5,1123.9,6.6303,0.49939
1706.2,950.71,6.6321,0.49947
550.2,1462.6,6.5963,0.49984
2054.5,987.66,6.6321,0.49944
1751.1,968.07,6.6312,0.49947
2425.3,917.69,6.6385,0.49936
2475.3,1281.1,6.6188,0.49951
2059.9,957.3,6.6335,0.49943
2569.7,1140.7,6.6274,0.49943
2698.4,1109.4,6.6308,0.49939
348.26,763.31,6.6333,0.49958
589.92,1041,6.6202,0.49965
2275.9,1240.2,6.6195,0.49952
1917.8,1533,6.5986,0.49972
470.31,1435.6,6.5973,0.49985
2699.7,1094.8,6.6315,0.49938
472.3,1565.5,6.5883,0.49992
2382.9,1432.6,6.6087,0.4996
449.08,1548.3,6.5894,0.49991
2648.5,1016.1,6.6352,0.49936
2272.4,1245.1,6.6193,0.49953
301.58,743.04,6.6337,0.49959
2325.4,1188,6.6224,0.4995
556.21,822.63,6.6316,0.49957
2618.4,1518,6.6054,0.4996
1397.4,1533.1,6.5962,0.49977
1071.5,1644.3,6.586,0.49988
1163.9,1572.3,6.5914,0.49983
2748.5,1047.8,6.6347,0.49935
1501.3,960.07,6.6306,0.4995
467.66,1608.2,6.585,0.49994
2553.6,1164.6,6.6256,0.49945
2705.3,1091.7,6.6316,0.49938
1508.8,1126,6.6209,0.49957
1153.6,1565.1,6.5921,0.49982
1866.8,1565.3,6.5958,0.49974
2778.8,394.12,6.6754,0.49902
1950.9,1508.2,6.6002,0.4997
1398.1,1539.4,6.5953,0.49978
2703.9,975.48,6.6377,0.49933
2301.2,1208.1,6.6214,0.49951
1019.9,1620.8,6.5867,0.49988
452.47,1308.7,6.6046,0.49979
2272.4,759.93,6.6458,0.49932
1671.3,1371,6.6079,0.49966
574.64,1020.2,6.621,0.49965
1872.3,1581.2,6.5945,0.49975
439.56,1637.6,6.5819,0.49997
441.98,1311.5,6.6038,0.4998
446.74,988.67,6.6223,0.49965
1452.9,954.54,6.6305,0.4995
589.29,1100.7,6.617,0.49968
2276.2,1224.5,6.6202,0.49952
2695.7,1424.8,6.6125,0.49953
1087,1643.3,6.5855,0.49988
416.68,1561.7,6.5879,0.49993
752.62,1606,6.5863,0.4999
414.19,1552.3,6.5882,0.49993
2749.1,1026.7,6.6356,0.49934
504.11,809.72,6.6316,0.49957
2562.4,909.97,6.6396,0.49934
2305.6,1192,6.6219,0.4995
2502,1066.7,6.6305,0.49942
2636.8,1475.8,6.6076,0.49958
486.23,1456.1,6.5957,0.49986
2656.6,1472.3,6.6083,0.49957
299.79,1114.6,6.6135,0.49975
1746.2,929.64,6.633,0.49946
2628.9,1463.3,6.6088,0.49957
440.36,1664.6,6.5794,0.49999
2503.1,1179.3,6.6239,0.49947
1406.2,571.21,6.652,0.49934
329.62,1337.2,6.6018,0.49983
593.34,1100.7,6.6165,0.49968
1861.7,1603.2,6.5927,0.49977
2505.6,418.63,6.6698,0.49911
474.46,1611.1,6.5848,0.49995
1885.2,1588.3,6.5934,0.49976
453.37,1294.4,6.6047,0.49979
414.94,679.35,6.638,0.49954
2705,1104.3,6.6304,0.49939
1996.1,1282.8,6.6148,0.49958
1032.6,1603.2,6.5878,0.49987
349.17,1388.4,6.5986,0.49986
1692.7,1324.7,6.6101,0.49964
1862.2,1573.5,6.5944,0.49975
2311.8,991.5,6.6325,0.49942
2281,1192.4,6.6217,0.49951
1797.9,741.19,6.6435,0.49937
2421.4,871.4,6.6401,0.49935
1900.6,1571,6.5947,0.49975
2053.8,849.61,6.6389,0.49939
431.18,1605,6.5841,0.49996
2314.7,1302.6,6.6156,0.49955
517.42,813.4,6.6312,0.49958
1199.2,756.05,6.6392,0.49945
1690.7,1385,6.6069,0.49967
2300.2,1223.7,6.6198,0.49952
2295.2,1239.8,6.6191,0.49953
2350.3,1300.9,6.6156,0.49955
2623,1500.3,6.6053,0.4996
2655.3,1472.5,6.608,0.49957
348.89,762.71,6.6325,0.49959
1857.7,1573.6,6.5946,0.49975
1640.2,659.73,6.6477,0.49935
2304.2,1187.2,6.6221,0.4995
329.68,1100.9,6.6139,0.49974
2279.9,1312.5,6.6147,0.49956
1854.8,1606.8,6.5919,0.49978
2705.7,1092.6,6.6309,0.49938
789.77,1621.6,6.5848,0.49991
2749.3,1057,6.6338,0.49935
2096.7,605.29,6.6531,0.49928
432.27,1659.1,6.5801,0.49999
2732.1,1080.4,6.6318,0.49937
1737.4,1062.6,6.6252,0.49952
1441.1,1120.6,6.6205,0.49958
1461.7,971.72,6.6286,0.49951
2622.8,1508.3,6.605,0.4996
1862.7,1589.2,6.5933,0.49976
429.63,1448.4,6.5953,0.49987
838.4,1555.9,6.5906,0.49986
1945.2,1495,6.6011,0.4997
2618.2,1513.3,6.6048,0.4996
2717.5,1125.3,6.6292,0.4994
586.79,1330.2,6.6037,0.49978
2150.1,1577.8,6.5958,0.49972
1007.3,1574.1,6.5902,0.49985
2448.5,923.03,6.6372,0.49937
426.58,1553.6,6.5876,0.49993
541.38,1187.9,6.6113,0.49973
553.6,1461.9,6.5953,0.49985
433.77,1653.9,6.5799,0.49999
1809.1,739.74,6.643,0.49938
844.53,1561.8,6.5904,0.49986
2656.4,1510.2,6.6055,0.49959
1691.2,1250.6,6.615,0.49961
447.04,1619.6,6.583,0.49996
2255.9,1214.4,6.6198,0.49952
1629.2,583.28,6.6521,0.49932
425.7,1627.3,6.5819,0.49997
2040.4,1282,6.6142,0.49959
1498.7,1128.6,6.6201,0.49958
1049.3,585.47,6.6483,0.49939
1549.6,1584.3,6.5917,0.4998
2714.8,1141.5,6.6282,0.4994
1871.9,1555.4,6.5957,0.49974
1815.8,1599.1,6.592,0.49978
2211.3,1501.8,6.6017,0.49967
1993.4,1255.1,6.6161,0.49958
431.38,1448.1,6.5952,0.49987
2033.2,858.32,6.6378,0.4994
474.78,1575.2,6.5862,0.49993
1739.8,1084.9,6.6238,0.49953
1507.5,978.48,6.6282,0.49951
2707.3,1025.9,6.6342,0.49936
785.79,1624.5,6.5846,0.49991
1831.7,1582.4,6.5933,0.49977
2019.9,1303.3,6.6133,0.4996
422.11,1661.6,6.5794,0.5
1537.1,1599.2,6.5904,0.49981
1704.4,1344.3,6.6085,0.49966
456.05,1312,6.6032,0.4998
2502.9,881.74,6.6394,0.49935
405.91,552.61,6.6454,0.49948
1858.2,1605.1,6.5916,0.49978
2731.8,1114,6.6298,0.49939
2505.8,1154.1,6.6246,0.49946
1120.9,1600.8,6.5884,0.49985
1182.9,777.22,6.6372,0.49947
2318.1,1187.5,6.6215,0.4995
2716.3,1120.3,6.6292,0.4994
1562.6,1584.1,6.5916,0.4998
1930.3,1508.4,6.599,0.49971
1679.2,1371.1,6.6066,0.49967
1822.3,1602.9,6.5918,0.49978
2619.8,1509.8,6.6046,0.4996
2706,1065.9,6.6319,0.49938
1914.6,1552.2,6.5956,0.49974
2298.8,1218.5,6.6197,0.49952
448.62,1532.6,6.589,0.49992
1707.5,965.64,6.6298,0.49949
2737.9,1087.9,6.631,0.49938
575.07,1402.4,6.5989,0.49982
375.66,1440.2,6.5949,0.49988
1896.8,1553.1,6.5955,0.49974
428.04,1653.2,6.5795,0.49999
1823.3,1590.8,6.5924,0.49977
1897.8,1520,6.5982,0.49972
2513.3,585.71,6.6569,0.49921
1925.4,1528.9,6.5976,0.49972
1515.6,570.42,6.6516,0.49933
1810.5,729.06,6.6432,0.49938
423.08,1564.8,6.5863,0.49994
442.92,1645.1,6.5802,0.49999
2514.2,783.73,6.6451,0.4993
343.77,1283.3,6.6036,0.49982
2489.3,1211.9,6.6219,0.49949
2685.2,1432.3,6.6103,0.49955
2597.7,837.3,6.643,0.49931
443.38,1653.5,6.5794,0.49999
492.92,806.55,6.6305,0.49958
423.64,1571.3,6.5858,0.49994
2647.8,931.65,6.6383,0.49934
2712.1,1089.2,6.6304,0.49939
330.55,757.99,6.6318,0.4996
2572.2,891.25,6.6395,0.49934
1702.8,1337.7,6.6089,0.49965
1880.8,1570.8,6.5939,0.49976
618.95,1466.4,6.5949,0.49985
391.82,1604.2,6.5834,0.49997
1892.4,1553,6.5955,0.49974
472.94,1370.4,6.5993,0.49983
2606.5,1530.4,6.6025,0.49962
620.18,1467.4,6.5947,0.49985
2016.2,920.84,6.6337,0.49944
1678.8,1281.7,6.6119,0.49963
1981.3,1310.6,6.6122,0.49961
2728.2,1130.1,6.6283,0.4994
2507.6,867.99,6.6397,0.49934
1832,1597.4,6.5917,0.49978
1889.3,1565.8,6.5947,0.49975
469.71,1316.1,6.6024,0.49981
483.38,1653.2,6.5795,0.49999
431.31,1299.9,6.6036,0.4998
2704,1104.7,6.6293,0.4994
1813.9,1609.2,6.5903,0.49979
1710.6,1320.7,6.6095,0.49965
2713.2,1087.6,6.6304,0.49939
2750.7,1067.7,6.632,0.49937
2714.2,1062.3,6.6317,0.49938
2705.9,961.02,6.6371,0.49934
2713.9,1049.3,6.6324,0.49937
2674.3,1457.5,6.6088,0.49956
1878,1544.6,6.5959,0.49974
1739.8,1034.7,6.6258,0.49952
2014,1312.1,6.6117,0.49961
414.54,1560.1,6.5866,0.49994
2469.5,1267.5,6.6175,0.49952
2286.9,1151.9,6.6228,0.4995
2057.7,796.16,6.6404,0.49938
1720.5,1288.5,6.6114,0.49963
2742.4,1112.6,6.6292,0.49939
327.28,1431,6.5946,0.49989
2016.7,953.66,6.6317,0.49945
2672.4,740.42,6.6488,0.49925
390.68,1572.7,6.5854,0.49995
2576,917.73,6.6377,0.49935
2510.5,1109.7,6.6268,0.49944
2304,1276.4,6.6158,0.49955
2526.2,1046.1,6.63,0.49942
2589.4,893.93,6.6392,0.49934
2672.3,1465.6,6.6071,0.49958
2523.1,1053.3,6.6301,0.49942
541.73,837,6.6292,0.49959
1723.2,960.97,6.6296,0.49949
343.28,1266.3,6.6039,0.49982
2444.3,931.18,6.6355,0.49938
2713.3,1060.7,6.6315,0.49938
1388.2,1453.6,6.5997,0.49975
2699.6,1110.5,6.6288,0.4994
396.9,1581.3,6.5847,0.49996
1566.7,1596.5,6.59,0.49981
2649.2,987.72,6.6348,0.49936
392.87,1603.2,6.583,0.49997
580.51,1067.5,6.6169,0.49968
466.74,1653.4,6.5794,0.49999
674.75,990.45,6.6219,0.49963
1549.5,1597.6,6.5897,0.49981
1549.2,1598.2,6.5897,0.49981
477.63,1569.2,6.5861,0.49993
590.79,1043.2,6.6183,0.49967
1906.3,1545.2,6.5959,0.49974
1610.5,1549.2,6.594,0.49978
471.98,1605.7,6.5834,0.49996
2053.6,1166.3,6.6201,0.49954
355.74,1289.4,6.6025,0.49982
2680.8,1454.4,6.6085,0.49956
717.59,1654,6.5804,0.49995
1749.5,747.94,6.6419,0.49939
2712,1101.6,6.6291,0.4994
2655,1492.7,6.6051,0.49959
2614.1,1476.2,6.6058,0.4996
2539.8,924.92,6.6368,0.49936
1356.4,1529,6.5942,0.49979
1491.8,1274.5,6.6104,0.49966
1494.9,977.06,6.6272,0.49952
2204.9,1349.3,6.6101,0.4996
1523.1,1612.3,6.5882,0.49983
461.66,1632.6,6.5812,0.49998
362.77,1390.3,6.597,0.49987
2016.6,939.07,6.6321,0.49945
1051.5,609.93,6.6458,0.49941
1681.3,1270.3,6.6119,0.49963
336.34,1412.4,6.5954,0.49988
2656.5,1491.4,6.6052,0.49959
441.39,1429.3,6.5953,0.49987
2689.6,1427.2,6.6101,0.49955
1923.9,1521.9,6.5976,0.49973
1761.9,1477.6,6.5999,0.49972
353.1,1342.1,6.6001,0.49984
434.05,1136.4,6.6119,0.49974
1579.2,1580.8,6.591,0.4998
461.99,1386.4,6.5981,0.49984
1606.4,1554.3,6.593,0.49978
2694.7,1146.2,6.6263,0.49942
353.41,1279.3,6.6034,0.49982
477.72,1630.2,6.5814,0.49997
719.01,1653.9,6.5803,0.49995
1998.3,1181.2,6.6188,0.49955
2610.3,1520.6,6.6026,0.49962
2706.7,1152.1,6.6267,0.49942
2488.3,1163.4,6.623,0.49948
2564.4,921.47,6.6369,0.49936
1878.4,1520.3,6.5971,0.49973
1724.1,932.85,6.6306,0.49948
2312.6,692.07,6.6477,0.4993
2312.3,1219.2,6.6186,0.49953
1844.9,1581.4,6.5924,0.49977
2583.4,810.78,6.6429,0.49931
2277.9,853.87,6.6383,0.49938
2752.1,1026.8,6.6335,0.49936
585.71,1174.1,6.6107,0.49973
590.75,1034.1,6.6185,0.49967
2636.8,283.19,6.6819,0.499
468.01,1651.3,6.5792,0.49999
2711.3,1099.9,6.6289,0.4994
1091.8,1643.2,6.5829,0.4999
1554.7,1590.6,6.5899,0.49981
2278.9,888.22,6.6364,0.49939
2044,1080.8,6.6241,0.49951
450.71,1366.3,6.5986,0.49984
425.21,1557.9,6.5859,0.49994
2586.1,1544.8,6.6004,0.49964
1723.9,933.81,6.6305,0.49948
1708.5,1558.8,6.5934,0.49977
2276.4,785.29,6.6421,0.49935
2746.5,1086.8,6.6302,0.49938
1347.9,1532.2,6.5933,0.4998
1562.2,1589.3,6.5897,0.49981
1715.2,1262.8,6.6123,0.49962
1696.6,1360.4,6.6066,0.49967
481.71,1604.4,6.5832,0.49996
2523.2,1050.3,6.6292,0.49942
2671.1,738.38,6.6482,0.49926
2608.3,1484.8,6.6048,0.4996
2285.3,1280.9,6.6148,0.49956
478.18,1627.6,6.5814,0.49997
2610.3,1518.9,6.6025,0.49962
414.35,973.42,6.6202,0.49968
459.25,1314.8,6.6017,0.49981
2578.1,1541.5,6.6007,0.49964
2707.4,1052.1,6.6313,0.49938
2706.9,1050.6,6.6314,0.49938
2646.6,1209.3,6.6223,0.49946
631.93,845.58,6.6284,0.49958
2479.6,1252.2,6.618,0.49952
1902.2,1508.9,6.5978,0.49973
344.91,1268.6,6.6032,0.49982
1686.2,1346.7,6.6068,0.49967
787.49,1626.2,6.583,0.49992
2529.8,1051.4,6.6298,0.49942
1864.9,1549.3,6.595,0.49975
1863.8,1604.9,6.59,0.49979
1578.6,1581,6.5906,0.4998
2750.4,681.22,6.6524,0.49921
2639.7,1516.4,6.6028,0.49962
1589.1,1544.6,6.5934,0.49978
469.2,1311,6.6022,0.49981
2578.8,1532.1,6.601,0.49964
1715.5,1294.1,6.6102,0.49964
1906.4,1508.8,6.5973,0.49973
451.53,1614.6,6.582,0.49997
1015.3,1617.3,6.5849,0.49989
1012.4,1566.2,6.5889,0.49986
2251.4,1248.5,6.6162,0.49955
2741.3,1122.6,6.6278,0.4994
1159.3,1570.1,6.5892,0.49984
2536.3,822.95,6.6417,0.49932
2703,1001.9,6.6338,0.49936
459.82,1545,6.5868,0.49993
2017.3,907.64,6.6333,0.49944
2567.1,1110.4,6.6261,0.49944
1596.7,1566.7,6.5919,0.49979
2539.9,926.64,6.6361,0.49937
584.25,875.32,6.6262,0.49961
2568.4,799.93,6.6433,0.49931
2445.9,892.2,6.6371,0.49937
825.3,741.17,6.6358,0.49951
2537.8,823.81,6.6416,0.49932
1697,1366.8,6.6055,0.49968
2565.5,1164.4,6.6231,0.49947
2279.3,875.14,6.6367,0.49939
1440.6,1458,6.5982,0.49975
2059.2,798.26,6.6393,0.49939
1671.8,1250.7,6.6124,0.49963
2226.7,1475.7,6.6014,0.49967
2261.7,1196,6.6191,0.49953
534.88,818.87,6.6288,0.49959
1841.1,1587.2,6.5909,0.49978
1487.1,1126.9,6.6183,0.49959
1730.9,1068.3,6.6224,0.49954
2468.7,937.07,6.6347,0.49939
2056.1,873.01,6.6353,0.49942
2603.6,1520.2,6.6015,0.49963
366.82,807.17,6.6282,0.49962
2625.5,1538.1,6.6008,0.49963
445.91,1544.2,6.5868,0.49993
2715.2,1046.9,6.6313,0.49938
444.17,1302.5,6.6022,0.49981
2438.9,959.26,6.6334,0.4994
2533.8,1072.6,6.6281,0.49943
2520.1,1079.3,6.6271,0.49944
344.89,1386.6,6.5963,0.49987
2039,1171,6.6188,0.49955
2268.9,1229.2,6.617,0.49955
489.25,1582.4,6.584,0.49995
479.99,1652.1,6.5784,0.5
2541.1,835.06,6.641,0.49933
2606.2,811.53,6.6424,0.49931
2034.3,1264.5,6.6134,0.49959
2677.2,1338.7,6.6144,0.49952
335.56,1277.4,6.6025,0.49983
412.6,968.86,6.6197,0.49968
1732.6,1040.6,6.6237,0.49953
2255.5,1228.3,6.617,0.49955
1879.8,1493.9,6.5982,0.49972
1600.9,1535.8,6.5933,0.49978
2277.3,819.89,6.6395,0.49937
1574.5,1545.1,6.5929,0.49979
721.04,825.96,6.63,0.49956
464.5,1655.2,6.5779,0.5
1751.9,918.52,6.6305,0.49948
2124.6,1531.8,6.5969,0.49971
1937.2,1505.6,6.5976,0.49972
2030.2,1281.4,6.6124,0.4996
2666,1465.4,6.6061,0.49958
604.55,838.32,6.6281,0.49959
604.07,1331.9,6.6015,0.4998
2583.4,1522.9,6.6012,0.49964
2258.3,701.59,6.6462,0.49932
2697.1,1158,6.6252,0.49943
343.31,763.29,6.6301,0.49961
2471,1252.7,6.6168,0.49953
2573.2,889.15,6.638,0.49935
2693.8,1143.7,6.6255,0.49943
2274.3,1218.2,6.6178,0.49954
429.48,1019.4,6.6172,0.4997
337.79,1283.4,6.6016,0.49983
1881,1575.1,6.5921,0.49977
448.81,1313.9,6.6012,0.49982
2487.3,1111.2,6.6248,0.49946
1616.4,1650.6,6.5846,0.49985
435.45,1303.7,6.6018,0.49982
2572.7,896.7,6.6376,0.49935
475.18,1342.3,6.5995,0.49983
1789,650.93,6.6459,0.49936
593.5,1317.5,6.6018,0.4998
1856.9,707.91,6.6434,0.49937
1971.4,1334.5,6.6091,0.49963
536.65,901.92,6.6239,0.49963
958.74,1536.2,6.5903,0.49985
2716.1,1020.9,6.6324,0.49937
2695.2,1132.5,6.6261,0.49942
449.83,1325.1,6.6005,0.49983
2665.1,1203.3,6.6218,0.49946
770.57,1598.1,6.5842,0.49992
2452.3,937.95,6.6341,0.49939
1836.3,1586.9,6.5909,0.49978
2652.2,1020.1,6.6313,0.49939
2309.3,1144.8,6.6218,0.4995
2636.2,1421.4,6.6085,0.49957
2018.6,937.7,6.6311,0.49946
1735.5,1519.4,6.595,0.49976
359.6,772.03,6.6296,0.49961
2093.7,1568.8,6.5938,0.49974
2117.6,1542.2,6.596,0.49972
568.9,1442.9,6.5943,0.49986
1721.2,703.71,6.6422,0.49939
2103.1,620.62,6.6496,0.4993
2623.2,1492.9,6.6036,0.49961
2274.5,1197.4,6.6185,0.49953
1587.8,1544.5,6.5927,0.49979
1751.5,976.8,6.6272,0.49951
1593,1536.6,6.5933,0.49978
2632.9,1501,6.6031,0.49961
549.78,823.06,6.6281,0.4996
2127.5,1529.6,6.5969,0.49972
2741.7,1123.6,6.6271,0.49941
1705.5,1266.6,6.6107,0.49964
2599.1,306.65,6.678,0.49903
2597,880.59,6.6388,0.49934
2607.7,1519.4,6.6014,0.49963
2161.4,1554.7,6.5951,0.49973
2017.2,850.06,6.6357,0.49942
571.73,845.91,6.6274,0.4996
959.18,1534.3,6.5903,0.49985
1969.8,1312.2,6.61,0.49962
1011.9,1607.3,6.5849,0.49989
1482,1321.7,6.6063,0.49969
443.65,1023.9,6.6168,0.4997
2735.5,1112.9,6.6275,0.49941
2519.4,1070.2,6.627,0.49944
2025,1274.1,6.6126,0.4996
1462.3,1174.5,6.6146,0.49962
1055.7,1544.8,6.5895,0.49985
2652.1,1502.2,6.6033,0.49961
2019.2,906.1,6.6326,0.49944
2309.8,1152.5,6.6211,0.49951
1758.2,1449.6,6.6004,0.49972
465.32,1636,6.5796,0.49999
344.03,1362.3,6.5972,0.49987
365.25,780.44,6.6286,0.49962
2620.3,870.53,6.6388,0.49934
1144.1,1569.7,6.5883,0.49985
1553.8,1615.1,6.5869,0.49984
583.05,1043,6.6167,0.49968
2043.8,1385.3,6.6058,0.49965
311.23,767.12,6.6295,0.49962
2027.1,1291.8,6.6112,0.49961
2640.4,1410.1,6.609,0.49957
2591,1541.8,6.5994,0.49965
2150.6,1565.3,6.5941,0.49974
1802.8,730.9,6.6411,0.49939
1473.7,428.18,6.6597,0.49927
1882.2,1525,6.5957,0.49974
1079.5,1638.7,6.5828,0.4999
1724.2,1261.4,6.611,0.49963
2592,1507,6.602,0.49963
2597.4,1498.2,6.6026,0.49962
443.19,990.92,6.6181,0.49969
1498.7,1307.1,6.6071,0.49968
2606,1481.4,6.6038,0.49961
2010.9,1305.3,6.6105,0.49962
468.85,1563.8,6.5849,0.49994
2057.8,977.42,6.6289,0.49947
2114.3,1539.1,6.5957,0.49973
2272.3,1208.5,6.6175,0.49954
348.11,1280.7,6.6018,0.49983
2658.4,1406.3,6.609,0.49956
1605.7,1541.7,6.5926,0.49979
1723,983.62,6.6262,0.49952
1443.5,1428,6.5996,0.49974
291.17,1052.9,6.613,0.49975
424.63,1569.7,6.5838,0.49996
2207.1,1496.8,6.5994,0.49969
2120,1532.1,6.5962,0.49972
458.99,984.57,6.6186,0.49968
2650.4,1180.9,6.6222,0.49946
2281.3,873.25,6.6359,0.4994
444.97,1618.2,6.581,0.49998
1720.2,1017.2,6.6243,0.49953
348.46,1277.5,6.602,0.49983
470.4,1549.2,6.5859,0.49994
2706.7,1163.1,6.6241,0.49944
1498.2,1112.7,6.6186,0.49959
2622.8,1515.5,6.6015,0.49963
1711.1,938.46,6.6288,0.4995
1539.9,1589.4,6.5885,0.49982
2279.4,841.25,6.6375,0.49938
1573.7,1572,6.5897,0.49981
1882.8,1508.8,6.5964,0.49974
2635.1,1419.1,6.6081,0.49957
1989.1,1263.1,6.6121,0.49961
2736,1113.7,6.627,0.49941
1875.7,1565.8,6.5922,0.49977
1681.6,1254.8,6.6116,0.49963
1665,1364.1,6.6049,0.49969
455.28,1406.7,6.5952,0.49987
1745.5,1054.3,6.6227,0.49954
1717.5,1073.1,6.6211,0.49956
2194.9,1512.3,6.598,0.4997
2692.6,1410.8,6.6095,0.49956
2044.4,1167.3,6.6178,0.49956
2541.2,1136.7,6.6233,0.49947
2562.8,1107.1,6.6251,0.49945
1965.2,1496.9,6.5976,0.49972
2448.4,1282,6.6144,0.49955
2401.2,412.39,6.6664,0.49915
445.69,1361.4,6.5981,0.49985
2635.9,1431,6.6076,0.49958
1862.6,1591,6.59,0.49979
608.27,1404.3,6.5964,0.49984
1452.5,972.11,6.6254,0.49954
620.81,842.69,6.6271,0.4996
2666,1203.4,6.6212,0.49947
1373.7,594.15,6.6471,0.49938
2172,1545.1,6.595,0.49973
2114.5,1545,6.5952,0.49973
2017.1,819.44,6.6369,0.49941
1372.8,1542.9,6.5907,0.49982
429.27,1636.1,6.5786,0.5
452.66,1337.3,6.5988,0.49984
2599.6,1527.3,6.6003,0.49964
1753.5,1005.7,6.6248,0.49952
492.3,1580.1,6.5831,0.49996
2294.3,1304.3,6.6119,0.49958
1451.9,1106.1,6.6184,0.4996
551.1,1585.5,6.5834,0.49995
1672.5,1340.9,6.6061,0.49968
609.06,1424.5,6.595,0.49985
442.71,1382.1,6.5964,0.49986
2468.3,1265.9,6.6155,0.49954
2017.8,836.44,6.6358,0.49942
1547.7,1601.6,6.587,0.49984
2632.1,1461.5,6.6056,0.4996
365.53,807.54,6.6271,0.49963
2027.8,1005.6,6.6263,0.49949
2564.8,1096.7,6.6258,0.49945
2631.3,1498.2,6.6025,0.49962
1914.3,1516.6,6.5958,0.49974
2571.5,900.47,6.6365,0.49936
418.84,1680.2,6.5748,0.50003
2096.8,1563.8,6.5935,0.49974
2527.1,664.05,6.6495,0.49926
1735.2,1012.6,6.6241,0.49953
584.79,1383.3,6.5968,0.49984
477.4,1567.2,6.5842,0.49995
582.4,1421.3,6.5949,0.49985
1984.5,1452.8,6.6004,0.4997
1778.3,716.22,6.6409,0.4994
427.63,1627.1,6.5795,0.49999
2030.5,870.34,6.6336,0.49944
2315.5,1086.1,6.6237,0.49949
601.7,854.51,6.6263,0.4996
1142.5,1569.6,6.5878,0.49986
2296.9,778,6.6409,0.49936
2064.7,978.19,6.6284,0.49947
1458.7,1302.1,6.6065,0.49969
2594.7,1498,6.6019,0.49963
2620.9,1493.7,6.6025,0.49962
1569.8,1587.1,6.5884,0.49982
584.14,1041.1,6.6162,0.49969
2105.1,1549.8,6.5943,0.49974
1658.3,1395.4,6.6019,0.49971
1716.6,1103.2,6.6191,0.49957
2311.7,1149,6.6204,0.49952
1461.5,1286,6.6074,0.49968
2094,607.52,6.6497,0.4993
1930.1,1511.5,6.596,0.49974
2256.3,1268.9,6.6139,0.49957
1756.5,939.95,6.6281,0.4995
2083.9,999.57,6.627,0.49948
2059.1,983.16,6.6279,0.49948
1287.2,728.01,6.6378,0.49946
1768.3,1641.5,6.585,0.49984
1974.7,1316.5,6.6084,0.49964
2637.7,1410.4,6.6081,0.49957
1747.9,1026.3,6.6238,0.49953
1720.2,1061.7,6.6217,0.49955
2507.7,674.58,6.6485,0.49927
461.96,1326.3,6.5994,0.49983
2270.4,1251.7,6.614,0.49957
2680.9,260.74,6.6829,0.49898
2470,859.86,6.637,0.49937
1453.5,1155.2,6.6147,0.49962
2710.5,1163.6,6.6233,0.49944
2672.4,1428.2,6.6074,0.49957
475.83,1318,6.6,0.49983
2636.2,1489,6.6028,0.49962
461.23,1315.2,6.6,0.49983
2166.6,1544.4,6.5949,0.49973
2735.8,908.9,6.6371,0.49933
447.64,1054,6.6142,0.49972
1578.6,1536,6.5922,0.49979
428.15,1624,6.5795,0.49999
1867.9,1583.9,6.59,0.49979
1884.6,1566.7,6.5915,0.49978
2697.9,1165.6,6.6231,0.49945
597.18,1402.2,6.5959,0.49984
2523.3,811.65,6.6402,0.49934
1711.8,717.54,6.6405,0.4994
2705.2,1163.3,6.6232,0.49944
2098.1,1559.6,6.5934,0.49975
594.84,883.12,6.6241,0.49962
2714.3,238.52,6.6859,0.49895
2731.9,1319.3,6.6149,0.49951
456.72,1378.4,6.5962,0.49986
1678.7,1324.4,6.6061,0.49968
585.06,1030.9,6.6164,0.49968
2386.3,1029.3,6.6274,0.49945
290.83,740.46,6.6293,0.49963
2095.2,1556.9,6.5934,0.49975
2258.8,1230.6,6.615,0.49956
2621.7,1477.9,6.6034,0.49961
2316,1109.1,6.6224,0.4995
2083.6,1569.3,6.5923,0.49975
1748,1496.6,6.5954,0.49976
2574.3,1527.1,6.5993,0.49965
433.34,1600.6,6.5807,0.49998
1566.2,1571.2,6.5894,0.49982
1717.3,1061.8,6.6215,0.49955
2567,929.6,6.6343,0.49938
2264.9,1199.8,6.6167,0.49955
597.74,1332.6,6.5997,0.49981
2183.7,1523.9,6.5964,0.49971
453.21,1140.8,6.6095,0.49975
1677.5,1339.7,6.6056,0.49968
1443.3,1429.3,6.5987,0.49975
1887.2,1495.6,6.5971,0.49973
2079.9,1577.6,6.5917,0.49976
2175.9,1533,6.5956,0.49972
1830.6,725.57,6.6402,0.4994
2729.5,857.66,6.6397,0.49931
2298.3,1042.8,6.6258,0.49947
1871.7,1465.2,6.5985,0.49972
2534.8,894.78,6.6358,0.49937
463.23,1303.2,6.6006,0.49982
1871.3,830.23,6.6345,0.49944
1499,571.96,6.6481,0.49936
2307.8,1591.4,6.5918,0.49974
2019.6,834.49,6.6353,0.49942
2602.6,877.73,6.6375,0.49935
2020,1350.6,6.6066,0.49965
346.31,1342,6.5968,0.49987
2690,1397.5,6.6092,0.49956
1860.3,1590.5,6.5892,0.4998
2282.2,1124.3,6.6208,0.49951
2271.7,1142.8,6.6202,0.49952
1394.1,1532.8,6.5908,0.49982
1824.4,1529.1,6.5936,0.49976
1565.1,1571.8,6.5891,0.49982
330.15,1270.7,6.6012,0.49984
2631.5,1502.7,6.6018,0.49963
902.06,1709.3,6.5739,0.49999
2440.3,872.34,6.6357,0.49938
1402.6,1451.7,6.5965,0.49977
2722.1,1382.6,6.6106,0.49954
2012,1429.7,6.6015,0.49969
1856.2,704.79,6.6418,0.49938
2587.7,914.57,6.6351,0.49937
1720.1,1045.1,6.6217,0.49955
2193.1,1511.7,6.5972,0.49971
2509.9,420.49,6.6656,0.49914
2751.4,1039.4,6.6303,0.49938
2302.6,1200.1,6.6171,0.49954
860.36,1538.5,6.5877,0.49988
479.51,1387.3,6.5956,0.49986
2690.3,1334.3,6.6128,0.49953
431.66,1649.1,6.5765,0.50002
2744.5,1125,6.6257,0.49942
1457.5,575.45,6.6474,0.49937
1574.7,1521.5,6.5928,0.49979
1905.7,1495.4,6.5964,0.49974
645.95,867.24,6.6253,0.49961
1720.9,1033.8,6.6227,0.49954
2734.8,1123.5,6.6254,0.49942
326.84,1099,6.6101,0.49977
464.04,1295.9,6.6004,0.49982
2281.8,839.28,6.6366,0.49939
1672.4,1347.1,6.6043,0.49969
2076.6,1574.7,6.5915,0.49976
1733.9,724.42,6.6398,0.49941
2695.4,1145.8,6.6237,0.49944
1689.8,1569.3,6.5898,0.4998
1523.4,1162.8,6.614,0.49963
2518.8,1143.7,6.6216,0.49948
2571.6,1046.9,6.6274,0.49943
367.35,1346.8,6.5965,0.49987
1152.1,639.64,6.6414,0.49944
475.8,1315.3,6.5996,0.49983
2693.2,704.01,6.6479,0.49925
2510.8,399.07,6.6669,0.49913
2100.6,1549.6,6.5935,0.49974
365.18,1318.1,6.5982,0.49986
2317.9,742.27,6.6423,0.49934
2620.4,1475.7,6.603,0.49962
2303.8,1057.2,6.6247,0.49948
1080.3,1606,6.5834,0.4999
1590.1,1568.3,6.589,0.49982
2289.4,1133.5,6.6204,0.49952
613.33,1335.9,6.5989,0.49982
1823.4,730.97,6.6396,0.4994
1471,1313,6.6059,0.49969
2539.2,1058,6.6262,0.49945
1551.5,1572.1,6.5887,0.49982
484.98,1641,6.5774,0.5
430.69,1622.6,6.5785,0.5
2735,935.66,6.6354,0.49935
2138.6,1572.6,6.592,0.49975
2630.2,1499.2,6.6015,0.49963
614.64,1386,6.5959,0.49984
2727.9,797.9,6.6425,0.49929
1555.8,1600.6,6.5864,0.49984
2749.4,1079.4,6.6278,0.4994
2598.4,824.61,6.6396,0.49933
451.3,1555,6.5841,0.49996
2297,752.38,6.6415,0.49935
2280.6,787.21,6.6393,0.49937
2148.8,1431,6.602,0.49967
2316,1285.8,6.6116,0.49958
2743.2,1123,6.6254,0.49942
479.7,1568.9,6.5833,0.49996
2559.5,855.3,6.6377,0.49935
946.16,658.56,6.6391,0.49947
2107.7,1546.4,6.5937,0.49974
1753,946.81,6.6268,0.49951
2135.8,765.93,6.6395,0.49938
2037,1093.3,6.6208,0.49954
600.52,1060.1,6.6143,0.4997
2492.6,719.79,6.6447,0.49931
2675.9,1398.4,6.6086,0.49956
1526.2,1601.8,6.5861,0.49984
2704.2,1311,6.6142,0.49952
435.45,1048.9,6.6136,0.49972
493.63,1438.2,6.5918,0.49989
613.93,1438.1,6.5929,0.49986
613.13,1398.2,6.5954,0.49984
554.05,1608,6.5807,0.49997
2691.3,1425.1,6.6067,0.49958
1977.2,1471.6,6.5981,0.49972
1631,1648.7,6.5824,0.49987
2411.6,1251.3,6.6145,0.49955
2097.2,1503.3,6.5966,0.49972
1480.4,1157.4,6.6138,0.49963
2060.5,849.04,6.6343,0.49943
1329.9,599.17,6.645,0.4994
552.79,1610.1,6.5806,0.49997
2605.7,1499.8,6.6009,0.49963
2602.8,994.77,6.6305,0.4994
1877.3,1491.4,6.5962,0.49974
2640,1405,6.6077,0.49958
570.68,1350.6,6.5981,0.49983
566.48,823.1,6.6265,0.49961
2546.3,838.73,6.6385,0.49935
2609.7,1493.2,6.6014,0.49963
471.32,1565.5,6.5833,0.49996
2686.7,1404,6.6082,0.49957
2295.4,1122.8,6.6205,0.49952
2154,1460,6.6,0.49969
1833.5,1438.9,6.5996,0.49972
2623.7,1468.2,6.6032,0.49961
1403.8,1555.3,6.5887,0.49983
436.08,776.03,6.6283,0.49961
1539.1,1601.1,6.5861,0.49984
612.61,1426.4,6.5936,0.49986
2642.1,1432.7,6.6058,0.49959
2786.7,1178.4,6.6231,0.49943
2097.6,620.1,6.6479,0.49932
2442.9,864.47,6.6355,0.49938
466.14,1147.7,6.6084,0.49976
1611.3,580.94,6.6478,0.49936
2381.9,1115.3,6.6219,0.4995
2150.8,1490.5,6.5978,0.49971
438.07,1640.2,6.5768,0.50001
465.75,1143.8,6.6087,0.49976
484.51,1601.7,6.5802,0.49998
2312.5,1240.8,6.6139,0.49957
535.52,835.37,6.6257,0.49962
1666.7,1218.7,6.6117,0.49963
1561.8,1598.4,6.5861,0.49984
1576.8,1583.6,6.5874,0.49983
256.51,594.19,6.6367,0.49958
1582,1569.8,6.5887,0.49982
1191,691.76,6.6385,0.49946
592.77,1034.1,6.6159,0.49969
1866.7,1578.2,6.5898,0.49979
2039,916.18,6.6303,0.49946
585.42,1345.2,6.5982,0.49983
470.17,1366.8,6.5959,0.49986
1976.6,1283.2,6.6098,0.49963
2227.3,1457.7,6.6005,0.49968
2573.2,1528.1,6.5985,0.49966
2611.4,1491.8,6.6014,0.49963
368.64,1348.9,6.5963,0.49987
1718.9,1536.8,6.5916,0.49979
2624.4,1516.8,6.5998,0.49964
2569.6,1540.4,6.5975,0.49967
1665.7,1369.1,6.6024,0.49971
1420.5,1438.5,6.5968,0.49977
1367.2,1551.8,6.5886,0.49984
2030.3,939.25,6.6285,0.49948
479.28,1328.7,6.5984,0.49984
2742.3,1145.5,6.6234,0.49944
2550.5,1069.6,6.6254,0.49945
1853.4,1549.7,6.5913,0.49978
371.65,1383.2,6.5943,0.49989
2745.2,1103.3,6.6262,0.49941
1831,1579.5,6.5894,0.4998
1388.2,1542.9,6.5894,0.49983
719.16,1641.3,6.579,0.49996
439.25,1657.3,6.5753,0.50003
614.4,1428.4,6.5933,0.49986
2429.2,996.12,6.6282,0.49944
653.12,1665.8,6.5766,0.49999
358.83,1363.6,6.5954,0.49988
2563.1,330.11,6.6732,0.49908
2299.5,1289.9,6.6109,0.49959
2025.3,1333.6,6.6065,0.49965
2356.5,1213.7,6.6163,0.49954
2197,1350,6.607,0.49963
2657.1,1411.9,6.6072,0.49958
1459,1442.8,6.5966,0.49977
1521.3,1616.6,6.5843,0.49986
1856.4,1580.7,6.5889,0.4998
349.25,747.26,6.6283,0.49962
474.67,1669.6,6.5747,0.50003
439.78,1616.8,6.5791,0.5
2581.2,1516.4,6.5993,0.49965
2097.5,606.12,6.6486,0.49931
2704.5,1052.5,6.6279,0.49941
2698.1,1124.8,6.6243,0.49944
1720.2,1535.8,6.5915,0.49979
486.31,1648.8,6.5767,0.50001
511.29,830.32,6.6256,0.49962
409.7,1567.1,6.5821,0.49998
1766,713.58,6.6396,0.49941
449.75,1579.7,6.5818,0.49997
478.37,1330.9,6.5981,0.49984
2259.9,1095.6,6.6218,0.49951
1479.3,1287.5,6.6061,0.49969
1807.3,1548.6,6.5913,0.49978
593.36,1029.5,6.6159,0.49969
2587.6,1003.5,6.6295,0.49941
2632.4,1466,6.6032,0.49961
400.72,911.1,6.6202,0.49968
2708.5,1124.1,6.6243,0.49944
2600.6,872.94,6.6366,0.49936
1746.7,709.65,6.6396,0.49941
2445.8,921.31,6.6323,0.49941
2506.1,816.74,6.6386,0.49935
1447.6,1404,6.5996,0.49974
585.57,1030.7,6.6152,0.49969
1638.4,1623.7,6.5841,0.49985
2701.6,1125.4,6.6241,0.49944
2372.7,1424.3,6.6035,0.49964
2029.7,970.52,6.6266,0.49949
758.41,1642.1,6.579,0.49996
2280.6,807.56,6.6375,0.49938
601.93,1384.5,6.5955,0.49985
1193.1,762.44,6.6335,0.4995
445.89,1540.4,6.5841,0.49995
2700.9,1137.7,6.6234,0.49944
540.73,900.76,6.6216,0.49965
2499,868.13,6.6355,0.49938
2146.1,1502.8,6.5963,0.49972
2682,887.76,6.6366,0.49934
1689.3,1573.2,6.5883,0.49982
426.34,1598.5,6.5801,0.49999
1457.8,1414.6,6.5982,0.49975
424.27,1016.1,6.6147,0.49972
2610.8,1466.9,6.6029,0.49962
560.83,1596.5,6.5811,0.49996
587.53,1357.3,6.597,0.49984
478.81,1561.4,6.5829,0.49996
2068.5,853.95,6.6333,0.49944
2539.2,1159.3,6.6201,0.49949
1300.5,714.15,6.6369,0.49946
2260.3,1209.9,6.6153,0.49956
1442.6,1431,6.5974,0.49976
2742.9,1147.6,6.6231,0.49944
2533.2,1098.2,6.6236,0.49947
2629.5,527.95,6.6577,0.49919
2312.7,1137.2,6.6199,0.49952
1405.5,1398.9,6.5996,0.49975
2603,1479.9,6.6018,0.49963
2055.1,1152.6,6.6171,0.49956
1719.1,1339,6.6041,0.49969
2722.2,657.38,6.6502,0.49923
610.76,1326.9,6.5991,0.49982
2556,1059.3,6.6256,0.49945
1507.9,1179.1,6.6122,0.49964
1609.4,1531.5,6.5913,0.4998
2038.8,947.97,6.6281,0.49948
823.74,1178,6.6093,0.49972
2686.4,1404.3,6.6077,0.49957
1700.9,930.45,6.6271,0.49951
2644.5,1491.5,6.6013,0.49963
450.69,1027.6,6.614,0.49972
1441.3,1427,6.5971,0.49976
1384.2,1565,6.5873,0.49984
2302.7,898.04,6.6325,0.49942
1980.9,1630.1,6.5856,0.49982
583.69,1326.8,6.5989,0.49982
1602.8,1566.9,6.5882,0.49982
1757.7,1103.9,6.6179,0.49958
1479,1023.4,6.6204,0.49958
2677,1395.3,6.608,0.49957
2636,1494.1,6.601,0.49963
1616.9,1529.8,6.5911,0.4998
2177.4,1528.3,6.5943,0.49973
482.82,1295.2,6.5998,0.49983
450.04,1368,6.5959,0.49986
601.19,1034.4,6.6149,0.49969
1860.6,1574.7,6.5894,0.49979
1127.5,645.81,6.6402,0.49945
2514.9,1167.4,6.6192,0.4995
962.79,1517.5,6.5895,0.49986
2670.9,1407.7,6.6071,0.49958
1077.5,1610,6.5821,0.49991
2581,1535.8,6.597,0.49967
577.89,1174.1,6.6073,0.49976
373.74,1392.9,6.5928,0.4999
577.86,1378,6.5961,0.49984
1485.7,1648.2,6.5813,0.49989
501.03,1613,6.5789,0.49999
1892.1,1553,6.591,0.49978
333.42,1274.1,6.5998,0.49985
462.87,1410.9,6.5928,0.49988
1670.6,1361.3,6.6028,0.4997
614.89,1439.5,6.5921,0.49987
2711,549.61,6.657,0.49918
2291.6,1119.8,6.6202,0.49952
2123.5,619.38,6.647,0.49932
2046.1,997.21,6.6249,0.4995
1539.6,1599.1,6.5856,0.49985
1552.3,1569.7,6.588,0.49983
1655,1607.4,6.5852,0.49984
2350.1,1275.2,6.6116,0.49958
1871.3,831.86,6.6331,0.49945
2385.6,1089.3,6.6227,0.49949
2618.4,1509.3,6.5995,0.49964
1348.1,1561.8,6.5872,0.49985
963.62,1526.2,6.5886,0.49987
466.36,1312.3,6.5987,0.49984
2006.7,809.53,6.6353,0.49942
1483.5,1139.2,6.614,0.49963
1676.8,1128.9,6.616,0.4996
2073,985.78,6.6259,0.49949
2527.6,639.38,6.6491,0.49927
2490.2,661.52,6.6473,0.49929
2332.4,1280,6.6112,0.49959
2652.9,1481.3,6.6021,0.49962
2733.8,1123.3,6.6242,0.49943
2502.9,842.18,6.6369,0.49937
1735.9,1016.4,6.622,0.49955
2427.8,1276.5,6.6122,0.49957
2163,1462.2,6.5996,0.49969
588.19,1036.9,6.6147,0.4997
485.05,1535.9,6.5843,0.49995
469.42,1368.2,6.5953,0.49986
2352.8,1256.4,6.6131,0.49957
1180.6,1554.8,6.5868,0.49986
1409.3,569.14,6.6467,0.49938
2517.5,707.55,6.6447,0.4993
2711.9,664.33,6.6493,0.49924
1379.8,1528.6,6.5897,0.49983
614.41,1399.4,6.5945,0.49985
1849,1547.2,6.5912,0.49978
2670.3,1405.8,6.607,0.49958
594.46,1051.2,6.6142,0.4997
1494,1007.5,6.6211,0.49957
2568.1,1538.2,6.5969,0.49967
2735.9,927.6,6.6345,0.49935
2637.9,910.97,6.634,0.49937
2623.9,1465.3,6.6026,0.49962
1589.6,1581.8,6.5867,0.49984
2068.9,841.24,6.634,0.49943
2213.7,1367,6.6053,0.49964
1688.3,1571.9,6.5885,0.49981
2309.6,1004.6,6.6264,0.49947
588.48,1330.8,6.5979,0.49983
2499,1324.2,6.6098,0.49958
2711,959.12,6.6322,0.49937
2512.8,841.07,6.6365,0.49937
2482.8,1374.6,6.6072,0.4996
2730.5,1345.1,6.6115,0.49953
2452.7,888.62,6.6334,0.4994
2025.7,1334.6,6.6058,0.49965
1425.9,1424.1,6.5969,0.49977
2629,1514.5,6.5992,0.49965
2328.2,674.19,6.6452,0.49932
437.45,994.97,6.615,0.49971
2209.4,1371.4,6.6052,0.49964
2654.6,1413.1,6.6064,0.49959
616.09,1407.7,6.5938,0.49986
1586,854.05,6.6303,0.49949
2338.1,1225.6,6.6143,0.49956
2147.6,1428.7,6.601,0.49968
2504.1,857.41,6.6359,0.49937
2570.9,848.93,6.637,0.49936
2521,1080.4,6.6238,0.49947
1728.4,1244.4,6.6093,0.49965
2032.1,907.84,6.6294,0.49947
2604.5,1498.7,6.6,0.49964
2300.9,461.74,6.6593,0.49921
500.48,1648.2,6.5756,0.50001
1733.1,1071.5,6.6188,0.49957
2658.4,1163.7,6.6211,0.49947
2636.5,1492,6.6008,0.49963
265.21,580.01,6.6366,0.49958
2647,1526.5,6.5985,0.49965
2520.2,743.24,6.6424,0.49932
2708.4,627.36,6.6514,0.49922
2682.3,1377.2,6.6086,0.49956
2701.9,1126,6.6234,0.49944
590.96,1402.5,6.5935,0.49986
382.95,1420.5,6.591,0.49991
618.61,1425.2,6.5923,0.49987
2158.5,1474.8,6.598,0.4997
1015.1,1602.3,6.5825,0.49991
570.19,1583,6.5815,0.49996
587.45,1333.7,6.598,0.49983
2652,1415.5,6.6062,0.49959
475.88,1560.9,6.5825,0.49996
1544.3,604.15,6.6453,0.49938
2146.6,1486,6.597,0.49971
2625.6,1509.5,6.5994,0.49964
2719.2,1002.3,6.6301,0.49939
602.86,1421.1,6.5929,0.49987
2452.4,915.9,6.6318,0.49941
2473.5,1329.6,6.6091,0.49959
967.81,1517,6.5891,0.49986
2633.9,1487.2,6.6009,0.49963
340.81,1102.6,6.6087,0.49978
2476.3,967.62,6.6296,0.49943
2632.7,1417.3,6.6057,0.49959
414.69,588.89,6.6377,0.49954
2523,924.04,6.632,0.4994
1439.4,1282,6.6054,0.4997
1854.3,1557.3,6.5902,0.49979
1844.9,1561,6.59,0.49979
1711.9,1361.3,6.6021,0.49971
472.44,1340.3,6.5966,0.49985
485.28,1380.8,6.5944,0.49987
2564.7,328.93,6.6723,0.49908
2587.1,1502.9,6.5994,0.49965
2500.6,866.32,6.6349,0.49938
2155,1476.7,6.5976,0.49971
2314.6,1112.5,6.6203,0.49952
373.05,1369.4,6.5937,0.49989
2760,817.32,6.6408,0.4993
615.44,1405.5,6.5938,0.49986
1012.4,620.09,6.6406,0.49945
1747.1,709.49,6.6388,0.49942
1726.7,952.87,6.6249,0.49953
2490.3,662.86,6.6468,0.49929
347.17,1296.7,6.598,0.49986
1419,1408.7,6.5976,0.49976
2587.8,1520.4,6.598,0.49966
2594.9,1490.5,6.6003,0.49964
2723.1,934.68,6.6335,0.49936
1821.4,1591.3,6.5873,0.49981
590.27,1394.1,6.5942,0.49986
376.49,1405.2,6.5919,0.4999
2631.3,1462.9,6.6025,0.49962
619.08,1074.7,6.6121,0.49971
2474,599.1,6.6507,0.49926
2123,1525.8,6.5935,0.49974
760.47,1599,6.5812,0.49994
1347.4,602.81,6.6438,0.49941
597.09,831.8,6.6249,0.49962
2061.4,908.06,6.6296,0.49946
2534.2,736.08,6.6427,0.49932
2412.8,1230.2,6.6141,0.49955
563.02,1179.1,6.6069,0.49976
2626.5,1533,6.5973,0.49966
1773.8,939.78,6.6258,0.49952
2334.8,1258.4,6.6122,0.49958
1138.2,632,6.6401,0.49945
407.32,1575,6.5805,0.49999
2665,1464.8,6.6027,0.49961
2535.1,736.8,6.6427,0.49932
2693.1,1443.2,6.6045,0.49959
1864.4,1545.4,6.5909,0.49978
2706.8,1411.2,6.6067,0.49957
2659.1,1455.5,6.6028,0.49961
361.17,1344.9,6.5951,0.49988
2087.8,1564.1,6.5904,0.49977
1726.4,1314.6,6.6048,0.49968
1703.1,1553.4,6.589,0.49981
2040.6,844.64,6.6329,0.49944
2497,755.32,6.6412,0.49933
1858.2,1582,6.5879,0.49981
2126.5,1574.4,6.5905,0.49977
2494.6,684.38,6.6455,0.4993
2061.1,940.26,6.6278,0.49948
2427,691.36,6.6444,0.49932
485.85,1407.7,6.5927,0.49988
2522.8,779.08,6.6401,0.49934
2240.1,1264.2,6.6111,0.49959
1513.9,993.04,6.6215,0.49957
2291.6,910.03,6.6306,0.49944
2482.6,1222.5,6.6154,0.49954
1049.5,1602.1,6.5821,0.49991
1886.3,699.28,6.6409,0.49939
1741.6,947.88,6.6251,0.49952
461.26,1550.6,6.5829,0.49996
449.69,1547.5,6.5827,0.49997
2382,1279,6.6115,0.49958
1771.6,1584.1,6.5873,0.49982
2500.3,934.23,6.6313,0.49941
435.65,1629.2,6.5764,0.50002
614.19,1334.8,6.5978,0.49983
2309.1,1303.8,6.6089,0.49961
1524.5,1029.2,6.6195,0.49958
2283.3,804.94,6.6367,0.49939
2105.6,1545,6.5918,0.49976
2748.2,1102.2,6.6249,0.49942
2510.2,649.55,6.6477,0.49928
449.15,1546.5,6.5827,0.49997
1513.1,1010.2,6.6205,0.49958
1624.3,1517.7,6.5918,0.49979
2274,1159.1,6.6169,0.49955
2725.2,961.73,6.6321,0.49937
474.88,1406,6.5926,0.49988
2591.5,1513.7,6.5983,0.49966
975.82,1532.8,6.5871,0.49988
2703,251.58,6.6822,0.49898
849.39,732.24,6.6325,0.49953
2328.3,677.26,6.6446,0.49933
2131.5,1573.8,6.5903,0.49977
460.38,1432,6.5904,0.4999
463.19,1033.1,6.6131,0.49973
591.78,1434.2,6.5915,0.49988
463.5,1388.6,6.5934,0.49988
446.46,1537.4,6.5836,0.49996
348.71,1311.3,6.5967,0.49987
2707.4,1133.2,6.6226,0.49945
377.73,1416.3,6.5908,0.49991
413.37,922.86,6.6181,0.49969
463.57,1656,6.5746,0.50003
1907.9,1532.7,6.5918,0.49977
1843.5,1608.1,6.5857,0.49983
440.37,1285.5,6.5992,0.49984
2611.6,852.73,6.6363,0.49936
2535.2,404.54,6.665,0.49914
2537.7,772.73,6.6404,0.49934
2708.6,521.83,6.658,0.49917
2595.7,838.54,6.6368,0.49936
1344.5,1549.3,6.5878,0.49984
368.18,1302,6.5976,0.49986
1833.2,1578.8,6.588,0.49981
2350.9,906.84,6.6315,0.49942
2292.7,874.76,6.6323,0.49942
2726.1,682.07,6.6477,0.49925
2322.2,768.3,6.6389,0.49937
617.97,1416.7,6.5927,0.49987
2650.3,1401.9,6.6063,0.49959
1556.2,1596.7,6.585,0.49985
2657,907.39,6.6337,0.49937
2009.1,810.1,6.6345,0.49943
2045.5,968.41,6.6255,0.4995
1609.8,1529,6.5904,0.4998
2608.9,1466.5,6.6013,0.49963
372.39,1364.9,6.5941,0.49989
2510.1,862.9,6.6352,0.49938
2659.4,1398.3,6.6066,0.49958
1477.6,1302.2,6.6039,0.49971
2639.2,291.49,6.6768,0.49904
2401.2,1286.9,6.6107,0.49958
359.91,1345,6.595,0.49988
1437,1297.9,6.6039,0.49971
1508,1686.7,6.5769,0.49992
2008.4,1090.1,6.619,0.49955
2414.1,1231.4,6.614,0.49956
2576.6,826.34,6.6376,0.49935
2500.1,960.54,6.6291,0.49943
313.69,727.35,6.6276,0.49964
2411.1,1229.9,6.6137,0.49956
1690.8,808.82,6.6322,0.49947
2307.8,1579.8,6.591,0.49975
2406,1209.3,6.6149,0.49955
2290.7,1262.5,6.6109,0.49959
2316.4,1273.6,6.6105,0.49959
291.59,854.5,6.6211,0.49969
2676.2,1392.4,6.6072,0.49958
1165.7,1554,6.5859,0.49987
2209.4,1478.9,6.5973,0.49971
488.89,1549.8,6.5825,0.49996
2639.6,1482.8,6.6008,0.49963
367.67,1290.4,6.5981,0.49986
2290.8,1059.5,6.6225,0.4995
1505.4,1288.4,6.6048,0.4997
2216.5,1332.9,6.6062,0.49963
2494.8,707.63,6.6436,0.49932
1931.3,1637.2,6.5836,0.49984
2038.1,1565.7,6.5899,0.49978
1789.6,1565,6.5885,0.49981
2697.6,561.91,6.655,0.4992
2051.9,1595.8,6.5877,0.49979
1905.9,1556.7,6.5898,0.49979
620.31,1404.7,6.5929,0.49986
2215.8,1468.9,6.598,0.4997
2128,1576.7,6.5892,0.49978
1926.6,1535.8,6.5915,0.49977
2607.1,310.03,6.6744,0.49906
2197,1314,6.6075,0.49963
1924.4,1536.1,6.5914,0.49977
2735,908.83,6.6348,0.49935
2639.4,1483.8,6.6006,0.49963
2324.9,1139.6,6.6183,0.49953
1899.1,1538.3,6.5914,0.49978
2292.3,1117.5,6.6193,0.49953
1967.9,1342.8,6.6041,0.49967
2705.3,591.52,6.6528,0.49921
2316.3,1110.3,6.6198,0.49952
1889.4,1645.5,6.5826,0.49985
1543.6,1622.3,6.5826,0.49987
1217.3,775.45,6.6314,0.49951
1514.9,462.8,6.6535,0.49932
2678.7,1470.7,6.602,0.49962
342.52,946.37,6.6166,0.49972
2537,772.11,6.6401,0.49934
2624.3,1506.8,6.5988,0.49965
589.12,1346.4,6.5965,0.49984
1066.1,1561,6.5851,0.49989
578.3,1571.5,6.5814,0.49996
465.23,1057.8,6.6115,0.49974
1941.6,1514.6,6.593,0.49976
353.67,1353.9,6.5942,0.49989
2500.2,815.65,6.6373,0.49936
2513.9,412.2,6.6639,0.49915
619.49,1359.2,6.5956,0.49984
530.04,813.01,6.6248,0.49962
2754,853.91,6.6376,0.49932
2699.4,1377.5,6.6085,0.49956
2123.5,1451.1,6.5984,0.4997
2617.8,304.23,6.675,0.49905
2307.2,843.99,6.6341,0.49941
347.75,1284.6,6.5981,0.49986
615.95,1349.9,6.5965,0.49984
1550.1,1578.5,6.5863,0.49984
1512.7,464.09,6.6533,0.49932
2300.5,1279.2,6.6099,0.4996
466.81,1419.7,6.5911,0.4999
464.61,1595.7,6.579,0.49999
433.19,1558.3,6.5813,0.49998
577.54,1397,6.5934,0.49987
2657.4,936.79,6.6318,0.49939
2413.7,410.26,6.6629,0.49917
592.21,1403.8,6.593,0.49987
2709,954.07,6.6319,0.49938
580.43,1169.9,6.6064,0.49976
388.42,791.09,6.6248,0.49964
449.39,1374.1,6.5937,0.49988
2048.8,963.84,6.6254,0.4995
2407,1010.5,6.6254,0.49947
1484.9,1256.4,6.607,0.49968
1999,1226.9,6.6109,0.49962
2625.7,1434.5,6.6034,0.49961
465.03,1385.7,6.5928,0.49988
1496.7,990.23,6.6209,0.49957
2400.1,1070.1,6.6221,0.49949
2293.8,1306.6,6.6081,0.49961
2050.4,1595.5,6.5875,0.4998
2233,1307.4,6.608,0.49962
2670.8,1409.9,6.6058,0.49959
436.22,1628.9,6.5765,0.50002
2077.4,847.78,6.6323,0.49944
472.88,1530.1,6.5836,0.49996
2326.6,1298.2,6.6088,0.4996
2329.6,1231.4,6.6127,0.49957
2702.3,1089.3,6.6241,0.49944
2557.2,947.31,6.6304,0.49941
1896.4,1544.1,6.5904,0.49978
1723.8,1206.6,6.6103,0.49964
2532.8,700.22,6.6441,0.49931
2061.8,955.1,6.6264,0.49949
1662.6,1483.6,6.5935,0.49978
2616.3,468.77,6.6599,0.49917
1515.7,976.06,6.6218,0.49957
342.14,1351,6.5941,0.49989
482.4,1564.9,6.5817,0.49997
2425.6,401.95,6.6636,0.49917
2274.1,705.3,6.6422,0.49935
1487.3,1121.2,6.6137,0.49963
2586.6,1519.7,6.5973,0.49967
2558.2,753.04,6.6408,0.49933
2292.9,840.69,6.6337,0.49941
2556,717.35,6.6429,0.49931
428.49,1020.8,6.6129,0.49973
2399.4,1275.2,6.611,0.49958
485.27,1551.9,6.5824,0.49996
2305.6,880.3,6.632,0.49943
573.75,1579.8,6.5805,0.49997
476.69,1615.1,6.5778,0.5
2086.1,953.35,6.6261,0.49949
2486.3,876.41,6.6332,0.4994
489.39,1389,6.5926,0.49988
2057.7,1544.6,6.5912,0.49977
2772.8,830.55,6.6393,0.49931
2499.7,791.13,6.6384,0.49935
465.8,1053.9,6.6114,0.49974
2515.7,852.01,6.6357,0.49938
2601.4,1479.1,6.6004,0.49964
448.38,1633.8,6.5761,0.50002
2706.9,1409.3,6.6061,0.49958
2055.7,1212.2,6.6118,0.4996
2538.3,361.2,6.6687,0.49911
1503.5,1141.4,6.6126,0.49964
1352.7,1536.5,6.5877,0.49984
1832.3,1562.4,6.5887,0.4998
2341.3,885.97,6.6319,0.49942
2386.2,1113.2,6.6199,0.49951
1871.5,1524.7,6.5913,0.49978
2040.6,962.1,6.6257,0.4995
783,785.05,6.6283,0.49957
1358.8,1525.2,6.5885,0.49984
2325.2,872.21,6.6325,0.49942
2473.1,1228.9,6.6143,0.49955
607.36,1403.8,6.5926,0.49987
608.98,1072.3,6.6112,0.49972
2076.8,933.74,6.6274,0.49948
2521.6,1079.9,6.6229,0.49947
636.65,863.49,6.6229,0.49963
2615.9,1176.8,6.6182,0.4995
443.49,1628.3,6.5758,0.50002
2669.8,1406.5,6.6058,0.49959
2590.9,872.84,6.6343,0.49938
266.68,607.71,6.6339,0.4996
483,1540.6,6.5827,0.49996
368.09,1289.5,6.5977,0.49986
2306.7,809.74,6.6358,0.4994
2076.6,1522.2,6.5929,0.49975
2345.7,1216,6.6139,0.49956
2561.3,1200.7,6.6168,0.49952
1886,1541.9,6.5905,0.49978
464.06,1028.5,6.6127,0.49973
1630.8,1526.5,6.5897,0.49981
1559.8,1566.7,6.5864,0.49984
2062.5,836.39,6.6327,0.49944
1575.9,1594.3,6.5843,0.49986
1351.3,1537.4,6.5881,0.49984
2443.2,872.61,6.633,0.4994
1784.3,746.45,6.6364,0.49943
1931.4,1485.2,6.5943,0.49975
2756.1,892.86,6.6355,0.49934
347.38,938.59,6.6162,0.49972
344.26,1357,6.5937,0.4999
1928.1,696.34,6.6399,0.49939
1445.2,1269,6.6054,0.4997
611.78,1380,6.5946,0.49985
369.49,1304.2,6.5969,0.49987
1834.2,1504.2,6.5927,0.49977
477.7,1386.1,6.5927,0.49988
465.4,1656.8,6.574,0.50003
2013.7,1091.9,6.6186,0.49956
2720.7,620.12,6.6508,0.49923
2668.7,1453.1,6.6026,0.49961
2543,917.01,6.6314,0.4994
2513.2,951.26,6.6292,0.49943
2539.7,835.33,6.6358,0.49937
664.01,998.13,6.6155,0.49968
2662.6,1497.3,6.5995,0.49964
2398.2,1231.8,6.6129,0.49957
1537.1,1592.6,6.5848,0.49985
497.28,1576.8,6.5804,0.49998
622.11,1028.1,6.6135,0.4997
2049.3,933.42,6.6268,0.49949
2556.4,716.09,6.6427,0.49931
2308,878.38,6.6318,0.49943
467.28,1407.4,6.5912,0.4999
1741.5,951.42,6.624,0.49953
2646.4,1408,6.6051,0.4996
2534.5,1587.8,6.5916,0.49972
1692.3,1398.9,6.599,0.49973
1694.7,1265.3,6.6065,0.49967
2276.8,1033.3,6.6229,0.4995
2572.6,910.41,6.632,0.4994
2592.5,1510.7,6.5977,0.49966
373.14,747.67,6.6266,0.49963
2423.7,1281.4,6.6106,0.49958
620.91,1046.6,6.6124,0.49971
2523.3,797.35,6.6377,0.49936
2170.1,1529,6.593,0.49974
2635.6,974.95,6.6291,0.49941
2617,895.03,6.6335,0.49938
1847.9,1561.2,6.5887,0.4998
2127.4,603.25,6.6465,0.49933
2478.5,902.06,6.6319,0.49941
465.82,1596.4,6.5784,0.5
1357.2,667.16,6.6381,0.49945
456.13,772.97,6.6258,0.49963
2305.7,845.73,6.6336,0.49941
433.27,1593.5,6.5792,0.5
1819,1580,6.5866,0.49982
2532.9,1071.9,6.6231,0.49947
2707.3,841.59,6.6375,0.49933
1382.8,1550.4,6.5866,0.49985
2757.8,810.8,6.6398,0.49931
2200.6,1314.5,6.607,0.49963
1434.3,1421.4,6.596,0.49977
415.25,1573.6,6.5797,0.5
2152.2,1548.8,6.5913,0.49976
587.98,1055.5,6.6122,0.49972
2015.7,1220.8,6.6108,0.49962
379.11,1406.5,6.5908,0.49991
2522.6,770.29,6.6391,0.49935
2716.7,584.43,6.6529,0.49921
1232.4,677.79,6.6367,0.49947
577.14,1063.9,6.6115,0.49972
2480.2,1216,6.615,0.49954
2251.5,1250.5,6.6105,0.4996
2327,888.95,6.6314,0.49943
2414.2,1229.4,6.6134,0.49956
483.9,938.19,6.6175,0.49969
2726.5,714.86,6.6449,0.49927
2643.8,1456.2,6.6017,0.49962
2648.1,1034.9,6.6264,0.49943
2658.5,1397.9,6.6057,0.49959
1441.2,1251.4,6.6066,0.49969
342.09,1339.6,6.5943,0.49989
1006.4,1615.1,6.58,0.49993
1547.2,1581.3,6.585,0.49985
