540.5,1342.7,6.868,0.49793
1638.4,638.86,6.8126,0.49819
812.61,252.89,6.7908,0.49838
1038.2,332.96,6.7824,0.49842
782.7,241.36,6.7847,0.49842
1083.2,312.4,6.7769,0.49845
745.83,228.48,6.7795,0.49846
742.41,221.32,6.7802,0.49845
738.23,225.43,6.7772,0.49847
726.26,212.2,6.7762,0.49848
1279.3,311.2,6.7652,0.49852
703.44,220.59,6.7728,0.49851
1051,310.89,6.7621,0.49856
892.23,290.74,6.7632,0.49856
891.32,291.54,6.7613,0.49858
1041.2,312.41,6.758,0.49859
871.8,283.29,6.7596,0.49859
861.29,283.52,6.7576,0.49861
998.71,339.54,6.7498,0.49865
850.53,285.4,6.753,0.49864
837.52,272.06,6.7534,0.49864
2389.1,253.65,6.7587,0.49847
627,211.69,6.7576,0.49862
989.2,345.57,6.7444,0.49869
979.06,346.96,6.743,0.4987
1167.7,237.29,6.7539,0.4986
2126.5,1407.6,6.6809,0.4991
990.86,361.61,6.7392,0.49873
560.16,198.16,6.7553,0.49864
813,296.99,6.7417,0.49872
962.66,370.45,6.7308,0.49879
1259.2,323.63,6.7338,0.49874
2505.1,267.48,6.7443,0.49856
1260.9,324.59,6.7332,0.49875
1253,341.34,6.7235,0.49882
2073.9,1425.4,6.6576,0.49927
1245.2,358.95,6.715,0.49888
969.98,353.13,6.7121,0.49892
951.68,438.76,6.7038,0.49898
1142.4,1573.4,6.6322,0.49953
954.65,365.1,6.7063,0.49896
1812.3,1470.4,6.6424,0.4994
380.98,785.19,6.6718,0.49929
1220.3,527.67,6.6925,0.49905
1218.9,535.59,6.6905,0.49906
1117.2,1596.5,6.6251,0.49958
337.33,784.01,6.6674,0.49933
1151.5,918.99,6.666,0.49926
1974.4,1497.9,6.636,0.49943
1106.5,931.62,6.6645,0.49927
1994.9,1547.1,6.6322,0.49946
342.07,857.11,6.6622,0.49937
1753.6,1505.9,6.6332,0.49947
1759.3,1394.6,6.6406,0.49941
1530.5,1634.3,6.6198,0.49959
341.35,945.19,6.6534,0.49944
1759.3,1406.7,6.6356,0.49945
1129.4,796.35,6.6663,0.49925
917.16,458.34,6.6869,0.49911
1122.1,961.13,6.6569,0.49933
1140.2,1140.9,6.6469,0.4994
331.46,929.28,6.652,0.49945
340.14,928.47,6.6514,0.49945
394.91,241.97,6.7022,0.49904
332.11,968.95,6.6485,0.49948
331.95,944.37,6.6495,0.49947
1911.7,1563.5,6.6226,0.49954
1716.7,1420.3,6.6313,0.49948
331.17,913.96,6.6507,0.49946
332.87,979.92,6.6471,0.49949
341.07,975.19,6.6473,0.49948
1072.2,966.62,6.6536,0.49935
689.37,1167.1,6.6402,0.49949
2680.7,299.75,6.7082,0.49879
1117.1,1318.2,6.6342,0.4995
1073.6,986.3,6.6525,0.49936
1080.6,820.99,6.6614,0.49929
2704.6,353.35,6.7025,0.49883
1113.2,652.96,6.6711,0.49921
1128.7,1319.3,6.633,0.49951
340.3,949.57,6.6473,0.49948
1116.7,1163.4,6.6415,0.49944
1211.5,602.05,6.6745,0.49918
316.4,558.69,6.6694,0.49931
330.46,917.35,6.6484,0.49947
372.84,938.87,6.6476,0.49947
1155.9,410.51,6.688,0.49908
2687.4,302.89,6.7059,0.49881
1126.8,964.74,6.6519,0.49936
509.39,1056.7,6.6423,0.4995
363.62,931.04,6.6477,0.49947
330.65,913.15,6.6481,0.49948
373.79,981.12,6.6451,0.49949
1105.2,828.85,6.6586,0.49931
1082.6,977.53,6.6503,0.49938
364.41,967.8,6.6452,0.49949
1067.8,668.91,6.6676,0.49924
687.9,1176.5,6.6368,0.49952
365.31,1050.1,6.6404,0.49953
1085,1178.4,6.6388,0.49947
2729,406.02,6.6962,0.49887
373.92,980.23,6.644,0.4995
364.81,850.5,6.6509,0.49945
896.55,433.08,6.6823,0.49914
557.12,368.2,6.6852,0.49915
374.19,993.7,6.6429,0.49951
332.12,954.64,6.6443,0.49951
675.03,774.09,6.6577,0.49935
1108.8,977.75,6.6491,0.49938
1079.5,967.74,6.649,0.49939
373.21,965.6,6.6436,0.4995
1110.5,1157.8,6.6386,0.49947
333.61,991.73,6.6415,0.49953
343.56,1018.5,6.64,0.49954
373.42,957.48,6.6434,0.4995
411.77,723.08,6.6568,0.49939
1059.3,849.3,6.6544,0.49935
1121,963.6,6.6484,0.49939
366.35,1011.4,6.6401,0.49953
1076.3,1327.8,6.6276,0.49955
1075.2,1345.9,6.6264,0.49956
1062.8,977.4,6.647,0.4994
1333.5,877.69,6.654,0.49933
351.03,1061.1,6.6367,0.49956
503.67,963.83,6.6436,0.49948
2724.4,1170.1,6.6472,0.49926
2724.3,1106,6.6504,0.49923
658.01,780,6.6541,0.49938
684.01,1082.4,6.6378,0.49951
1055.4,820.84,6.6542,0.49935
2710.3,1173.5,6.6461,0.49927
336.26,848.63,6.6468,0.49948
670.5,676.49,6.66,0.49934
1103.7,975.72,6.6455,0.49941
1206,588.72,6.6682,0.49923
1114.4,1324.7,6.6255,0.49957
1063.1,1201.8,6.6323,0.49952
313.71,582.63,6.6611,0.49938
1055.2,844.2,6.6516,0.49937
2710.2,319.69,6.6989,0.49885
368.51,1028.1,6.6361,0.49956
1090,689.97,6.6606,0.49929
523.58,1445.3,6.6136,0.49971
2709.3,1114.7,6.6477,0.49926
2289.4,1219.4,6.6378,0.49938
305.54,644.41,6.6565,0.49941
1074.1,969,6.6442,0.49942
2196.1,436.26,6.6836,0.49903
1055.6,1358.1,6.6221,0.4996
496.34,692.72,6.6553,0.49939
365.71,851,6.6446,0.49949
2722,371.8,6.6923,0.4989
2752.3,1107.5,6.6478,0.49925
1058.5,975.08,6.643,0.49943
481.75,685.01,6.6551,0.49939
1068.9,848.37,6.6498,0.49938
378.63,1040.6,6.6339,0.49958
336.95,834.39,6.6443,0.4995
367.98,888.44,6.6415,0.49952
539.99,1453,6.6111,0.49973
1199.9,609.04,6.6637,0.49926
1054.2,1345.3,6.6211,0.4996
1116.6,1177.3,6.6312,0.49952
1203.2,604.52,6.6641,0.49926
1046.9,704.21,6.657,0.49932
1353.9,897.55,6.6477,0.49937
367.62,975.81,6.6363,0.49956
1290.5,902.96,6.6469,0.49939
526.09,1449.1,6.6106,0.49974
485.18,907.17,6.6413,0.4995
1109.9,830.69,6.6494,0.49938
668.41,669.46,6.6559,0.49937
1116.3,1161.1,6.6313,0.49952
2129,449.38,6.6795,0.49907
672.15,790.87,6.6486,0.49942
672,789.75,6.6486,0.49942
538.71,1551.5,6.6028,0.4998
340.61,855.58,6.6412,0.49952
497.26,695.84,6.6522,0.49941
1100,974.26,6.641,0.49945
528.26,1562.1,6.602,0.4998
507.46,709.81,6.6516,0.49942
675.27,803.36,6.6474,0.49943
1038.3,1623.8,6.6001,0.49977
1096.2,852.36,6.6475,0.49939
654.4,686,6.6541,0.49938
1067.4,839.8,6.6479,0.49939
899.3,441.49,6.6726,0.49921
1114.6,973.5,6.6406,0.49945
412.31,716.78,6.6498,0.49945
425.1,740.17,6.6479,0.49946
1264.9,909.99,6.6446,0.4994
899.02,446.84,6.6715,0.49922
548.9,379.55,6.6743,0.49924
517.88,1569.2,6.6005,0.49982
2507,1146.1,6.6393,0.49935
1101.7,688.58,6.656,0.49933
481.91,595.11,6.6574,0.49938
1028.6,372.99,6.6789,0.49915
1044.6,679.19,6.6563,0.49933
1207.5,599.85,6.6623,0.49927
2021.4,599.16,6.667,0.49918
1072.9,1194,6.6276,0.49955
1073.1,1176.7,6.6282,0.49955
656.7,754.16,6.6487,0.49942
672,782.11,6.6472,0.49943
1108.4,1321.2,6.62,0.49961
1058.6,1180.5,6.6277,0.49955
1072.7,1497.2,6.6083,0.4997
1045.5,697.71,6.6544,0.49934
1100.6,1170.6,6.6284,0.49954
671.44,1215.8,6.6231,0.49962
672.09,781.31,6.6469,0.49944
514.8,1451,6.6079,0.49976
2039.4,462.12,6.6756,0.49911
1058.3,1199.6,6.6264,0.49956
1731.1,486.71,6.672,0.49916
672.02,766.65,6.6475,0.49943
541.5,1564.4,6.5996,0.49982
1095.3,841.8,6.646,0.49941
1066.5,1332.2,6.6186,0.49962
1980.4,467.48,6.6746,0.49912
517.8,937.03,6.6372,0.49953
1052.1,830.77,6.6463,0.49941
395.59,1041.7,6.6298,0.4996
657.42,774.02,6.6468,0.49944
497.14,690.46,6.6503,0.49943
654.28,669.53,6.653,0.49939
492.93,987.83,6.6336,0.49956
670.84,735.03,6.6491,0.49942
518.85,1002,6.633,0.49956
496.56,674.25,6.6512,0.49942
2315.9,1165.2,6.6353,0.4994
1100.6,1153,6.6287,0.49954
506.26,598.06,6.656,0.49938
1806.1,1314.8,6.623,0.49953
372.57,887.88,6.6375,0.49955
657.71,776.36,6.6464,0.49944
358.9,878.03,6.638,0.49955
322.35,627.39,6.6521,0.49944
2405.4,432.79,6.6796,0.49904
999.53,703.4,6.6531,0.49936
670.79,734.69,6.6488,0.49942
1052.2,1336.5,6.6177,0.49963
1805.5,1311.7,6.623,0.49954
658.52,791.45,6.6452,0.49945
658.62,793.11,6.6451,0.49945
685.4,826.33,6.6434,0.49946
670.5,721.67,6.6493,0.49942
1092.1,1343.1,6.6173,0.49963
2572.2,415.97,6.6818,0.49901
2749.8,1076.4,6.6441,0.49927
1059.4,683.75,6.6541,0.49935
1998.6,1328.3,6.6231,0.49952
359.44,884.01,6.637,0.49955
1263.8,888.49,6.6435,0.49941
654.54,695.88,6.6506,0.49941
522.29,1032.4,6.6306,0.49958
670.59,721,6.649,0.49942
496.77,658.64,6.6513,0.49942
337.63,863.6,6.6376,0.49955
2466.4,428.19,6.6797,0.49904
2289.2,556.31,6.6688,0.49914
2703.4,1090.5,6.6421,0.4993
517.93,1475.8,6.6047,0.49978
1136.6,477.08,6.6686,0.49923
1982.9,1324.4,6.6227,0.49952
676.1,715.64,6.6493,0.49942
1902.5,476.55,6.6721,0.49914
1114.7,1153,6.6276,0.49955
2060.5,464.44,6.6738,0.49912
351.71,875.63,6.6368,0.49956
657.5,807.39,6.6436,0.49946
2279,1169.4,6.6335,0.49942
1964.6,472.12,6.6725,0.49914
1094.9,829.09,6.6451,0.49941
1508,1661.4,6.5957,0.49977
2336.4,1160.9,6.6342,0.4994
1647.6,497.29,6.6688,0.49919
1714.5,1451.3,6.6124,0.49962
2336.1,1164.5,6.6339,0.49941
379.25,1143.7,6.6222,0.49967
1124.1,1023,6.634,0.4995
1123.2,1006.2,6.6349,0.49949
1730.3,1436.4,6.6136,0.49961
1863.2,481.06,6.6709,0.49916
340.72,281.97,6.6785,0.49923
2278.4,1166.6,6.6331,0.49942
2394,450.48,6.6762,0.49907
2247.1,450.02,6.6754,0.49909
685.72,810.47,6.6429,0.49947
1820,485.19,6.6702,0.49916
1821.8,1451.7,6.6127,0.49961
388.29,1056,6.6265,0.49963
2363.7,439.88,6.6769,0.49907
1087.3,684.16,6.6529,0.49935
1119.9,865.9,6.6422,0.49943
694.13,1085.4,6.6279,0.49958
1325.6,887.77,6.6426,0.49942
483.33,651.38,6.6504,0.49943
2119.9,460.99,6.6736,0.49912
508.49,978.34,6.632,0.49957
427.8,783.98,6.6416,0.49951
496.92,628.93,6.6519,0.49942
1708.6,1655.7,6.5965,0.49975
1940,1365.7,6.619,0.49956
1092.8,1329.3,6.6164,0.49964
1841.4,483.92,6.6701,0.49916
496.99,646.08,6.6506,0.49943
516.7,1112.2,6.6248,0.49963
2717.1,1090.9,6.6409,0.4993
1194.6,552.23,6.6613,0.49928
513.17,1032.2,6.6289,0.49959
690.59,1224.4,6.6196,0.49965
2230.7,452.53,6.6744,0.4991
1288.2,890.67,6.6417,0.49943
1536.9,1536.5,6.6044,0.4997
669.75,1076.1,6.6276,0.49959
2737.2,1131.2,6.6385,0.49932
1214.3,601.59,6.6584,0.4993
495.72,993,6.6306,0.49958
1953.8,1327.1,6.621,0.49954
2734.9,1087.9,6.6409,0.4993
1800.8,488.72,6.669,0.49918
1081.4,1017.6,6.6329,0.49951
1082,1035,6.6319,0.49952
2494.4,538.11,6.6696,0.49911
2066.2,457.95,6.6724,0.49913
1891.7,1039.5,6.6361,0.49943
1601.6,643.02,6.6575,0.49928
508.38,966.71,6.6318,0.49957
2266.2,450.84,6.6744,0.4991
680.86,819.52,6.6415,0.49948
658.3,749.83,6.6451,0.49945
484.83,688.61,6.6472,0.49945
1073,1166.4,6.6249,0.49957
1123.3,991.25,6.6344,0.49949
658.05,733.08,6.646,0.49944
2103.5,464.44,6.6723,0.49913
2731.8,1181.6,6.6355,0.49934
311.74,691.05,6.6451,0.4995
647.24,427.15,6.6663,0.49929
527.22,1079,6.6258,0.49962
657.26,717.83,6.6468,0.49944
367.71,1050.9,6.6256,0.49964
383.92,916.65,6.633,0.49958
1834.6,1535.6,6.6062,0.49966
2159.4,460.19,6.6728,0.49912
2252.7,1173.7,6.6312,0.49944
1960.2,490.86,6.669,0.49916
2084.9,466.26,6.6718,0.49913
1821.4,1538.4,6.6055,0.49967
1088.9,703.68,6.6504,0.49937
1081.3,1037.6,6.6314,0.49952
2348.8,444.43,6.6752,0.49908
535.25,1478.5,6.6025,0.4998
891.42,1280.8,6.617,0.49965
673.58,761.54,6.6442,0.49946
509.6,672.73,6.6481,0.49944
658.62,752.14,6.6446,0.49945
350.05,860.3,6.6355,0.49957
686.2,800.43,6.642,0.49947
1634.9,1449.9,6.6103,0.49965
2716.1,1084.6,6.6403,0.49931
898.49,459.22,6.6655,0.49927
1059,1170.2,6.6241,0.49958
1188.2,690.76,6.6519,0.49935
2335.1,445.51,6.6747,0.49909
2703.6,852.19,6.6524,0.49922
2736.4,1081.2,6.6407,0.4993
2554.9,422.78,6.6782,0.49904
875.72,584.86,6.6563,0.49934
687.25,1570.4,6.5966,0.49983
502.83,1088.9,6.6246,0.49963
1421,549.67,6.6614,0.49926
1846.5,476.85,6.669,0.49917
1397.1,563.22,6.6606,0.49927
586.06,1276.9,6.6148,0.4997
619.63,462.05,6.6627,0.49932
685.27,1084.6,6.6262,0.4996
2444.4,435.81,6.676,0.49907
653.58,707.28,6.647,0.49944
2712.1,1163.4,6.6349,0.49935
328.58,644.81,6.6479,0.49947
1081.5,1002.1,6.6328,0.49951
2807.9,585.43,6.6692,0.49906
683.51,719,6.6463,0.49944
307.48,643.06,6.6471,0.49948
1990,466.3,6.6704,0.49915
344.09,890.05,6.6333,0.49958
2283.9,451.32,6.6736,0.4991
1789.1,605.4,6.6596,0.49925
2178.7,473.99,6.6709,0.49913
674.12,760.93,6.6436,0.49946
367.67,1148,6.6197,0.49969
527.11,1063,6.6258,0.49962
1899.5,1382.2,6.6156,0.49959
484.92,674.63,6.647,0.49946
502.83,1068.7,6.6252,0.49962
484.11,640.34,6.6491,0.49944
2007.9,474.48,6.6699,0.49915
2399,454.18,6.6737,0.49909
686.45,783.45,6.6422,0.49947
1949.9,479.1,6.6691,0.49916
2430.6,438.17,6.6753,0.49907
1728.6,1337.3,6.6173,0.49958
419.66,749.15,6.6415,0.49951
1111,834.87,6.6419,0.49944
537.18,1494.8,6.6004,0.49981
2713.5,1135.4,6.6359,0.49934
1720,512.11,6.6651,0.49921
1103.6,688.46,6.6503,0.49937
495.63,989.7,6.6293,0.49959
516.38,1057.8,6.6256,0.49962
511.62,709.94,6.6448,0.49947
1514,1532.5,6.6034,0.49971
476.85,683.79,6.6459,0.49947
1120.9,854.8,6.6404,0.49945
2518,1150.4,6.6333,0.49939
935.72,436.64,6.6669,0.49925
1727.9,1343.2,6.6166,0.49959
2545,425.52,6.6769,0.49905
1309.7,1518.5,6.6029,0.49973
2020.1,1365,6.6167,0.49957
1353.3,970.98,6.6356,0.49947
692.66,1192.7,6.6196,0.49965
2742.8,1180.3,6.6341,0.49935
658.77,723.16,6.6449,0.49945
1328.7,974.15,6.6352,0.49947
2700.8,799.48,6.654,0.4992
498.23,614.15,6.6503,0.49943
2461.9,435.5,6.6751,0.49907
2304.5,450.89,6.6728,0.49911
388.1,903.6,6.6318,0.49959
1198.9,558.74,6.6585,0.4993
554.87,1576.3,6.5938,0.49986
2531.3,428.62,6.6762,0.49906
519.51,1098.7,6.6229,0.49964
484.78,624.76,6.6492,0.49944
1589.9,508.77,6.6641,0.49923
2732.7,794.34,6.6545,0.4992
318.46,596.53,6.6487,0.49947
1121,838.55,6.6407,0.49944
355.06,993.01,6.6265,0.49964
538.59,1462.5,6.6018,0.4998
2744.5,1402.9,6.6206,0.49946
1671.7,1374,6.6138,0.49962
897.53,1188.8,6.6206,0.49962
686.2,753.57,6.6429,0.49946
375.78,875.12,6.6329,0.49958
1088.7,675.77,6.6502,0.49937
1079.4,880.97,6.6379,0.49947
1920.1,1284,6.6203,0.49955
1108,1312.9,6.6145,0.49965
2662.8,411.72,6.6783,0.49902
1839.9,1327.4,6.6175,0.49958
1311.1,598.48,6.6561,0.49931
2687.4,802.36,6.6531,0.49921
1079,863.82,6.6387,0.49946
371.1,1060,6.6229,0.49966
348.27,980.65,6.6274,0.49963
528.23,1044.4,6.6254,0.49962
1328.6,950.85,6.6357,0.49947
902.26,451.8,6.6643,0.49928
519.16,1078,6.6235,0.49964
687.04,772.65,6.6415,0.49948
1053.2,1326.3,6.6132,0.49967
403.11,1062.4,6.6229,0.49966
532.54,1122.1,6.6212,0.49965
2201,460.5,6.6707,0.49913
2106.3,1545.9,6.6043,0.49966
1342.8,1183.1,6.6236,0.49956
2684.1,408.68,6.6786,0.49901
1829.5,481.98,6.6666,0.49919
1509.2,1534.2,6.602,0.49972
1070,844.09,6.6399,0.49945
698.78,1570.1,6.5948,0.49984
531.58,1104.5,6.6221,0.49964
685.89,740.86,6.6432,0.49946
2031.4,474.98,6.6684,0.49916
1964.2,495.05,6.6663,0.49918
521.92,1119.7,6.6211,0.49965
2520.4,431.13,6.6751,0.49906
2463.6,437.47,6.6742,0.49908
699.52,1238.1,6.6158,0.49967
357.86,231.16,6.6812,0.49921
1719.3,499.95,6.6648,0.49921
1676.7,503.75,6.6642,0.49922
510.94,661.68,6.6463,0.49946
477.12,651.67,6.6466,0.49946
893.33,1164.6,6.6211,0.49962
1047.6,681.36,6.649,0.49939
2181.9,476.62,6.6689,0.49915
672.91,677.13,6.6467,0.49944
512.19,696.08,6.6442,0.49947
358.15,230.24,6.6811,0.49921
502.86,1031.1,6.6256,0.49962
2620.7,418.03,6.6769,0.49904
1959.2,1105.6,6.6301,0.49947
895.86,937.46,6.6331,0.49952
678.35,688.11,6.6462,0.49944
504.4,1054.2,6.6242,0.49963
2418.9,432.54,6.6737,0.49909
684.51,700.56,6.6453,0.49945
1959.9,1340.1,6.6167,0.49957
2690.7,857.57,6.6495,0.49924
540.31,1507.3,6.5979,0.49983
2091,1550.3,6.6037,0.49966
350.62,653.21,6.6451,0.49949
2323.4,451.16,6.6718,0.49911
2736.4,849.74,6.6505,0.49923
2673.3,402.44,6.6783,0.49902
1774.2,1536.2,6.6024,0.4997
381.87,1004.8,6.626,0.49964
364.89,877.05,6.6322,0.49959
511.07,644.94,6.6471,0.49945
2220.9,450.35,6.6708,0.49913
698.49,1072.7,6.6245,0.49961
2714,1102.9,6.6362,0.49934
2553.5,440.6,6.674,0.49907
677.97,1570.5,6.5941,0.49985
1612.9,509.03,6.6631,0.49923
2799.5,552.29,6.6686,0.49907
548.67,1573.5,6.5931,0.49987
1290.3,979.01,6.6333,0.49949
1802.3,1389.9,6.6123,0.49962
894.17,1184.6,6.6196,0.49963
880.23,1159.7,6.621,0.49962
1698.6,502.88,6.664,0.49922
1815.2,1417.7,6.6106,0.49963
368.72,649.83,6.6452,0.49949
541.55,1521.7,6.5967,0.49984
1680,1075.8,6.6299,0.49949
898.18,1161.7,6.621,0.49962
891.84,846.99,6.638,0.49948
2184.7,463.44,6.6695,0.49914
525.14,1052.3,6.6244,0.49963
2148.4,457.28,6.6695,0.49914
2644.2,416,6.6767,0.49904
2274.4,446.67,6.6711,0.49912
1915.2,476.46,6.6666,0.49919
358.95,1027.9,6.6234,0.49966
313.07,680.65,6.6419,0.49952
2631.8,408.91,6.6768,0.49904
1635,507.68,6.663,0.49923
1094.4,1317,6.613,0.49966
2534.6,421.09,6.675,0.49906
550.13,1133.8,6.6194,0.49966
695.86,1565.9,6.5943,0.49984
1122.5,1203.1,6.6192,0.49961
694.4,1163.7,6.6192,0.49965
1796.8,1529.6,6.6028,0.49969
2239.7,449.5,6.6704,0.49913
2574.9,425.42,6.6751,0.49906
1067.5,1324.2,6.6122,0.49967
2742.2,401.43,6.6787,0.499
2730.6,1117.7,6.6352,0.49935
1074,715.88,6.6458,0.49941
2750.3,399.73,6.6789,0.499
511.06,630.46,6.6473,0.49945
873.27,832.8,6.6381,0.49948
2110.9,1544.5,6.6032,0.49967
351.64,955.23,6.6269,0.49963
368.78,876.57,6.6314,0.49959
2655.6,415.1,6.6765,0.49904
1935.9,475.28,6.6664,0.49919
2724,853.07,6.6493,0.49924
529.76,1520.9,6.5961,0.49985
1823.8,1387,6.6119,0.49962
2688.9,424.28,6.6757,0.49904
2509.8,433.82,6.6735,0.49908
2599.9,422.89,6.6751,0.49905
1818.3,1405.6,6.6109,0.49963
2776.1,445.94,6.6752,0.49902
2406.8,444.61,6.6718,0.4991
2587.1,415.46,6.6754,0.49905
431.42,714.62,6.6408,0.49951
537.79,1105.3,6.6203,0.49966
1116.8,711.31,6.646,0.4994
1324.4,903.85,6.6365,0.49946
517.2,1141.9,6.6181,0.49968
1682.2,1497.3,6.6038,0.49969
1746.2,490.59,6.6639,0.49922
895.05,1214.8,6.617,0.49965
1777.8,1455.9,6.6074,0.49966
1849.7,1538,6.6016,0.4997
888.84,871.54,6.6357,0.4995
485.59,705.44,6.6423,0.49949
1735.2,1335.6,6.6148,0.4996
1030.9,373.79,6.6698,0.49922
500.5,623.3,6.6472,0.49945
1124.1,1185.2,6.6197,0.49961
1013.9,467.06,6.662,0.49929
2634,419.8,6.6756,0.49905
1935.4,485.82,6.6655,0.49919
2734.9,403.03,6.6779,0.49901
657.94,683.44,6.6448,0.49945
1613.1,1450.6,6.6062,0.49968
2715.7,397.61,6.6778,0.49902
543.51,1533.5,6.5949,0.49986
904.38,1271.9,6.6137,0.49967
881.66,1182.5,6.6186,0.49964
1800.5,1416.2,6.6097,0.49964
2065,1585.7,6.599,0.4997
342.92,905.06,6.629,0.49962
480.73,1186.9,6.6155,0.4997
2698.3,409.11,6.6769,0.49903
539.62,1428.2,6.6018,0.4998
695.86,1084,6.6228,0.49962
557.38,1522.5,6.5953,0.49985
696.47,1473.7,6.5999,0.4998
706.34,1474.5,6.5999,0.4998
2359.8,440.94,6.6711,0.49911
1149.5,467.06,6.6622,0.49927
876.8,894.05,6.634,0.49952
1082.2,1496,6.6005,0.49976
1744.8,1337.4,6.6147,0.4996
1787.3,498.54,6.6635,0.49922
873.09,812.2,6.6385,0.49948
2497.1,436.13,6.6727,0.49909
556.97,1496.4,6.597,0.49984
1406.2,1540.4,6.5992,0.49975
1682.5,496.14,6.6628,0.49923
1074.4,701.46,6.6458,0.49941
888.44,841.89,6.6369,0.49949
895.31,1269.6,6.6134,0.49968
2310.8,445.16,6.6703,0.49912
891.97,947.38,6.6311,0.49954
1523.4,633.97,6.6526,0.49932
1180.8,555.64,6.656,0.49932
1871.1,1326.9,6.6153,0.49959
510.23,1116.8,6.6193,0.49967
2376,439.15,6.6711,0.49911
1661.7,497.75,6.6624,0.49924
544.24,1217,6.614,0.49971
530.21,1494.5,6.5971,0.49984
333.32,733.42,6.6381,0.49955
895.6,1257.8,6.614,0.49967
382.94,935.82,6.6275,0.49962
878.68,940.71,6.6312,0.49954
2170,457.32,6.6683,0.49915
1125.4,1184.5,6.6191,0.49961
1894.8,489.81,6.6644,0.4992
1042.5,1505.8,6.5993,0.49977
895.85,1230.7,6.6155,0.49966
2482.7,428.59,6.6726,0.49909
2294.8,446.7,6.6698,0.49913
887.74,821.45,6.6378,0.49949
701.98,1494.8,6.5983,0.49981
1073.7,1358.2,6.6087,0.4997
1920.1,1142.1,6.6257,0.4995
542.76,905.83,6.6306,0.49958
321.32,600.44,6.6456,0.49949
892.18,818.46,6.6381,0.49948
1769.1,490.18,6.6633,0.49922
1766.2,1112,6.6267,0.49951
369.11,649.69,6.6434,0.4995
2678.7,414.21,6.6758,0.49904
545.25,1463.1,6.599,0.49982
811.11,1646,6.5866,0.49989
1766.5,500.7,6.6627,0.49923
2722,800.8,6.651,0.49922
2018.7,470.21,6.6661,0.49918
354.59,695.89,6.6403,0.49953
478.57,622.36,6.6462,0.49946
2739.3,1400.8,6.6179,0.49948
370.8,1093.6,6.6184,0.4997
1030.1,1508.5,6.5988,0.49978
541.61,1441.6,6.6003,0.49981
1963.1,1360.3,6.6134,0.4996
360.8,622.69,6.6448,0.49949
395.42,1022,6.6224,0.49966
479.24,643.6,6.6448,0.49947
684.6,1472.9,6.5992,0.49981
2614.2,422.65,6.6742,0.49906
694.19,1174.9,6.6169,0.49967
501.18,983.51,6.6257,0.49962
2070.5,1565.5,6.5997,0.4997
1813,1224.9,6.6202,0.49956
896.34,1243.1,6.6144,0.49967
894.28,1116.8,6.622,0.49961
2721.4,1444.8,6.6143,0.49951
687.48,802.85,6.6368,0.49951
362.17,1038.6,6.6213,0.49968
1715.9,1440.4,6.6069,0.49967
370.09,859.73,6.6308,0.4996
876.65,865.78,6.6348,0.49951
378.74,905.71,6.6284,0.49962
398.54,778.03,6.6359,0.49956
1074.2,1472.5,6.6013,0.49976
675.48,1082.5,6.6218,0.49963
388.11,1135.3,6.6161,0.49971
391.9,1094,6.6193,0.49969
1844.3,1391.6,6.6103,0.49963
2779.6,505.44,6.6694,0.49907
879.04,925.05,6.6315,0.49954
900.95,523.04,6.6561,0.49934
896.68,1203.7,6.6164,0.49965
333.5,709.53,6.639,0.49954
883.86,1267.2,6.6127,0.49968
684.85,738.16,6.6403,0.49949
924.69,656.15,6.6471,0.49941
695.04,1188.2,6.6158,0.49968
1118.1,697.96,6.6453,0.49941
707.67,1490.3,6.5978,0.49982
1675.7,1442.4,6.6062,0.49967
251.83,820.68,6.6313,0.49962
1804.8,1365.1,6.6118,0.49962
1743.9,1438.3,6.6066,0.49967
896.57,1151,6.6191,0.49963
589.24,1286.9,6.6092,0.49974
883.32,1269.6,6.6125,0.49968
2743.6,1130,6.6324,0.49937
1916.1,1330.3,6.6145,0.49959
1034.9,1482,6.6001,0.49977
2602.4,415.78,6.6739,0.49906
1863.7,1328.1,6.6141,0.4996
366,1057.8,6.6196,0.49969
246.13,513.08,6.6499,0.49947
334.4,617.46,6.6441,0.4995
529.91,1440.5,6.5997,0.49982
398.88,1055.6,6.6201,0.49968
686.67,797.97,6.6371,0.49951
2135.8,461.79,6.6667,0.49917
401.44,778.97,6.6351,0.49956
1087.8,1469.1,6.6012,0.49976
1824.7,1387.7,6.6102,0.49963
1113.2,1350.9,6.6085,0.4997
886.24,583.66,6.6509,0.49938
2327.5,1192.7,6.6249,0.49948
411.72,778.77,6.6351,0.49956
884.66,1240.3,6.6139,0.49967
691.79,1072.1,6.6219,0.49963
541.99,1440.4,6.5996,0.49982
1595.8,669.75,6.6494,0.49934
2269.1,1184.8,6.6246,0.49949
2059.9,468.08,6.6657,0.49918
1723.9,1331,6.6132,0.49962
675.53,667.69,6.6442,0.49945
1269.5,984.93,6.6301,0.49952
696.71,1220.3,6.6137,0.49969
893.27,933.21,6.6306,0.49954
1060,370.76,6.6683,0.49923
2567.7,420.05,6.6729,0.49908
2117.3,1545.4,6.6012,0.49968
2097.8,465.17,6.666,0.49918
533.31,1519.7,6.5943,0.49986
365.37,734.66,6.6373,0.49955
2499.6,428.34,6.6717,0.49909
507.77,1197.2,6.6136,0.49971
364.5,1026.1,6.621,0.49968
547.31,1546.6,6.5923,0.49988
878.28,882.42,6.6332,0.49952
696.54,1207.9,6.6143,0.49969
885.11,1213.1,6.6152,0.49966
424.81,762.74,6.6363,0.49955
1835.1,1330.5,6.6134,0.49961
2236.4,1238.8,6.6216,0.49951
658.26,680.55,6.6434,0.49946
1681.5,1442,6.6055,0.49968
356.29,954.63,6.6248,0.49965
481.57,679.59,6.6416,0.4995
356.79,957.77,6.6246,0.49965
888.67,608.63,6.6497,0.49939
2058.2,1584,6.5974,0.49972
318.38,244.36,6.6763,0.49925
531.26,1019.1,6.6233,0.49964
683.32,763.64,6.6381,0.4995
2741.3,1157.6,6.6303,0.49938
1368,585.42,6.6535,0.49933
682.2,1165.7,6.6164,0.49967
2192.2,457.29,6.667,0.49916
2709,1120.2,6.6322,0.49937
685.76,705.21,6.6416,0.49947
2512.9,1162.5,6.6274,0.49944
1258.2,1292.1,6.6128,0.49965
470.25,1185,6.6137,0.49972
561.57,1546.6,6.5918,0.49988
2442.2,434.67,6.6704,0.49911
361.96,757.52,6.6356,0.49956
1939.3,1304.2,6.6152,0.49959
533.79,1303,6.6073,0.49976
1083.7,853.25,6.6354,0.49949
2118.3,464.1,6.6659,0.49918
2759.8,312.69,6.6843,0.49896
698.62,1093.4,6.6201,0.49964
463.31,875.63,6.63,0.49959
687.79,771.95,6.6374,0.49951
1355.9,899.78,6.6347,0.49947
665.66,787.11,6.6368,0.49951
1085.3,1481.7,6.5997,0.49977
685.34,797.25,6.6359,0.49952
1265.8,912.42,6.6334,0.49949
1404.5,1513.5,6.5992,0.49975
883.08,597.43,6.6497,0.49939
840.46,1644.1,6.5855,0.4999
1075.8,688.99,6.6447,0.49942
1506.5,536.06,6.6573,0.49929
703.16,1063.7,6.6217,0.49963
529.44,999.56,6.6238,0.49963
2728.7,1098,6.6334,0.49936
530.81,1426.9,6.5998,0.49982
547.94,1300.3,6.6072,0.49976
398.32,1025.6,6.6209,0.49967
486.13,1147.7,6.6152,0.4997
540.98,1071.9,6.6196,0.49966
2709.2,1154.6,6.6301,0.49939
1361.5,936.59,6.6321,0.49949
1075.1,1345,6.6078,0.49971
2010.9,1310.7,6.615,0.49958
1398.5,1540.8,6.5972,0.49977
546.15,1427.8,6.5995,0.49982
687.39,801.37,6.6356,0.49952
904.93,955.28,6.6287,0.49956
1824.7,1314.4,6.6137,0.49961
1798.5,1453.7,6.605,0.49968
529.5,1101.9,6.618,0.49968
708.84,1513.2,6.595,0.49984
1941.4,1079,6.6275,0.49949
534.92,1506.1,6.5944,0.49986
1879.6,483.92,6.6626,0.49922
683.08,1164.5,6.6159,0.49968
899.82,945.78,6.6293,0.49955
675.99,1078.2,6.6207,0.49964
1127.9,1168.8,6.618,0.49962
663.05,673.87,6.6429,0.49947
543.01,1313.6,6.6067,0.49976
1056.5,343.72,6.6699,0.49922
907.72,1172.4,6.6168,0.49965
1551.6,1300,6.6135,0.49963
1920.7,1328.3,6.6132,0.4996
1841.6,1535.6,6.5992,0.49972
1603.3,505.41,6.6594,0.49926
702.29,811.98,6.6347,0.49953
697.27,1548.3,6.5923,0.49986
300.74,825.37,6.6302,0.49962
908.25,1219.7,6.6142,0.49967
1086.6,1178.7,6.6172,0.49963
1072.3,1484.8,6.5989,0.49978
2813,564.42,6.6646,0.4991
2042.6,470.69,6.6643,0.49919
2719.1,1441.5,6.6129,0.49952
679.63,1066.8,6.621,0.49964
664.81,755.7,6.6381,0.4995
536.67,1545.7,6.5914,0.49988
488.32,1194.3,6.6123,0.49973
1707.7,1403.3,6.6072,0.49967
2266,451.96,6.6671,0.49915
367.44,1063.5,6.618,0.4997
2623.5,1484.9,6.6088,0.49957
503.48,1071.3,6.6192,0.49967
1067.9,688.2,6.6445,0.49942
1573.3,532.93,6.658,0.49928
2737.9,1389.7,6.6162,0.49949
886.1,1485.4,6.5977,0.4998
1818.2,1401.2,6.6079,0.49965
1885.2,1323.1,6.6137,0.4996
709.69,1504.5,6.5953,0.49984
683.71,1146,6.6165,0.49967
525.28,977.52,6.624,0.49963
1336.4,1543.1,6.5963,0.49978
894.38,905.76,6.6309,0.49954
376.4,614.96,6.6436,0.4995
396.85,1016.5,6.6207,0.49967
1348,884.6,6.6353,0.49947
682.37,1111.1,6.6184,0.49966
2263.6,1212.1,6.6217,0.49951
2680.6,1426.4,6.6127,0.49953
309.71,597.88,6.6441,0.49951
1849.4,1162.2,6.6222,0.49954
1978.8,1281.6,6.6158,0.49958
363.35,876.68,6.628,0.49962
1815,1405.3,6.6078,0.49965
2582.3,419.94,6.6717,0.49908
693.57,1060.2,6.621,0.49963
904.03,1225.7,6.6135,0.49967
1672.5,1113.7,6.6238,0.49954
1489.7,1644.8,6.5881,0.49983
534.95,1150.9,6.6146,0.4997
1064.4,371.27,6.6669,0.49924
325.54,637.08,6.6411,0.49953
1974.5,1326.8,6.6135,0.4996
506.5,1110.7,6.6168,0.49969
1756,1331.3,6.6119,0.49963
2696,426.84,6.6722,0.49906
548.72,1491.6,6.5949,0.49986
1985.3,476.19,6.663,0.49921
2399.1,440.29,6.6684,0.49913
506.1,1044.2,6.6207,0.49966
2077.6,1543.2,6.5995,0.4997
502.13,968.09,6.6243,0.49963
2020.4,638.3,6.6521,0.49929
377.97,683.55,6.6392,0.49953
364.97,996.02,6.6211,0.49968
2618.7,415.75,6.6722,0.49907
2689.5,779.41,6.6493,0.49924
664.05,673.91,6.6422,0.49947
677.93,668.47,6.6426,0.49947
1714.3,1388.1,6.6077,0.49966
2317.6,1225.5,6.6215,0.49951
2474.5,432.92,6.6696,0.49911
1645.9,502.93,6.6591,0.49926
698.77,743.56,6.6379,0.4995
1086.5,1197.4,6.6155,0.49964
369.52,1057.3,6.6179,0.4997
2248.4,1149.7,6.6251,0.49948
1086.6,1213.6,6.6145,0.49965
1072.9,1054.3,6.6239,0.49958
713.71,1546.6,6.5915,0.49986
1116.1,1349.1,6.6068,0.49971
497.72,1092.9,6.6177,0.49968
2415.2,438.91,6.6685,0.49913
371.24,892.31,6.6271,0.49963
887.46,1201.7,6.6143,0.49967
329.88,276.75,6.6703,0.4993
709.31,1534.6,6.5926,0.49986
251.91,792.47,6.6308,0.49962
963.27,662.65,6.6449,0.49942
904.48,1253.1,6.6116,0.49969
1624.8,505.09,6.6587,0.49927
681.03,1069,6.6202,0.49964
686.03,1179.2,6.6142,0.49969
712.37,1458.1,6.5979,0.49981
433.48,721,6.6369,0.49954
2329.2,1142.8,6.6259,0.49947
677.8,653.16,6.6434,0.49946
1085.6,1215.6,6.6142,0.49965
1821.1,1184.8,6.6199,0.49956
2641.5,1430.4,6.6114,0.49955
532.61,1424.3,6.5989,0.49983
545.84,1321.3,6.6054,0.49977
887.38,1256.4,6.6111,0.49969
542.54,1071,6.6186,0.49967
1060.7,678.08,6.6447,0.49942
1533.2,636.7,6.6492,0.49935
1231.6,642.47,6.6475,0.49938
715.01,1035.2,6.6221,0.49962
686.87,1547.9,6.5914,0.49987
1673,1114.5,6.6233,0.49954
2674.1,408.06,6.6731,0.49906
686.46,1200,6.6129,0.4997
1689.9,1405.4,6.6062,0.49967
2732,399.01,6.6745,0.49904
2336,447.02,6.6671,0.49915
896.01,921.96,6.6293,0.49955
684.25,1133.9,6.6165,0.49967
367.18,734.44,6.6355,0.49956
909.65,1247.1,6.6116,0.49969
725.22,1242.5,6.6105,0.49971
2735.2,771.84,6.6499,0.49923
1298,1530,6.5959,0.49978
2078.1,1573.6,6.5965,0.49972
339.23,728.81,6.635,0.49957
906.83,940.73,6.6282,0.49956
887.97,1229.5,6.6124,0.49968
1116.4,1045.6,6.6242,0.49957
330.31,279.24,6.6698,0.4993
519.64,1099.8,6.6166,0.49969
2558.1,423.46,6.6705,0.4991
1395.8,1504.4,6.5987,0.49975
710.23,1526.2,6.5929,0.49985
2722.4,1425.3,6.6128,0.49952
1559.3,630.39,6.6502,0.49934
1276.4,1191.9,6.6172,0.49962
702.57,1489.1,6.5953,0.49984
2604.4,1485.2,6.6075,0.49958
526.59,413.06,6.6584,0.49936
902.71,832.14,6.634,0.49951
552.47,1493.8,6.5938,0.49986
1699.9,1380.6,6.6074,0.49966
1121.3,686.25,6.6434,0.49942
506.55,647.99,6.6419,0.49949
2306.5,1145,6.6252,0.49948
708.58,1555.2,6.5906,0.49987
2648.6,1428.9,6.6112,0.49955
1042.6,345.2,6.6683,0.49924
516.11,596.44,6.6451,0.49947
515.49,1096.5,6.6169,0.49969
874.24,1564.5,6.5908,0.49986
2234.7,1234.4,6.6197,0.49953
689.47,769.18,6.6362,0.49952
550.88,1546.8,6.5901,0.49989
701.84,1133.6,6.6159,0.49967
1712,498.92,6.659,0.49926
435.53,783.12,6.6327,0.49957
708.34,1467.4,6.5969,0.49982
455.28,895.93,6.6274,0.49961
686.36,799.77,6.6343,0.49953
1883.1,1388,6.6082,0.49964
1914.7,1063.2,6.6266,0.4995
391.6,306.27,6.6673,0.49931
530.43,1065.1,6.6184,0.49967
895.83,893.18,6.6304,0.49954
2653.9,411.17,6.6722,0.49907
1359.8,957.15,6.6297,0.49951
2742,397.68,6.6742,0.49904
1043.6,344.59,6.6682,0.49924
2324.7,1179.9,6.6228,0.49949
1733.6,497.12,6.6592,0.49926
2703.8,777.31,6.6488,0.49924
1560.2,520.35,6.6569,0.49929
2689.7,1166,6.6272,0.49942
2353.1,446,6.6667,0.49915
426.45,717.66,6.6365,0.49955
1839.5,1346.4,6.6103,0.49963
1694.7,1050.9,6.6262,0.49952
1820.4,490.93,6.66,0.49924
685.24,1132.2,6.616,0.49968
1744.1,1554.5,6.5964,0.49975
703.72,1447.7,6.5977,0.49982
881.59,856.16,6.6322,0.49953
2320.5,447.09,6.6664,0.49915
1362.2,588.77,6.6506,0.49935
327.06,662.99,6.6383,0.49955
365.75,628.4,6.6412,0.49952
1602.1,671.12,6.6468,0.49936
2707.2,837.98,6.6448,0.49928
2462.6,435.14,6.6682,0.49913
1330.2,941.22,6.63,0.49951
536.9,984.78,6.6223,0.49964
688.38,1546,6.5908,0.49987
1707.4,1439.9,6.6036,0.49969
2696.1,405.16,6.6728,0.49906
539.99,1557.1,6.5891,0.4999
2609.4,416.22,6.671,0.49909
1146,1038,6.6234,0.49958
703.99,1446.2,6.5977,0.49982
2560.9,1118.1,6.6283,0.49943
2319.7,1218.9,6.6206,0.49951
2215.4,458.84,6.6645,0.49918
583.39,1305.2,6.6055,0.49977
552.25,1518.2,6.5919,0.49988
1034.6,1493.3,6.5964,0.4998
2484.7,1212.4,6.6225,0.49948
378.52,579.29,6.6443,0.49949
530.79,1090.3,6.6169,0.49969
2692.1,1151.4,6.6278,0.49941
425.51,713.07,6.6366,0.49955
1678.2,1271.8,6.6134,0.49962
1047.5,1490,6.5967,0.4998
703.98,809.79,6.633,0.49954
2692.5,1138.1,6.6285,0.49941
2318,1220.7,6.6204,0.49951
510.39,659.28,6.6403,0.4995
1777.1,1344.8,6.6095,0.49964
1582.3,519.62,6.6565,0.49929
1858.8,1044.7,6.6271,0.4995
319.62,236.34,6.6741,0.49927
1680.1,1475.7,6.6007,0.49972
2620.5,1485.6,6.6064,0.49959
2561,1113.6,6.6285,0.49942
1972.8,1257.2,6.6156,0.49958
876.77,1483.6,6.596,0.49981
1365,962.22,6.6285,0.49952
1626.4,1458.8,6.6018,0.49971
549.01,1425.5,6.5978,0.49983
863.86,1564.3,6.5901,0.49986
956.58,456.73,6.6577,0.49932
1331,989.56,6.6271,0.49954
1799.1,493.4,6.6592,0.49925
359.02,678.3,6.6376,0.49955
1302.7,943.59,6.6291,0.49952
717.72,1524.4,6.5918,0.49986
1541,630.99,6.6488,0.49935
710.55,1546.9,6.5905,0.49987
1107.1,461.89,6.6582,0.49931
417.95,783.25,6.6319,0.49958
1037.5,381.92,6.6645,0.49927
2286.5,464.13,6.6647,0.49917
1121.4,1317.4,6.6073,0.49971
1818.5,1390.8,6.6069,0.49966
1760.2,1402.1,6.6056,0.49967
1939.7,1323.1,6.6117,0.49961
2738.3,808.17,6.6463,0.49926
330.91,281.38,6.6681,0.49931
1743.2,1513,6.5981,0.49973
531.38,1025,6.6199,0.49966
872.06,600.27,6.6467,0.49942
1199.7,1560.2,6.5922,0.49982
2752.4,396.17,6.6737,0.49904
2693.6,1157.4,6.6273,0.49941
1282.5,892.8,6.6325,0.4995
2007.2,555.36,6.6562,0.49926
2736,409.73,6.6727,0.49905
1859.6,1037.9,6.6268,0.4995
1079.7,1457.6,6.5987,0.49978
2707.2,403.94,6.6725,0.49906
1121,1318.2,6.6072,0.49971
509.93,626.67,6.642,0.49949
540.96,1542.5,6.5897,0.4999
684.54,695.6,6.6392,0.49949
1311,608.84,6.6484,0.49937
701.03,1158.6,6.614,0.49969
911.29,1262.2,6.6095,0.4997
1105,1029.9,6.6231,0.49958
328.25,674.47,6.6373,0.49956
1626.8,1449.4,6.6019,0.49971
512.72,624.98,6.6426,0.49949
896.31,864.76,6.6311,0.49954
676.15,1016,6.6215,0.49963
666.09,661.08,6.6413,0.49948
1074.2,1005.4,6.6249,0.49957
1932.6,1044,6.6268,0.4995
1976.4,1253.3,6.6157,0.49958
524.56,700.97,6.6374,0.49953
2687.9,1175.9,6.6258,0.49943
812.29,1399.4,6.6011,0.49978
2666.8,410.35,6.6714,0.49907
1050.8,1477.1,6.5971,0.49979
369.13,951.52,6.6221,0.49967
713.59,1502.2,6.5934,0.49985
359.26,774.28,6.6317,0.49959
2611.4,1485.8,6.6059,0.49959
524.91,671.31,6.6391,0.49951
700.85,1145.5,6.6146,0.49968
897.92,1484.6,6.5956,0.49982
1507.4,1454.8,6.6009,0.49973
721.55,1446.6,6.5968,0.49982
1328.4,602.3,6.6487,0.49937
530.33,1065.4,6.6177,0.49968
555.99,1519.5,6.5909,0.49989
1266.8,1236.5,6.6129,0.49965
2703.6,1189.6,6.625,0.49943
719.69,1502,6.593,0.49985
2739.4,832.59,6.6447,0.49927
910.73,1202.9,6.6124,0.49968
687.77,1492,6.5941,0.49985
490.13,1129.7,6.6135,0.49972
1984.2,599.44,6.6532,0.49929
1689.6,1401.6,6.6049,0.49968
2740.7,1148.6,6.6281,0.4994
1913.7,1345.8,6.6095,0.49963
1800,1435.1,6.6034,0.49969
704.17,1512.5,6.5925,0.49986
2263,1204.8,6.6203,0.49952
347.98,648.73,6.6388,0.49954
262.84,905.03,6.6231,0.49968
2741.4,856.56,6.6437,0.49928
2735.2,398.01,6.6731,0.49905
1625.4,1456.3,6.6013,0.49972
912.26,1235.7,6.6108,0.4997
403.45,1049.7,6.6167,0.4997
876.25,588.65,6.6468,0.49942
532.71,1102.9,6.6155,0.4997
704.34,1511.6,6.5925,0.49986
513.11,694.8,6.6375,0.49953
1079.9,1329.3,6.6059,0.49972
715.75,1448.2,6.5968,0.49982
2656.5,409.93,6.6712,0.49908
491.43,675.23,6.6389,0.49952
2709.6,862.71,6.6428,0.49929
370.77,903.75,6.6243,0.49965
1147.6,1021,6.6234,0.49958
687.77,735.55,6.6364,0.49952
377.14,493.35,6.6494,0.49945
692.62,1487.5,6.594,0.49985
701.77,1555.3,6.5892,0.49988
2707.3,831.82,6.6446,0.49928
541.21,1427,6.5966,0.49984
1246.7,1556.4,6.5925,0.49981
880.35,1561.9,6.5898,0.49986
563.45,1568.6,6.5874,0.49991
1970.7,479.85,6.6605,0.49923
546.14,1544.4,6.5887,0.49991
1120.7,1332.8,6.6058,0.49972
706.92,1199.8,6.611,0.49971
2766.7,311.57,6.6815,0.49898
523.96,667.01,6.6389,0.49951
2008.8,558.91,6.6555,0.49927
1106.9,396.84,6.6631,0.49927
389.73,892.43,6.6249,0.49964
339.6,228.45,6.6744,0.49926
373.03,657.39,6.638,0.49954
1353,949.15,6.6292,0.49952
689.27,1465.2,6.5955,0.49984
249.8,493.32,6.6474,0.49949
382.66,777.95,6.6311,0.4996
1848.4,1232.2,6.6158,0.49959
885.92,916.52,6.6277,0.49956
1331.9,955.8,6.6281,0.49953
706.2,1458.1,6.5959,0.49983
2634.7,415.42,6.6702,0.49909
2650.8,1479.6,6.6063,0.49959
357.17,889.82,6.6246,0.49965
1925.1,1101,6.6235,0.49952
250.86,382.1,6.6564,0.49942
406.74,782.11,6.6311,0.49959
1611.3,1277.8,6.6116,0.49964
1680.3,1637.3,6.5874,0.49982
386.39,622.77,6.6402,0.49952
1598,1385,6.6055,0.49969
1916.9,1318.9,6.6111,0.49962
555.26,1533.3,6.5898,0.4999
904.37,917.67,6.6278,0.49956
1041.1,1467,6.5972,0.49979
515.3,1088.2,6.616,0.49969
1526.5,643,6.6467,0.49937
1799.2,1437,6.6031,0.49969
615.62,612.05,6.6434,0.49947
908.97,1284.3,6.6073,0.49972
242,324.78,6.6613,0.49939
890.96,1149.2,6.615,0.49966
1271,994.41,6.6255,0.49955
2315.1,1176.3,6.6223,0.4995
386.53,668.38,6.6376,0.49954
2522.9,429.89,6.6678,0.49912
706.39,1167.9,6.6125,0.4997
379.13,547.06,6.6453,0.49948
523.92,1166.8,6.6115,0.49973
1584.7,590.13,6.6507,0.49933
1081,1489.7,6.5961,0.4998
1917,1130.7,6.6213,0.49954
317.45,826.77,6.6277,0.49963
643.98,399.89,6.6588,0.49935
891.01,1111,6.6172,0.49965
1861,1391.8,6.6059,0.49966
1094.5,1068.4,6.6202,0.49961
680.01,1251.8,6.608,0.49974
703.87,1534.3,6.5905,0.49987
727.68,1104.2,6.6161,0.49967
561.74,1460.7,6.5945,0.49986
1106.3,1047.9,6.6213,0.4996
1118.1,1365.3,6.6036,0.49974
248.99,513.93,6.6458,0.49951
499.71,683.97,6.6374,0.49953
522.98,633.84,6.6407,0.4995
1867,1316.2,6.611,0.49962
691.83,1212.7,6.6101,0.49972
660.78,846.34,6.6297,0.49957
533.45,985.8,6.6212,0.49965
2108.5,1528.3,6.5981,0.49971
1146.6,883.86,6.6304,0.49952
545.52,1215.1,6.6089,0.49975
875.98,1497.1,6.594,0.49983
2295.1,1182.8,6.621,0.49951
1104.2,1357.5,6.6046,0.49973
1236.2,1557,6.5917,0.49982
1130.9,1347.3,6.6046,0.49973
1119.3,1335.1,6.6053,0.49972
694.09,1455.6,6.5957,0.49983
1711.5,1435.4,6.6025,0.4997
923.12,1120.9,6.6166,0.49965
1654.4,648.41,6.6477,0.49935
1135.1,903.52,6.6292,0.49953
2641.5,1477,6.6066,0.49959
1876.2,1241.4,6.6148,0.49959
909.63,913.38,6.6276,0.49956
2718.7,402.76,6.6718,0.49906
521.66,1061.8,6.6166,0.49969
856.87,602.65,6.6455,0.49943
710.72,1473.2,6.5944,0.49984
913.53,1208.9,6.6116,0.49969
699.15,1060.7,6.6183,0.49966
688.16,768.66,6.6343,0.49953
2724.6,774.52,6.6475,0.49925
2699.5,1119.8,6.6282,0.49941
910.12,929.16,6.6268,0.49957
2695.8,1163.1,6.6257,0.49943
2537.2,428.13,6.6679,0.49912
694.28,1456.5,6.5955,0.49984
1042.2,373.4,6.6638,0.49927
2563.6,422.96,6.6686,0.49911
1106.9,1012.8,6.623,0.49958
1136.5,1059.1,6.6207,0.4996
850.24,1366.3,6.6024,0.49977
904.15,1141.5,6.6152,0.49966
2744.7,1094.3,6.63,0.49939
393.52,1058.1,6.6158,0.49971
1586.5,593.65,6.6503,0.49934
560,1163.6,6.6113,0.49973
2644.9,1420.6,6.6102,0.49956
711.29,1191.5,6.6112,0.49971
516.07,692.71,6.6374,0.49953
1191.1,1557.2,6.5915,0.49983
711.88,1210.5,6.6101,0.49972
907.89,854.41,6.6307,0.49954
912.01,1230.1,6.61,0.4997
893,1498.9,6.5938,0.49983
1253.1,638.17,6.6453,0.4994
498.68,649.36,6.6392,0.49952
250.69,380.31,6.6561,0.49943
707.22,783.44,6.633,0.49954
2271,1147,6.6227,0.4995
685.54,1055.7,6.6183,0.49966
316.95,615.28,6.6396,0.49954
696.26,1569.2,6.5872,0.4999
250.64,429.77,6.6517,0.49946
2707.6,814.07,6.6443,0.49928
546.06,1492.8,6.5916,0.49988
450.63,1397.5,6.5977,0.49985
1304.8,967.9,6.6264,0.49954
909.71,900.16,6.6281,0.49956
1565.9,522.72,6.6548,0.4993
1011.6,1620.8,6.585,0.49989
908.38,1278.6,6.6076,0.49972
694.52,1445.7,6.596,0.49983
1717.7,1425.6,6.6025,0.4997
2269,1185,6.6204,0.49952
2711.7,1133.5,6.6273,0.49941
2506.2,1187.9,6.6217,0.49948
1895.8,1290.2,6.6117,0.49962
2683,1419.8,6.6099,0.49955
1131.7,1223.8,6.6114,0.49967
1855.4,1357.4,6.6074,0.49965
1517.9,1533.2,6.5942,0.49978
427.29,745.37,6.6327,0.49958
508.17,530.11,6.647,0.49945
2710.6,1144.1,6.6266,0.49942
385.27,638.35,6.6386,0.49954
572.55,1172.2,6.6113,0.49972
500.53,654.04,6.6387,0.49952
2692.8,1134.4,6.627,0.49942
495.03,639.64,6.64,0.49951
2707.5,1171.3,6.6251,0.49943
534.18,1010.6,6.6197,0.49966
250.31,461.39,6.649,0.49948
685.96,1054.2,6.6182,0.49966
554.61,1183.2,6.6102,0.49973
483.27,735.26,6.6339,0.49956
695.1,1443.8,6.5959,0.49983
556.75,1483.9,6.5926,0.49987
528.24,1205.5,6.6088,0.49975
2029.4,1574.7,6.5935,0.49975
1234.1,1558.1,6.591,0.49983
914.41,1139.7,6.6146,0.49967
980.25,454.27,6.6564,0.49933
414.19,1030.4,6.6169,0.4997
1548.7,632.5,6.6471,0.49936
904.96,888.73,6.6286,0.49956
1116.3,687.73,6.6412,0.49944
1045.2,374.33,6.6631,0.49928
909.11,864.26,6.6295,0.49955
705.44,1532.6,6.5899,0.49988
895.97,1481,6.5947,0.49982
1452.9,1532.2,6.5936,0.49979
1305.9,1491.6,6.596,0.49978
687.96,640.92,6.641,0.49948
348.06,685.14,6.6353,0.49957
522.58,1060.5,6.6161,0.49969
348.54,734.65,6.6324,0.49959
912.38,1256.7,6.6081,0.49972
2382,520.45,6.6594,0.4992
2256.6,1238.1,6.6168,0.49955
387.27,963.92,6.6203,0.49968
379.02,476.37,6.6495,0.49945
694.46,1501.7,6.5919,0.49986
1915.1,1345,6.6082,0.49964
515.46,659.09,6.6389,0.49952
1634,1352,6.6067,0.49967
706.37,779.22,6.6327,0.49954
1058.5,456.77,6.6563,0.49933
718.27,785.84,6.6324,0.49954
884.09,805.1,6.6328,0.49953
596.69,417.85,6.6567,0.49937
712.19,1177,6.6111,0.49971
561.45,1485.5,6.5925,0.49987
2247.8,1145.4,6.6222,0.49951
1120.5,997.94,6.624,0.49958
2690.7,1147.8,6.6259,0.49943
563.7,1322.1,6.6019,0.4998
911.49,922.69,6.6261,0.49958
292.45,1084.1,6.6127,0.49976
2726.1,859.82,6.6419,0.49929
1646.3,1505.5,6.5966,0.49975
1858.3,1014.7,6.6264,0.4995
1095,1453.3,6.5973,0.49979
387.7,729.89,6.6327,0.49958
394.59,712.97,6.6337,0.49957
550.33,987.85,6.62,0.49966
2206.1,481.55,6.6612,0.49921
2694.3,1173.1,6.6244,0.49944
431.3,705.99,6.6352,0.49956
1694.6,1363.8,6.6061,0.49967
875.73,1515.8,6.5918,0.49985
339.95,622.92,6.6388,0.49954
707.53,1500.5,6.5919,0.49986
2740.1,825.64,6.644,0.49928
1938.3,1321.3,6.6096,0.49963
706.71,1524.2,6.5902,0.49988
511.65,655.9,6.6384,0.49952
894.29,1461.7,6.5955,0.49982
1276.3,966.08,6.6261,0.49955
2732.5,1182.8,6.6243,0.49943
720.33,818.45,6.6304,0.49956
336.53,276.08,6.6675,0.49932
1313.3,1294.2,6.6081,0.49969
707.49,1501.9,6.5917,0.49986
1899.6,1087.1,6.6225,0.49953
1117.4,1212.7,6.6121,0.49967
2718.2,1420.6,6.6102,0.49954
1215.9,1523.3,6.5931,0.49981
1466.6,561.28,6.6508,0.49934
1906.3,1049.8,6.6249,0.49951
2542.4,1120,6.6257,0.49945
2655.8,1473.3,6.6061,0.49959
558.46,1322,6.6019,0.4998
2706.7,1171.5,6.6246,0.49943
502.63,688.63,6.6361,0.49954
707.57,1566.2,6.587,0.4999
696.39,694.03,6.6377,0.4995
2318.5,1205.7,6.6186,0.49953
2661.2,424.12,6.6688,0.4991
2514.6,1123.1,6.6252,0.49946
1244.9,1543,6.5913,0.49982
723.7,1387.8,6.5988,0.49981
1306.8,916.36,6.6286,0.49953
639.04,1631.6,6.5816,0.49995
273.04,222.91,6.673,0.49929
1764.9,1226.8,6.614,0.49961
526.6,639.65,6.6392,0.49951
2655.9,1476,6.6053,0.49959
695.08,1510,6.591,0.49987
1983.9,1173.9,6.6182,0.49956
1074.9,847.44,6.6316,0.49952
2690.9,783.68,6.6454,0.49927
545.11,1071.4,6.6157,0.49969
713.38,1444,6.5953,0.49984
2706.1,863.64,6.6411,0.4993
395.08,930.78,6.6214,0.49967
893.65,1285.2,6.6061,0.49973
887.33,1516,6.5916,0.49985
1651.7,1312.5,6.6083,0.49966
1967.4,1306.5,6.6104,0.49962
366.42,950.92,6.6203,0.49968
883.11,1460.6,6.5953,0.49982
2711.2,1130.3,6.6267,0.49942
2099,1534,6.5963,0.49972
2695.2,1160.3,6.6249,0.49943
375.11,912.65,6.6224,0.49967
1590.4,602.61,6.6489,0.49935
1075.7,1462.4,6.5958,0.4998
2326.4,1179.1,6.6202,0.49951
2263.7,1211.6,6.618,0.49954
545.14,1536.3,6.5882,0.49991
2708.9,1097.1,6.6284,0.4994
2186.3,461.04,6.6616,0.4992
915.9,1192.9,6.6114,0.49969
720.1,1065.4,6.6167,0.49967
2495.9,1125,6.6247,0.49946
555.66,1444.6,6.5944,0.49986
2708.5,1160,6.6249,0.49943
1799.8,1433.9,6.6015,0.4997
693.5,1552.9,6.5877,0.4999
908.17,888.06,6.6275,0.49957
1366.7,1509.9,6.5945,0.49979
387.68,1156.1,6.6096,0.49976
699.5,1543.9,6.588,0.49989
534.74,1023.6,6.6178,0.49968
693.33,949.12,6.623,0.49962
379.55,914.63,6.6224,0.49966
686.68,1119.7,6.6141,0.49969
438.1,1169.4,6.6093,0.49976
530.22,707.96,6.6349,0.49955
516.96,1160,6.6104,0.49974
710.89,846.42,6.6284,0.49958
563.28,1320.4,6.6016,0.4998
545.94,1532.1,6.5883,0.49991
702.81,1443.5,6.5948,0.49984
714.79,1223.2,6.6083,0.49973
514.09,1099.8,6.6135,0.49971
2486.1,1163.9,6.6222,0.49948
1749.1,519.09,6.6553,0.49929
710.21,1542.9,6.5882,0.49989
715.41,1045.2,6.6184,0.49965
511.68,1061,6.6156,0.4997
377.99,642.28,6.6372,0.49955
1198.2,1527.9,6.5918,0.49982
1589.7,1382.4,6.6038,0.4997
1767.8,1461.3,6.5994,0.49972
1644.4,1440.7,6.6004,0.49972
1806.3,998.89,6.6263,0.49951
882.61,1469.3,6.5945,0.49983
1698.5,1403.7,6.6031,0.4997
320.8,634.06,6.6374,0.49956
724.57,1386.4,6.5985,0.49981
2484.2,433.33,6.6658,0.49914
551.52,1571.3,6.5852,0.49993
498.39,1145.1,6.6106,0.49974
2042.6,1267.3,6.6136,0.49959
2702.1,1136.5,6.6266,0.49942
1136.6,469.18,6.6552,0.49933
1252.2,1526.3,6.5921,0.49982
910.93,871.89,6.6285,0.49956
1915.5,1340.2,6.6081,0.49964
905.62,822.83,6.6309,0.49954
520.26,1059.5,6.6158,0.4997
1814.2,1364.1,6.6057,0.49967
379.95,516.17,6.6459,0.49948
2634.1,1439,6.6076,0.49958
2726.7,1183.1,6.6237,0.49944
791.17,1611.6,6.5836,0.49992
693.8,1553.8,6.5874,0.4999
1747.2,1433.4,6.6014,0.49971
2015.2,567.94,6.6533,0.49928
1661,1454.2,6.5996,0.49973
912.19,894.15,6.6269,0.49957
894.24,1136.8,6.614,0.49967
2709.5,1145.7,6.6255,0.49943
1955.9,1348.8,6.6078,0.49964
624.2,458.64,6.6524,0.4994
302.46,818.9,6.6262,0.49965
873.74,1533.8,6.5898,0.49986
2066.5,1279.1,6.6124,0.4996
2725.7,771.64,6.6462,0.49926
484.06,1191.8,6.6079,0.49976
554.06,1158.4,6.6102,0.49974
2022,1327.6,6.6093,0.49963
2694.8,834.08,6.6423,0.4993
2386.3,530.27,6.6582,0.49921
550.31,1517.9,6.5886,0.49991
702.39,1499.7,6.5909,0.49987
366.85,683.08,6.6344,0.49957
708.65,752.76,6.6334,0.49954
587.45,1167.3,6.6102,0.49973
896.98,1515.4,6.5912,0.49985
2731.2,399.99,6.6706,0.49907
388.78,1159.1,6.609,0.49977
2409.7,440.98,6.6643,0.49916
1787.3,1406.2,6.6029,0.49969
1094.9,1340.7,6.6032,0.49974
649.36,1295.3,6.6035,0.49978
1691.1,1451.9,6.5998,0.49973
1346.5,942.39,6.6266,0.49954
707.85,1058.2,6.6167,0.49967
344.32,625.73,6.6376,0.49955
2365.1,1414.6,6.606,0.49962
1093.7,1233.4,6.6094,0.49969
744.21,1648.9,6.5799,0.49995
2514.7,1128.2,6.6239,0.49947
1078.7,899.68,6.6281,0.49955
1113.9,678.93,6.641,0.49944
1947.6,1063.2,6.6238,0.49952
695.97,1523.2,6.5894,0.49988
887.87,1561.1,6.5877,0.49988
913.91,1166.8,6.612,0.49969
1890.9,1091,6.6217,0.49954
2713,403.07,6.67,0.49908
305.71,1089.4,6.612,0.49976
697.05,681.06,6.6377,0.4995
2499.8,1162.1,6.6227,0.49948
1872.4,1136.9,6.6192,0.49956
510.3,532.39,6.6455,0.49946
1476.5,1638.8,6.5841,0.49986
1337.4,1655.4,6.582,0.49989
2301.8,1146.6,6.6214,0.49951
383.88,774,6.6293,0.49961
1146.5,468.42,6.6548,0.49933
889.89,1634.5,6.5819,0.49992
894.96,1469.9,6.5941,0.49983
2721.8,1393.4,6.611,0.49954
719.05,754.6,6.6331,0.49954
917.04,1157.4,6.6127,0.49968
1899.1,1364.5,6.6061,0.49966
1768.7,1460.5,6.599,0.49973
1057.3,1461.9,6.5955,0.4998
661.1,1624.9,6.5813,0.49995
1974.3,1306.6,6.6099,0.49963
1264.5,632.94,6.6438,0.49941
2732.9,1181.1,6.6236,0.49944
562.79,1449.3,6.5938,0.49986
549.41,1358,6.5989,0.49982
2267.6,1181.6,6.6191,0.49953
1644.7,1439.6,6.6,0.49973
878.6,1506.8,6.5914,0.49985
1152.1,1004.6,6.6219,0.49959
731.91,1424.3,6.5961,0.49983
1255.1,1555.1,6.59,0.49983
1701.8,1095.4,6.6203,0.49956
1093.4,1356.1,6.6019,0.49975
744.74,1648.1,6.5798,0.49995
543.68,1440.9,6.5938,0.49987
1096.9,912.04,6.6266,0.49956
670.47,648.02,6.6394,0.49949
712.85,1203.5,6.6086,0.49973
697.53,1499.5,6.5909,0.49987
1352.6,598.1,6.6464,0.49938
885.58,1533.5,6.5895,0.49986
1151.8,469.95,6.6547,0.49933
1749.7,1141.3,6.618,0.49958
1765.4,1436.3,6.6007,0.49971
2812.7,528.08,6.6616,0.49912
2034.1,1250.5,6.6131,0.4996
1275.2,970.73,6.6247,0.49956
1616.5,1364.3,6.6045,0.49969
711.94,1171.9,6.6103,0.49972
1722.3,1390.3,6.603,0.4997
1320.7,1281.2,6.6079,0.49969
904.41,1470,6.5939,0.49983
1820.4,1370.1,6.6053,0.49967
2739.5,1109.8,6.6273,0.49941
2703.4,1143.8,6.625,0.49943
408.43,914.39,6.6216,0.49967
715.2,1178.8,6.6101,0.49972
1150.6,868.24,6.6292,0.49953
377.09,1134.6,6.6098,0.49976
1148,1186.1,6.6119,0.49967
1291.8,1269.4,6.6079,0.49969
716.32,717.05,6.6351,0.49952
264.73,781.42,6.6269,0.49965
2658.5,486.08,6.6629,0.49914
264.33,739.37,6.6297,0.49963
2024.4,1165.1,6.6183,0.49956
2812.9,526.46,6.6617,0.49912
383.59,604.79,6.6393,0.49953
379.54,492.79,6.647,0.49947
713.37,1520.4,6.5891,0.49988
1926.9,1303.8,6.6095,0.49963
570.8,1560.4,6.5858,0.49993
713.92,1046.8,6.6171,0.49966
523.04,729.1,6.6334,0.49956
1836.2,1000.2,6.6262,0.49951
1297.5,994.16,6.6234,0.49957
2710.1,863.29,6.6399,0.49931
1199,566.93,6.6478,0.49938
251.9,451.67,6.6481,0.49949
1108.6,875.08,6.6285,0.49954
1320.9,1288.8,6.6074,0.49969
1851.5,1308.7,6.6086,0.49964
536.61,1185.6,6.608,0.49975
2700.3,1170.6,6.6233,0.49945
848.41,1595.1,6.5841,0.49991
2733.7,1091.9,6.6281,0.4994
895.54,1200.4,6.6099,0.4997
1275,984.43,6.6237,0.49957
2686.9,1175.2,6.6229,0.49945
2701.7,1160.2,6.6238,0.49944
1321.2,1244.1,6.6097,0.49967
704.32,675.5,6.6373,0.49951
2698.6,864.8,6.6398,0.49932
2030.8,1248.7,6.6131,0.4996
2637,450.72,6.6651,0.49913
1241.5,1549.7,6.5895,0.49984
1295,1244.6,6.6092,0.49968
1350.5,1265.9,6.6082,0.49968
890.87,915.97,6.6252,0.49958
1745.7,1140.9,6.6173,0.49958
1192.2,1542.9,6.5897,0.49984
1249.7,1558,6.5889,0.49984
1671.6,1532.5,6.5929,0.49978
2719.8,1180,6.6229,0.49945
2634.5,1434.5,6.6069,0.49958
2289.8,1231.1,6.6161,0.49955
2208,460.24,6.6607,0.49921
812.02,1496.7,6.5914,0.49986
1680.4,1391.7,6.6028,0.4997
542.31,1210.4,6.6068,0.49976
697.52,1521.3,6.589,0.49989
715.31,1159.9,6.6108,0.49971
549.13,1178.2,6.6086,0.49975
1614.9,1363.9,6.6041,0.4997
897.62,1504.7,6.5909,0.49985
1122.7,893.64,6.628,0.49954
252.26,401.46,6.6521,0.49946
2680,1410.9,6.609,0.49956
1434.9,1547.7,6.5912,0.49981
1012.8,1618.4,6.5832,0.4999
901.39,1494.8,6.5919,0.49985
831.42,1638.4,6.5806,0.49994
622.06,468.68,6.6504,0.49941
2077.8,827.82,6.6371,0.4994
2271.8,1151.7,6.62,0.49952
2739.7,778.88,6.6447,0.49927
716.8,717.08,6.6348,0.49953
715.33,1498.5,6.5903,0.49987
2270.9,1142.3,6.6208,0.49952
1527.1,536.41,6.6511,0.49934
1147.5,1203.2,6.6105,0.49968
383.49,602.95,6.6391,0.49953
2708.4,785.15,6.6439,0.49928
1706.8,1131.3,6.6175,0.49959
564.06,1077.6,6.6137,0.49971
912.01,918.12,6.6246,0.49959
1922.6,1045.1,6.6237,0.49952
697.72,1530.4,6.5882,0.49989
963.86,674.48,6.6389,0.49947
888.09,1524.8,6.5896,0.49986
1559.3,524.78,6.652,0.49933
703.59,1521.2,6.5885,0.49989
2738.1,1179.5,6.623,0.49944
891.31,1506.1,6.5909,0.49985
1840.2,1284.5,6.6095,0.49964
1181.4,1557.4,6.5888,0.49985
2000,1325.3,6.6081,0.49964
1116.6,1451.7,6.5954,0.4998
2290.5,1227.1,6.6161,0.49955
550.26,1458.5,6.5918,0.49988
2515,1117.8,6.624,0.49947
843.53,1376.9,6.5988,0.4998
840.7,596.16,6.6429,0.49945
717.49,1208.3,6.6076,0.49974
1673.3,1292.1,6.6086,0.49966
833.59,1473.6,6.5924,0.49985
753.34,1643.4,6.5796,0.49995
2328.6,1146.8,6.6205,0.49951
2764.5,437.43,6.6673,0.49909
1829.2,1354,6.6053,0.49967
1303.3,964.23,6.6247,0.49956
904.88,1458.4,6.5938,0.49983
1757.6,1152.3,6.6165,0.49959
2704.4,1132.6,6.625,0.49943
1752.8,1164,6.6162,0.49959
2325.4,1175.9,6.619,0.49952
2483.7,1173.6,6.6204,0.4995
370.17,429.43,6.6509,0.49944
391.59,1171.9,6.607,0.49978
400.08,697.58,6.6328,0.49958
252.23,401.15,6.6518,0.49946
895.55,1532.5,6.5889,0.49987
409.71,921.51,6.6206,0.49967
374.14,610.06,6.638,0.49954
2663.3,436.56,6.6667,0.49911
1261,643.62,6.6426,0.49942
398.2,299.38,6.6633,0.49934
2037.8,474.83,6.6582,0.49924
1324.7,1260.6,6.6085,0.49968
1250.3,1520.3,6.5917,0.49982
1208.1,1501,6.5924,0.49982
1487.9,1646.6,6.5825,0.49987
519.39,852.55,6.6255,0.49962
1109.1,1178.1,6.6115,0.49967
1908.2,1050.7,6.6232,0.49953
1322.3,1285.3,6.6071,0.49969
380.9,660.95,6.6348,0.49957
1755.7,1170.7,6.6153,0.4996
2312.2,1229.2,6.6159,0.49955
456.39,1181.5,6.6071,0.49977
2700.5,1096.8,6.6268,0.49942
1887.3,1217,6.6134,0.4996
1892.3,1229,6.6128,0.49961
1420.9,1478,6.595,0.49978
918.98,1145,6.6125,0.49968
1107.4,1212.7,6.6095,0.49969
417.6,718.81,6.6322,0.49958
1389.3,585.78,6.6466,0.49938
2741.1,774.73,6.6449,0.49927
1923.2,1199.3,6.6146,0.49959
1262.3,1499.6,6.5927,0.49981
967.3,527.15,6.6487,0.4994
2751.5,397.15,6.6699,0.49907
1838.5,935.38,6.6286,0.49949
2668.4,436.34,6.6666,0.49911
893.66,1494.3,6.5915,0.49985
1774.4,1428.4,6.6006,0.49971
885.21,1542.4,6.588,0.49988
1061.1,458.07,6.6542,0.49934
452.01,1348.8,6.5982,0.49984
715.82,1147.1,6.611,0.49971
822.75,596.31,6.6429,0.49945
557.81,1409.2,6.595,0.49985
1714.3,1413.7,6.6007,0.49972
1229,1507.5,6.592,0.49982
2048.3,1163.7,6.6177,0.49956
1137.3,1330.3,6.6028,0.49974
340.02,1061.4,6.6123,0.49975
1413.8,1493.8,6.5938,0.49979
2235.1,1238.3,6.6146,0.49957
252.47,419.89,6.65,0.49947
1984.9,944.27,6.6292,0.49947
1080.2,1168.8,6.6124,0.49967
1188.8,1550.3,6.5886,0.49985
1272.7,1506.2,6.5922,0.49981
2739.5,857.08,6.6402,0.49931
1666.7,650.87,6.6444,0.49938
714.47,1111.4,6.6126,0.4997
1249,1533,6.5902,0.49983
564.02,1540.5,6.586,0.49992
1108.6,1195.5,6.6103,0.49968
2050.6,1168.3,6.6171,0.49956
2325.7,1417,6.6042,0.49964
1327.9,1233.4,6.6099,0.49967
1082.7,1373.3,6.5999,0.49977
1791.3,1522.8,6.594,0.49976
1799.7,1329.2,6.6067,0.49966
1613.6,1399.5,6.6014,0.49972
1224,1503.7,6.5926,0.49981
1787,1432.3,6.5998,0.49972
812.02,1508.9,6.59,0.49987
1195.7,1534.4,6.5897,0.49984
383.82,570.91,6.6406,0.49952
898.64,1445.9,6.5952,0.49982
2729.2,1154.5,6.6238,0.49944
716.69,1515.1,6.5891,0.49988
2753.1,1364.2,6.6122,0.49952
1118.3,728.61,6.6367,0.49948
382.91,537.72,6.6428,0.4995
1197.5,1558.4,6.5879,0.49985
1844.9,1270.8,6.6102,0.49963
911.1,859.67,6.6273,0.49957
1798.1,1370.5,6.6037,0.49969
2728.5,829.01,6.6415,0.4993
2327.5,1415.8,6.6042,0.49964
510.26,951.03,6.6199,0.49967
2685.8,408,6.6681,0.4991
628.42,1268,6.6033,0.49978
699.01,664.48,6.6375,0.49951
1371.3,913.83,6.627,0.49953
1752.8,1520.8,6.594,0.49977
568.19,1200.3,6.6066,0.49976
2697.6,1130.7,6.6247,0.49944
938.19,1234.2,6.6071,0.49972
892.53,1549.7,6.5873,0.49988
2318.6,1162.4,6.6193,0.49952
729.55,1565.7,6.585,0.49991
892.16,1540.6,6.5877,0.49988
1887.2,1326.5,6.6068,0.49966
1653.3,1439.2,6.5988,0.49974
931.37,838.35,6.6286,0.49956
1813.6,1368.5,6.6042,0.49968
1110.3,858.05,6.6285,0.49954
890.62,1301.2,6.6034,0.49976
543.59,711.55,6.633,0.49956
260.56,521.2,6.642,0.49953
1857,1220.5,6.6128,0.49961
1816.2,1517.3,6.594,0.49976
1261,1556.6,6.5883,0.49985
538.51,894.96,6.6226,0.49964
381.98,516.79,6.6443,0.49949
909.19,1504.5,6.5902,0.49986
919.16,1442.1,6.5948,0.49982
1732.7,1039.7,6.622,0.49955
2063.2,640.55,6.6465,0.49933
2631.9,416.12,6.6667,0.49912
1668.3,1484.3,6.5961,0.49976
888,1560,6.5862,0.49989
938.74,1207.5,6.6085,0.49971
558.88,392.79,6.6555,0.49938
1673.2,1630.1,6.5845,0.49985
878.11,1524.4,6.589,0.49987
953.37,464.18,6.6526,0.49937
365.06,278.58,6.6648,0.49934
430.45,711.46,6.6322,0.49958
936.8,930.49,6.6234,0.49959
2494.6,1161.5,6.6206,0.49949
895.96,1522.5,6.5889,0.49987
466.15,1118.5,6.61,0.49975
1862.2,1033.1,6.6233,0.49953
1147.1,721.5,6.6364,0.49948
1111.3,892.8,6.6265,0.49956
385.43,997.71,6.6158,0.49972
1354.9,1240.7,6.6088,0.49968
1202.5,1517.6,6.5907,0.49983
1935.5,1132.4,6.6179,0.49957
873.43,1549.9,6.587,0.49989
535.46,945.44,6.6197,0.49966
248.05,203.89,6.6732,0.49929
2662.5,495.55,6.6614,0.49915
563.86,1510.4,6.5882,0.49991
2501.2,1210.5,6.618,0.49951
747.04,1267.3,6.6042,0.49976
1285.9,1290.2,6.606,0.4997
1361.6,911.77,6.6271,0.49953
665.2,1299.1,6.6019,0.49979
718.64,985.89,6.6189,0.49965
699.25,1530.8,6.5874,0.4999
819.19,1637.8,6.5798,0.49995
253.06,421.3,6.6495,0.49948
2707.6,1155.2,6.6232,0.49945
2089.2,1226.5,6.6136,0.49959
1603.8,1361.2,6.6031,0.49971
1927.8,1100.7,6.62,0.49955
1669.6,1292.3,6.6079,0.49966
938.24,1260.3,6.6053,0.49974
2829.9,569.4,6.6577,0.49915
1730.5,1533.2,6.5923,0.49978
1872.7,1057.6,6.6216,0.49954
2632.6,1456.2,6.604,0.49961
2237.2,1204,6.6162,0.49955
706.15,1043.5,6.6161,0.49967
533.89,740.03,6.631,0.49958
1897.1,487.1,6.6558,0.49927
1779.8,1419.5,6.6002,0.49972
1601.8,1426.5,6.5989,0.49974
542.57,1172.8,6.6079,0.49975
912.84,798.93,6.6303,0.49954
2369.2,571.48,6.6536,0.49925
2727.8,1164.3,6.6228,0.49944
908.02,1460,6.5933,0.49983
2742.8,856.47,6.6394,0.49931
400.45,1011,6.615,0.49972
2475,435.59,6.6635,0.49916
2542.6,1114.1,6.6237,0.49947
888.32,817.38,6.6296,0.49955
1426.6,573.52,6.647,0.49937
413.22,716.16,6.6321,0.49958
903.49,814.52,6.6297,0.49955
891.68,909.92,6.6245,0.49959
562.42,1031.7,6.6153,0.49969
1099.7,1324.3,6.6024,0.49975
875.33,1541.8,6.5874,0.49988
1728.6,1294.7,6.6078,0.49966
929.67,1259.6,6.6052,0.49974
1343,913.6,6.6267,0.49954
1644.7,1406,6.6006,0.49972
1026.2,1615.9,6.5825,0.49991
471.37,1143.5,6.6087,0.49976
736.83,1002,6.6184,0.49965
394.31,713.9,6.6314,0.49959
2072,1225,6.6137,0.49959
901.7,1505.5,6.5901,0.49986
1814.5,1325.7,6.6064,0.49966
379.87,1088.6,6.611,0.49975
1251.1,641.25,6.6416,0.49943
2356.5,565.68,6.6533,0.49925
884.92,1549.5,6.5869,0.49989
903.06,801.27,6.6304,0.49954
343.7,273.85,6.6647,0.49934
2077,1266.5,6.6115,0.49961
1854.3,1348.8,6.6052,0.49967
541.86,1210.1,6.6054,0.49977
1862.8,1016.9,6.6236,0.49953
2700.3,865.47,6.6385,0.49933
567.34,1356.7,6.5972,0.49984
696.94,1194.4,6.6078,0.49974
1697.5,1360.9,6.6032,0.4997
707.2,1612.5,6.5811,0.49995
2641.1,1437.7,6.6051,0.4996
674.09,1355.1,6.5983,0.49982
2491.6,1525.6,6.5978,0.49967
2000,1171.4,6.6159,0.49958
2580.3,441.43,6.6644,0.49914
903.31,1479.8,6.5916,0.49985
364.35,740.03,6.6292,0.49961
1718.6,1147.2,6.616,0.4996
2654.3,1432.6,6.6062,0.49959
478.03,976.19,6.6178,0.49969
1815.9,1416.5,6.6003,0.49971
2725.4,778.35,6.6437,0.49928
895.09,1631.3,6.5805,0.49994
533.3,1166.6,6.608,0.49976
1956.6,1204.9,6.6136,0.4996
2487.6,1524,6.5981,0.49967
2049,643.39,6.6457,0.49934
1418.4,1473.7,6.5949,0.49978
686.28,738.14,6.632,0.49955
2740.8,1148.4,6.6237,0.49944
535.3,973.01,6.6182,0.49968
542.88,677.16,6.6345,0.49955
686.12,1579.4,6.5834,0.49993
573.38,1542.1,6.5855,0.49993
942.78,655.09,6.639,0.49947
1068.9,1364.7,6.6003,0.49977
535.81,839.04,6.6251,0.49962
347.56,716.27,6.6301,0.49961
895.35,1518.9,6.5891,0.49987
2492.1,1125.8,6.6221,0.49948
898.98,1523.9,6.5886,0.49987
254.45,357.15,6.6547,0.49944
515.66,625.66,6.6374,0.49953
573.51,1550.2,6.5848,0.49993
1405.4,589.1,6.6458,0.49938
253.12,450.82,6.6467,0.4995
385.85,933.79,6.6189,0.49969
1073.2,1317.5,6.6031,0.49974
1284.5,1504.6,6.5915,0.49982
841.33,1422.9,6.5946,0.49983
1853.3,1378.7,6.6031,0.49969
2726.7,1147,6.6236,0.49944
1219.2,1506.7,6.591,0.49983
2249.1,1168.4,6.6177,0.49954
1301.1,960.53,6.6236,0.49957
518.1,1113.3,6.6101,0.49974
2496.3,1119.1,6.6225,0.49948
2679.1,1431.2,6.6057,0.49959
493.04,521.98,6.6447,0.49947
692.69,1036.9,6.6158,0.49968
699.93,1422.5,6.5944,0.49984
474.31,1185.7,6.6059,0.49978
525.26,582.41,6.6404,0.4995
487.92,1152.7,6.6079,0.49976
1957.9,1280.2,6.6092,0.49963
548.18,748.44,6.6302,0.49958
716.83,936.41,6.621,0.49963
2060.5,473.72,6.6572,0.49925
254.59,366.97,6.6536,0.49944
403.91,1042.2,6.6129,0.49974
1287.3,627.46,6.6422,0.49942
2078.3,620.66,6.6478,0.49932
1669.5,1192.4,6.6126,0.49963
1861.2,1340.1,6.605,0.49967
301.41,756.43,6.6275,0.49964
551.06,1508.9,6.5876,0.49991
876.12,1540,6.5871,0.49988
379.12,1157.7,6.6068,0.49979
2480.8,1188.3,6.6183,0.49951
2359.7,566.6,6.6529,0.49926
2260.4,1219.5,6.6148,0.49956
253.67,484.72,6.6439,0.49952
1332.2,1206,6.6104,0.49967
444.45,1109.6,6.6095,0.49976
1874.2,1140.9,6.6164,0.49958
2023.8,1251.6,6.6111,0.49961
891.48,1521.9,6.5885,0.49987
832.41,692.09,6.6355,0.49951
1024.7,436.77,6.6551,0.49934
715.62,1138.9,6.6102,0.49972
555.36,782.54,6.6286,0.49959
2732.6,858,6.6389,0.49932
2688.3,522.88,6.659,0.49917
2501.5,1205,6.6177,0.49952
277,217.03,6.6706,0.49931
2740.9,1150.4,6.6232,0.49944
1982.8,941.1,6.6283,0.49948
1125.3,843.85,6.6292,0.49954
682.94,1436.3,6.5929,0.49986
1741.5,1168.5,6.614,0.49961
1629.8,1289.5,6.6071,0.49967
515.74,968.81,6.618,0.49968
419.64,704.21,6.6313,0.49959
1753.5,1468,6.5962,0.49975
383.86,536.1,6.642,0.49951
566.62,1533.6,6.5859,0.49993
1154.9,852.05,6.6281,0.49954
2738.9,795.85,6.6424,0.49929
1300.1,1519.9,6.5907,0.49982
1996.6,502.53,6.6551,0.49927
384.9,569.27,6.6397,0.49953
1593.1,1392.6,6.6006,0.49973
318.21,1059.1,6.6109,0.49977
1141.3,1314,6.6026,0.49974
697.07,1162.1,6.609,0.49973
2482.4,1185.7,6.6183,0.49951
1782.4,1137.6,6.6161,0.49959
896.14,1540.9,6.587,0.49988
2576.6,441.96,6.6636,0.49915
1908.3,1075.3,6.62,0.49955
442.53,1128.7,6.6088,0.49976
1514.2,543.5,6.6488,0.49935
2730.6,1136.5,6.6237,0.49944
383.11,467.69,6.6468,0.49947
542.23,643.89,6.6361,0.49953
2533.5,429.28,6.6638,0.49915
1077.5,733.66,6.635,0.49949
1272.8,1517.8,6.5907,0.49983
2244.1,1195.3,6.6158,0.49956
2645,414.68,6.666,0.49912
736.44,1177.8,6.6079,0.49973
1979.2,1104,6.6188,0.49956
1659.3,1389.3,6.6014,0.49972
1074.7,350.1,6.662,0.49928
739.92,1497.7,6.5887,0.49988
1767.5,1160.9,6.6148,0.4996
2720.7,1126.5,6.6237,0.49944
1153,1168,6.6108,0.49968
1800.3,1329.2,6.6055,0.49967
473.26,1119.8,6.609,0.49976
907.81,1521.6,6.588,0.49988
308.98,766.97,6.6263,0.49965
315.38,1048.7,6.6116,0.49976
1257.3,1514.7,6.5902,0.49983
418.7,809.85,6.6255,0.49963
1884.4,1361.6,6.6039,0.49968
694.28,666.36,6.6359,0.49952
2475.9,1083.6,6.6237,0.49947
719.73,1144.8,6.6095,0.49972
1106.8,711.21,6.6357,0.49949
2431.1,463.06,6.6608,0.49919
1821.3,1288.2,6.6075,0.49966
2727.7,401.51,6.6679,0.49909
413.87,1082.7,6.6108,0.49975
570.76,1115.6,6.61,0.49974
2739.4,858.26,6.6387,0.49932
2371.9,483.01,6.6584,0.49921
2704.3,825.83,6.6406,0.49931
2662.8,1414.6,6.6062,0.49959
360.32,720.28,6.6294,0.49961
1716.9,1402.9,6.6003,0.49972
2580,772.12,6.6422,0.49932
898.48,1248.2,6.6053,0.49974
547.65,983.13,6.6168,0.49968
1705.8,1411.9,6.5997,0.49972
261.29,685.67,6.6305,0.49962
1267,1489.3,6.592,0.49982
361.82,285.8,6.6631,0.49935
1872.4,1104.3,6.6184,0.49957
259.49,670.64,6.6314,0.49962
1209,1556.5,6.5869,0.49986
1999.6,612.41,6.6467,0.49934
315.75,435.26,6.6483,0.49947
2044.3,1324.6,6.6069,0.49964
388.05,905.88,6.6194,0.49969
718.43,1535,6.5864,0.4999
2354.1,801.17,6.6386,0.49937
2736.5,1134.7,6.6236,0.49944
938.67,901.8,6.6238,0.49959
358.96,494.03,6.6444,0.4995
2262.2,1206.5,6.6152,0.49956
2486.2,1180,6.6185,0.49951
460.24,1192.2,6.6052,0.49979
729.41,855.92,6.625,0.4996
1648.6,1268.4,6.6081,0.49966
1095.6,745.32,6.6335,0.4995
737.28,1539.8,6.5856,0.49991
737.92,1209.3,6.6059,0.49975
2736.3,820.5,6.6412,0.4993
821.58,1401.6,6.5955,0.49982
1888.8,1071.6,6.6202,0.49955
253.97,483.82,6.6435,0.49952
466.01,354.7,6.6571,0.49938
509.75,724.23,6.6306,0.49958
324.09,590.65,6.6368,0.49956
1925.1,1267.1,6.6101,0.49963
739.13,1519,6.587,0.4999
736.26,1146,6.6093,0.49972
240.87,481.06,6.6435,0.49953
895.12,939.83,6.6219,0.49961
422.94,967.41,6.6164,0.49971
1035.6,453.98,6.6528,0.49936
2001.4,1105.8,6.6186,0.49956
1323.4,1288.9,6.6048,0.49971
937.94,873.15,6.6253,0.49958
2503.2,779.18,6.6409,0.49934
918.68,1457.1,6.5921,0.49984
1687.8,1426,6.5985,0.49974
753.83,1390,6.5959,0.49983
2287.7,1542,6.5946,0.49972
342.83,281.45,6.6628,0.49936
2784.7,303.35,6.6778,0.499
899.01,1221,6.6066,0.49973
1776.6,1433.1,6.5985,0.49973
748.92,1266.8,6.6031,0.49977
1974.5,1336.6,6.6056,0.49966
2700.3,1169.7,6.6211,0.49946
2290.5,1204.2,6.6153,0.49956
1105.5,1491,6.5909,0.49984
1198.4,1519.4,6.5898,0.49984
691.86,803.94,6.6274,0.49959
575.61,1550.3,6.5841,0.49994
2036.3,1339.5,6.6058,0.49965
443.61,789.39,6.6265,0.49962
375.37,610.32,6.6365,0.49955
2091.1,1430.4,6.6002,0.49969
1756.6,1330.3,6.6044,0.49968
1340.9,980.91,6.6219,0.49958
1322.6,1253.6,6.6069,0.4997
827.98,1377.3,6.5966,0.49981
1302.8,970.59,6.6223,0.49958
833.11,1517,6.5875,0.49989
691.4,1027.7,6.6159,0.49968
261.38,781.97,6.6246,0.49967
1271.1,1262.7,6.6062,0.4997
848.73,1331.1,6.5995,0.49979
344.59,632.12,6.6342,0.49958
1826.5,1112.1,6.6171,0.49958
1794.3,1045,6.6208,0.49955
2589.3,448.36,6.663,0.49915
716.74,1385.5,6.5957,0.49983
332.72,287.23,6.6621,0.49936
533.03,975.36,6.6167,0.49969
506.97,623.05,6.6365,0.49954
2717.5,1152.4,6.6217,0.49946
2487.6,1522.7,6.597,0.49968
1514.6,1454,6.5959,0.49977
269.77,556.77,6.6386,0.49956
625.74,1619,6.5791,0.49997
1649.9,1395.8,6.5998,0.49973
382.42,1081.9,6.6102,0.49976
505.31,1168.9,6.6062,0.49977
1898.2,1101.3,6.6179,0.49957
557.44,956.79,6.6183,0.49967
591.58,1287.8,6.6007,0.49981
327.91,639.74,6.6335,0.49959
476.39,1137.3,6.6077,0.49977
2484.9,1213,6.6161,0.49953
2082.9,1411.8,6.6012,0.49969
1754.3,1484.5,6.5946,0.49976
408.4,713.95,6.6299,0.4996
2259.9,805.89,6.6373,0.49939
1411.4,1489.3,6.5928,0.4998
2722.3,1153.1,6.622,0.49945
573.07,1543.4,6.5843,0.49994
2668.2,1427,6.6055,0.49959
390.12,1030.1,6.6126,0.49974
2052,1432.1,6.5996,0.4997
2742.7,1133,6.6234,0.49944
939.23,1288.4,6.6024,0.49976
390.46,642.79,6.6344,0.49957
1044,458.36,6.6519,0.49936
622.77,638.8,6.6368,0.49952
311.86,737.22,6.6274,0.49964
1873.3,1260.8,6.6089,0.49964
554.15,1190.2,6.6053,0.49977
1106.2,1073.5,6.6152,0.49965
1029,1613.9,6.5814,0.49992
1620.5,1225.3,6.6095,0.49965
616.15,1247.3,6.6027,0.49979
2707.4,780.95,6.6421,0.4993
710.28,1611,6.5801,0.49996
1345.7,986.65,6.6213,0.49958
1213.4,1490,6.5911,0.49983
436.77,732.36,6.6291,0.4996
1626.9,1323.1,6.6042,0.4997
1139.2,740.16,6.6336,0.4995
2493.5,1157.7,6.6193,0.49951
1912.4,1155.4,6.6154,0.49959
1353,966.07,6.6222,0.49957
2253.3,1184.9,6.6164,0.49955
1386.4,1475.8,6.593,0.4998
2697.7,1131,6.6228,0.49945
1851.9,1219.4,6.6114,0.49962
1715.2,1113.7,6.6162,0.4996
1751.6,1167.1,6.6138,0.49961
2621.4,1370.8,6.6082,0.49958
1034.6,451.96,6.6526,0.49936
1342.9,1289.7,6.6047,0.49971
1092.3,1493.7,6.5903,0.49984
387.22,727.94,6.6291,0.49961
878.61,1599.5,6.5818,0.49993
393.51,1117,6.6082,0.49977
1657,1247.4,6.6084,0.49966
2713.9,837.06,6.6389,0.49932
933.62,1232.8,6.6053,0.49974
1472.4,1642.7,6.5811,0.49989
395.67,645.74,6.6337,0.49957
1927.1,523.69,6.652,0.4993
2510.1,1122.8,6.6212,0.49949
2635.1,1444,6.6033,0.49961
2274.3,1147.5,6.6179,0.49954
1312.9,946.88,6.6233,0.49957
1131.9,1025.8,6.6177,0.49962
2743.6,1122.3,6.6238,0.49943
1054.2,1502.5,6.5894,0.49985
1443.8,1642.9,6.5809,0.49989
1606.5,866.03,6.6295,0.4995
1916.8,1051.3,6.6211,0.49954
666.95,1634.3,6.5778,0.49998
606.37,1425.7,6.5923,0.49987
1563.5,1156.3,6.6133,0.49963
488.95,1145.1,6.6075,0.49977
1676,1298.6,6.6054,0.49968
412.75,928.11,6.6178,0.49969
545.33,1209.8,6.604,0.49979
739.34,1067.7,6.613,0.49969
1975.7,1228,6.6111,0.49962
1968.2,1319.9,6.6057,0.49966
2080.7,957.87,6.627,0.49948
529.9,896.83,6.6207,0.49966
380.32,924.89,6.618,0.4997
906.05,1538.3,6.586,0.49989
1271,1479.2,6.592,0.49982
1781.5,1103,6.6173,0.49958
383.83,466.51,6.6461,0.49948
2694.6,828.2,6.639,0.49932
504.86,1152.2,6.6072,0.49977
2152.4,504.54,6.6546,0.49926
1780.2,1337.9,6.6036,0.49969
2734.6,1150.2,6.6221,0.49945
716.49,521.87,6.645,0.49945
330.07,234.68,6.6683,0.49931
1431.1,1530.3,6.5893,0.49983
926.62,784.63,6.63,0.49954
1800,1021.3,6.6214,0.49955
395.26,1115.6,6.6081,0.49977
894.82,1535.1,6.5866,0.49989
1871.5,971.26,6.6246,0.49952
2074.9,1224.1,6.6124,0.4996
1216.8,1480.7,6.5916,0.49982
804.1,1609.4,6.5801,0.49995
264.31,208.11,6.6707,0.49931
1891.3,1114.4,6.6172,0.49957
565.5,1403.3,6.5929,0.49987
1750,1183.6,6.6126,0.49962
2300.4,490.39,6.6566,0.49923
1336.2,1240.2,6.6069,0.49969
690.33,488.22,6.6469,0.49943
921.62,1501.9,6.5886,0.49987
368.16,277.77,6.6629,0.49935
2080.8,1174,6.6151,0.49958
893.59,793.73,6.6292,0.49955
1927.5,1279.2,6.6078,0.49965
1066.8,1499.6,6.5895,0.49985
912.23,1442.4,6.5934,0.49983
1863.8,1229.4,6.6102,0.49963
2478.2,1197.8,6.6166,0.49953
576.83,1524.8,6.5853,0.49993
1596.4,1529.9,6.5905,0.49981
711.19,1134.8,6.6101,0.49972
1849,1201.3,6.6119,0.49962
2485.7,1182.1,6.6177,0.49952
910.99,604.85,6.6406,0.49946
604.29,1394.2,6.594,0.49986
837.94,1633.8,6.5785,0.49996
1896.5,1290.7,6.607,0.49965
387.34,301.7,6.6608,0.49936
915.49,1125.3,6.6112,0.49969
1900.8,1036.1,6.6214,0.49954
814.91,1514,6.5877,0.49989
1414.7,580.26,6.6447,0.49939
2743.2,1119.6,6.6238,0.49943
384.18,450.44,6.6471,0.49947
1797.1,1243.3,6.6091,0.49965
2705.5,1126.9,6.6229,0.49945
2068.6,1530.1,6.5925,0.49975
1108.5,695.57,6.6357,0.49949
1303.8,983.79,6.621,0.49959
342.63,746.33,6.6272,0.49963
1354.8,914.27,6.6247,0.49955
1616.2,1249.9,6.6077,0.49967
2402.8,608.23,6.6487,0.49929
1767.7,1384.4,6.6005,0.49971
739.51,1575.5,6.5825,0.49993
2080.5,1413.8,6.6005,0.49969
1298.2,1501.9,6.5904,0.49983
1811,1201,6.612,0.49962
611.37,1234,6.6033,0.49978
332.08,721.48,6.6282,0.49963
571.62,1412.8,6.5929,0.49987
382.1,1156.2,6.6057,0.4998
572.87,1338,6.5972,0.49984
1820.7,1352.3,6.6031,0.49969
2510.1,1493.5,6.5988,0.49966
458.92,1247.7,6.601,0.49982
1889,1004.1,6.623,0.49953
345.83,724.76,6.6284,0.49962
417.49,956.6,6.6161,0.49971
516.49,1134.8,6.6075,0.49976
2811.3,544.41,6.6576,0.49916
2617.5,1472.6,6.6009,0.49963
843.33,595.51,6.6404,0.49947
2538,1116.7,6.6214,0.49948
2717,428.55,6.6653,0.49912
1461.2,571.11,6.6458,0.49938
2735.8,1147.3,6.622,0.49945
2045.3,1186.2,6.6141,0.49959
1592.9,991.79,6.6224,0.49956
615.76,1240.6,6.6027,0.49979
1808.8,1067.2,6.6193,0.49957
307.09,856.45,6.6207,0.49969
1792.6,1278.5,6.6069,0.49966
1755.6,1273,6.607,0.49966
2689.5,1399.9,6.6064,0.49958
246.72,510.41,6.6406,0.49955
1981.5,1202.4,6.6122,0.49961
1170,483.47,6.6504,0.49937
1710.6,1068.5,6.6185,0.49958
529.67,1116.6,6.6085,0.49975
882.32,1520.4,6.5872,0.49988
893.33,791.11,6.6291,0.49955
934.23,1230.9,6.605,0.49974
2529.3,1511.1,6.5978,0.49967
1970.1,1584.3,6.5882,0.4998
689.19,1380.2,6.5952,0.49984
1836.5,1042.4,6.6206,0.49955
826.89,1401.7,6.5945,0.49983
1731.5,1384.8,6.6006,0.49972
2537.1,1143.7,6.62,0.49949
432.08,731.43,6.6289,0.49961
576.67,1490.8,6.5874,0.49991
449.29,753.48,6.6274,0.49961
1879.3,1113.8,6.6165,0.49958
1132.9,1008.5,6.6182,0.49962
1873.6,1174.5,6.6131,0.49961
1326.4,1647.4,6.5795,0.49991
1382.9,1483.8,6.5918,0.49981
338.41,833.84,6.6221,0.49967
330.03,747.02,6.6269,0.49964
1427.9,1532.2,6.5887,0.49983
1593.2,1251.3,6.6073,0.49967
1345.4,1286,6.6045,0.49971
2735.1,1175.9,6.62,0.49947
1838.9,973.86,6.6243,0.49952
1856.9,1107.9,6.6167,0.49958
2739.5,1158.6,6.6213,0.49945
1259.7,1499.9,6.5906,0.49983
1309,620.74,6.6413,0.49943
2622.2,1417.3,6.6044,0.49961
2501.3,1168.8,6.618,0.49951
2480,1539.2,6.5955,0.49969
2772.2,450.86,6.6636,0.49912
566.62,1312.1,6.5984,0.49983
1830,1393,6.6005,0.49971
347.66,719.52,6.6284,0.49962
2695.4,1129.8,6.6219,0.49946
2714.1,824.56,6.639,0.49932
2732.5,796.98,6.6409,0.4993
2696.7,1140.7,6.6217,0.49946
457.88,1117.2,6.6083,0.49976
625.09,462.46,6.648,0.49943
737.12,888,6.6227,0.49962
1276.3,1256.1,6.6056,0.49971
2674.1,440.59,6.6632,0.49914
492.45,1163.5,6.6057,0.49978
1729.7,1215.9,6.6103,0.49964
447.09,1320.1,6.5971,0.49985
839.34,584.06,6.6412,0.49946
1924.9,1278.3,6.6079,0.49965
383.37,289.22,6.6615,0.49936
1199.8,853.41,6.6275,0.49954
900.41,1106.6,6.6118,0.49969
381.84,738.13,6.6275,0.49962
1781.7,1395.4,6.6001,0.49972
943.54,1308.4,6.6009,0.49977
444.34,780.73,6.6263,0.49962
263.43,335.82,6.6553,0.49943
572.04,427.31,6.6508,0.49942
244.5,392.01,6.6498,0.49948
1160.2,1414.3,6.596,0.49979
1282.7,948.93,6.6224,0.49958
2729.8,1136.2,6.6223,0.49945
826.33,1445.4,6.5914,0.49986
556.71,1176.3,6.6054,0.49977
2739.8,774.65,6.6421,0.49929
357.5,760.91,6.6263,0.49964
744,1469.1,6.5895,0.49988
523.77,593.89,6.6382,0.49952
1129.1,1188.6,6.6082,0.4997
551.73,424.04,6.6506,0.49942
554.04,1581.5,6.5807,0.49997
574.02,1538.5,6.5836,0.49994
577.91,1515.7,6.5855,0.49993
746.26,1640,6.577,0.49998
575.73,1533.4,6.5847,0.49993
1816.2,1342.5,6.6029,0.49969
742.59,540.43,6.643,0.49946
752.97,1538.4,6.5849,0.49991
1334.1,1252.9,6.606,0.4997
1980.5,1353.1,6.6032,0.49968
2223.8,1236.4,6.6119,0.49959
1855.4,1218,6.6107,0.49963
1620.5,1275.8,6.6058,0.49968
338.35,690.17,6.6296,0.49962
401.16,627.47,6.6343,0.49957
2646.6,920.45,6.6328,0.49938
513.88,937.82,6.618,0.49968
555.99,1023.7,6.6135,0.49971
1067.2,1311.5,6.6012,0.49976
738.54,519.36,6.6444,0.49945
2019,1167.3,6.6145,0.49959
396.36,500.39,6.6428,0.4995
841.03,695.25,6.6339,0.49952
2047.7,1319.7,6.6057,0.49965
553.24,1100.7,6.61,0.49974
907.76,785.52,6.6291,0.49955
2224.2,497.95,6.6549,0.49925
1777.8,1276.3,6.6066,0.49967
847.36,702.78,6.6336,0.49952
1342.6,1491.4,6.5913,0.49982
393.95,1104.3,6.6084,0.49977
711.77,1198.1,6.6051,0.49976
566.34,1195.9,6.6042,0.49978
374.13,506.08,6.6425,0.49951
2045.7,1197,6.6126,0.4996
580.63,1340.6,6.5961,0.49984
1366.9,965.77,6.6218,0.49958
2085.4,1406.9,6.6006,0.49969
2505.8,1174.8,6.6177,0.49952
1756.1,1170.3,6.6125,0.49962
1094.6,463.69,6.6511,0.49937
810.9,1577.5,6.5819,0.49993
1378.7,988.33,6.6203,0.49959
526.5,973.44,6.6157,0.4997
1286.5,638.09,6.6401,0.49944
2492.1,470.03,6.6589,0.4992
760.88,1441.5,6.5915,0.49986
1630.8,1291.7,6.6055,0.49969
945.13,1143.1,6.6095,0.4997
479.47,1196.7,6.6038,0.4998
1448,1450.1,6.5945,0.49978
1668.6,1496.4,6.5921,0.49979
242.04,448.3,6.6447,0.49952
1627.6,1301,6.6045,0.49969
1691.5,544.24,6.6484,0.49934
639.1,675.83,6.6337,0.49954
1890.6,1067,6.6192,0.49956
525.58,946.84,6.6175,0.49968
2737.4,1122.4,6.6229,0.49944
574.16,1357.5,6.5952,0.49985
1875.7,1283.7,6.6071,0.49966
432.32,676.28,6.6318,0.49958
1920.9,1081.4,6.6181,0.49957
1679.6,1338.5,6.6027,0.4997
2778.8,393.14,6.6676,0.49909
2713.9,833.72,6.6383,0.49933
2019.2,1206.1,6.6118,0.49961
717.15,1027.8,6.6143,0.49969
810.05,1577.9,6.5819,0.49993
1864.6,1324.9,6.6044,0.49968
1103.9,1235.1,6.6054,0.49972
543.39,550.43,6.6405,0.4995
935.67,1203.8,6.606,0.49973
1132.4,872.01,6.6252,0.49957
2732.3,776.27,6.6417,0.4993
1302.4,947.86,6.6227,0.49957
2058.1,1565.2,6.5894,0.49978
918.77,807.14,6.6279,0.49956
2660.8,1406.9,6.6057,0.49959
519.39,608.51,6.6365,0.49953
1474.6,1640.1,6.5805,0.49989
2537.3,1138.7,6.6198,0.4995
2235.5,1183.8,6.6148,0.49957
535.12,774.84,6.6269,0.49961
350.11,675.16,6.6309,0.4996
1057.4,1455.2,6.5924,0.49983
1367.4,942.67,6.6229,0.49957
2651.9,1404.8,6.6051,0.4996
850.95,1343.7,6.5976,0.49981
1896.5,1258.1,6.6085,0.49964
1262.5,1294,6.603,0.49973
2233.1,1194.9,6.6141,0.49957
1640.1,1331,6.6026,0.49971
1748,1253.7,6.6079,0.49966
1837.2,764.96,6.6352,0.49944
474.6,1133.9,6.607,0.49977
260.06,337.66,6.655,0.49943
1843,1348.9,6.6024,0.49969
1038.5,443.3,6.6526,0.49936
322,237.53,6.667,0.49933
1692,1388.3,6.5992,0.49973
341.16,634.15,6.6328,0.49959
615.82,1329.9,6.5971,0.49983
700.31,669.4,6.6346,0.49953
402.6,758.84,6.6262,0.49963
2700.2,781.91,6.6409,0.49931
1347.4,1308.5,6.6027,0.49973
1107.8,917.3,6.6226,0.49959
1798.6,1185.7,6.6119,0.49962
1918.8,1067.9,6.6191,0.49956
576.2,1186.6,6.6046,0.49978
717.3,658.35,6.6352,0.49952
1972.8,1316.2,6.6055,0.49966
1294.6,970.19,6.6206,0.49959
382.4,736.28,6.6273,0.49963
1300,1206.6,6.6083,0.49969
2680.6,1203.8,6.6177,0.49949
1738.4,1449.4,6.5964,0.49975
926.64,1171.9,6.6077,0.49972
921.78,1133.3,6.6102,0.4997
701.88,1533.4,6.5849,0.49992
2611.7,1432.4,6.6033,0.49962
806.29,1617.4,6.579,0.49996
2560,1118.2,6.6207,0.49949
422.8,962.2,6.6154,0.49971
604.89,413.08,6.6517,0.49941
475.21,1124.3,6.6075,0.49977
544.44,605.51,6.6368,0.49953
944.48,1174.4,6.6076,0.49972
245.03,369.28,6.6514,0.49946
504.64,602.96,6.6369,0.49953
2466.4,1232.8,6.6138,0.49955
2714.2,848.9,6.6372,0.49933
936.87,1206.1,6.6057,0.49973
550.06,1413.5,6.5919,0.49988
2646.1,552.49,6.6543,0.49921
1283.1,961.9,6.6213,0.49959
607.6,1425.3,6.5913,0.49988
949.39,619.42,6.6388,0.49947
2536,1137.2,6.6196,0.4995
490.5,1129.8,6.6073,0.49977
1864.4,1236,6.6094,0.49964
493.44,519.51,6.6425,0.49949
1884.6,1206.7,6.6111,0.49962
773.47,556.18,6.6423,0.49946
2230,1209.9,6.6131,0.49958
1097.1,1444.8,6.5932,0.49982
2281,1204.5,6.6134,0.49957
1184.3,497.01,6.6488,0.49938
1112.1,727.78,6.633,0.49951
830.49,1557.1,6.5833,0.49992
1233.3,1553,6.586,0.49987
2488.9,1519.3,6.596,0.49969
1079.9,1477.3,6.5902,0.49984
1213.9,1534.2,6.5874,0.49986
2728.4,821.43,6.6388,0.49932
667.37,1350.5,6.5962,0.49983
1367.5,978.94,6.6207,0.49958
2315.4,1176.1,6.6155,0.49955
552.2,414.88,6.6505,0.49942
387.31,967.44,6.6148,0.49972
450.93,1186.3,6.6038,0.4998
