606.76,1288.1,6.866,0.49793
754.85,1102.8,6.8569,0.49797
965.91,383.32,6.8014,0.4983
1576.8,217.62,6.7884,0.49833
1743.7,284.92,6.7784,0.49839
1776.9,284.25,6.7759,0.49841
1834.5,298.41,6.7722,0.49843
1842.5,285.44,6.7657,0.49847
1592,284.25,6.7649,0.4985
1866.7,298.62,6.762,0.4985
880.35,378.91,6.748,0.49868
2016.9,219.6,6.7669,0.49844
2732,1043,6.7128,0.49879
2042.8,223.09,6.7639,0.49846
1942.5,301.52,6.7545,0.49854
2054.8,235.3,6.7612,0.49848
1949.8,302.05,6.7537,0.49855
1954,304.18,6.7521,0.49856
2063,236.59,6.7593,0.49849
2070.7,237.42,6.7581,0.4985
583.71,357.87,6.7387,0.49877
1948.6,313.02,6.7478,0.49859
787.54,394.48,6.7352,0.49878
1985,308.63,6.7478,0.49859
2130.7,245.75,6.7518,0.49854
777.58,403.98,6.7306,0.49881
769.13,403.6,6.73,0.49882
819.35,412.1,6.7276,0.49883
2178.8,254.65,6.7437,0.49859
2063.6,338.9,6.7327,0.49869
734.64,429.48,6.7183,0.4989
1333.3,1293.7,6.6658,0.49926
2043.9,352.72,6.7256,0.49874
2059.2,323.14,6.7261,0.49873
464.37,429.06,6.704,0.49904
500.56,454.95,6.7019,0.49905
1204.1,1332.5,6.6542,0.49935
742.32,1480.5,6.6408,0.4995
753.68,1482.6,6.6404,0.4995
2338.2,258.51,6.7269,0.4987
455.04,429.29,6.6996,0.49907
778.72,504.21,6.6965,0.49906
734.59,1564.6,6.6265,0.4996
721.15,1567.3,6.6253,0.49961
431.67,451.07,6.6888,0.49915
666.75,530.25,6.684,0.49916
2786.7,792.51,6.6817,0.49898
2644.1,508.72,6.697,0.49889
726.72,1553.7,6.6226,0.49963
2303.6,308.41,6.7099,0.49882
690.71,515.91,6.683,0.49916
2794,840.8,6.6764,0.49902
2761.6,841.21,6.6757,0.49903
738.68,1536.9,6.6211,0.49964
2799.2,811.59,6.6773,0.49901
716.34,415.67,6.6894,0.49911
422.37,493.52,6.6802,0.49921
736.51,1552.3,6.619,0.49966
2804.6,853.27,6.6741,0.49903
468.8,559.32,6.6752,0.49925
2753.5,772.38,6.6771,0.49902
709.02,1555.9,6.6173,0.49967
669.11,415.51,6.6873,0.49913
2770.6,837.63,6.6731,0.49905
706.62,1579.1,6.6147,0.49969
368.36,965.01,6.6494,0.49946
671,420.98,6.6852,0.49914
909.58,1443.2,6.6255,0.49959
672.95,520.7,6.6775,0.4992
1850.5,293,6.7037,0.49891
715.36,1582.8,6.6129,0.4997
2803.4,836.69,6.6716,0.49905
2802,823.5,6.6723,0.49905
729.92,1583.4,6.6128,0.4997
438.62,478.15,6.6775,0.49923
702.61,537.24,6.675,0.49922
2100,476.19,6.6881,0.49901
446.2,516.15,6.6746,0.49925
711.25,1484.5,6.6192,0.49965
715.86,1563.5,6.6132,0.4997
2807.5,875.52,6.6684,0.49908
384.17,1417,6.621,0.49968
1937.5,1126.2,6.6471,0.49934
2776.3,886.56,6.6669,0.49909
2810,903.02,6.6663,0.49909
2758.5,758.47,6.6736,0.49905
430.7,1072.1,6.6404,0.49952
843.39,1462.8,6.6202,0.49963
841,1533.5,6.6153,0.49967
2448.2,1147.7,6.6486,0.49929
649.16,1589.7,6.6096,0.49973
1948.9,1128.9,6.646,0.49935
717.52,1540.6,6.6135,0.4997
2766.7,877.68,6.6662,0.4991
1055.8,667.33,6.6665,0.49925
1933.3,1128.5,6.6455,0.49935
704.09,538.19,6.6727,0.49923
2793.4,765.92,6.6722,0.49905
1977,1138.1,6.6449,0.49936
2062.1,387.51,6.6914,0.49898
762.91,638.03,6.6655,0.49928
1989.1,1142.5,6.6441,0.49936
2769.1,908.83,6.6633,0.49912
612.42,1567.8,6.6093,0.49974
723.06,1601,6.6074,0.49974
1943.9,1138.6,6.6438,0.49937
1974.2,1138.8,6.6439,0.49936
2637.7,1441.9,6.6307,0.4994
2443.7,1152.7,6.6463,0.4993
2460.8,1149.3,6.6464,0.4993
2788.5,748.61,6.6714,0.49906
727.28,1602.9,6.6059,0.49975
2652.9,999.44,6.6551,0.49921
879.76,1539.8,6.6113,0.4997
730.09,1548.5,6.6097,0.49972
559.26,1624,6.6034,0.49979
692.32,1556.6,6.6088,0.49973
2631.8,924.19,6.6587,0.49918
458.72,547.54,6.6663,0.49931
1938.9,1121.9,6.6424,0.49938
703.67,1605.7,6.604,0.49977
446.1,534.43,6.6667,0.49931
1981.9,1129,6.6416,0.49938
687.82,546.71,6.6671,0.49928
2437,1004.4,6.651,0.49926
671.19,557.59,6.6662,0.49929
724.31,1584,6.6051,0.49976
2069.9,399.55,6.6864,0.49902
707.84,1552,6.6071,0.49975
1920.3,1125.9,6.6404,0.49939
676.95,548.59,6.6661,0.49929
576.29,654.4,6.6592,0.49935
569.34,1505.4,6.6094,0.49974
1742.9,402.64,6.6835,0.49907
716.82,1501,6.6105,0.49972
2773,986.27,6.6546,0.49919
2080.4,450.07,6.6819,0.49906
414.26,521.91,6.665,0.49933
2452.7,1158.7,6.6416,0.49934
1934.3,1108.8,6.6408,0.49939
819.92,1510.7,6.61,0.49971
2640.9,816.18,6.6621,0.49915
352.74,455.42,6.6697,0.4993
676.03,1560.8,6.6051,0.49976
690.62,1562.4,6.605,0.49976
451.7,1457.2,6.611,0.49975
1931.3,1135.5,6.6385,0.49941
981.42,1434.7,6.6156,0.49965
637,605.33,6.6609,0.49933
2429.1,720.54,6.6647,0.49916
2381.6,1522.4,6.6172,0.49953
677.41,1562.9,6.6044,0.49977
2646.4,925.82,6.655,0.49921
2650.3,1008.8,6.6503,0.49924
1975.9,1120.9,6.6392,0.4994
2429.4,725.1,6.6641,0.49916
2801.5,748.01,6.6663,0.49909
2413.8,735.81,6.6633,0.49917
2451.7,1003.8,6.6487,0.49928
1738.2,463.42,6.6773,0.49912
678.41,1551,6.6051,0.49976
2078.8,391.99,6.6845,0.49903
1910.2,1299.6,6.6283,0.49949
682.43,1502.9,6.6083,0.49974
664.66,1564.6,6.6037,0.49978
2651.8,932.66,6.6543,0.49921
742.06,1516.6,6.6074,0.49974
1915.3,1113.2,6.6383,0.49941
2765.7,797.96,6.6622,0.49913
2783,760.45,6.6646,0.49911
1913.8,1138.1,6.6366,0.49942
614.9,1565,6.6025,0.49979
2649.4,1005.4,6.6492,0.49925
1912.8,1151.5,6.6357,0.49943
1916.1,979.32,6.6451,0.49936
1923.5,809.51,6.6544,0.49928
2415.6,1177.4,6.6374,0.49937
643.8,1548.1,6.6035,0.49978
683.26,1567.7,6.6026,0.49978
682.66,1223.5,6.6244,0.49961
2711,639.21,6.6699,0.49908
1971,1146,6.6359,0.49942
1929.2,1338.8,6.6246,0.49951
1957.1,1140.8,6.6361,0.49942
1913,1132.7,6.6362,0.49942
1921.6,791.65,6.6549,0.49928
2419.5,1022.6,6.6455,0.49931
1941.3,1343.9,6.6241,0.49952
1925.3,1155.1,6.6349,0.49943
517.72,1236.5,6.6219,0.49965
688.35,1566.8,6.602,0.49979
1935.2,1141.2,6.6353,0.49943
664.52,1577.3,6.6009,0.4998
2612.5,848.33,6.6571,0.4992
2785.3,535.85,6.6772,0.49901
534.28,1239.6,6.6217,0.49965
1929.3,984.62,6.6438,0.49936
830.91,1481.9,6.6086,0.49972
1882.8,1337.6,6.6237,0.49952
2412.4,722.95,6.6616,0.49918
1926.3,1123.1,6.6361,0.49942
2768.7,938.36,6.653,0.4992
683.81,1255.3,6.6216,0.49963
1956.8,1122.7,6.6362,0.49942
1925.2,1343.5,6.6231,0.49953
717.74,1568,6.601,0.49979
2803.4,926.68,6.654,0.49919
2647.4,1017.6,6.6469,0.49927
684.38,1554.6,6.6018,0.49979
2605.2,1458.8,6.6206,0.49948
742.46,1567.5,6.6011,0.49979
692.65,1506.2,6.6054,0.49976
269.14,1107.8,6.6249,0.49967
877.21,1270.2,6.6216,0.49961
1754.5,510.03,6.6707,0.49917
2821.3,1029.7,6.6484,0.49923
517.62,1209.9,6.6224,0.49965
2791.9,744.46,6.6632,0.49912
1928.1,990.36,6.6425,0.49937
2435.7,738.68,6.6597,0.4992
1954.7,817.66,6.6522,0.4993
808.43,1556.9,6.6022,0.49977
2448.8,1010.1,6.645,0.49931
2624.9,956.4,6.6499,0.49925
543.17,676.85,6.6515,0.49941
456.81,584.45,6.6564,0.49939
1908.7,814.1,6.652,0.4993
2658.9,1011.6,6.6467,0.49927
2430.8,1018.7,6.6442,0.49932
2403.7,753.39,6.6586,0.49921
1156.5,1532.3,6.6056,0.49972
680.69,1567.1,6.6005,0.4998
703.58,1554.6,6.6015,0.49979
2592,1458.1,6.62,0.49949
1952.6,1161.6,6.633,0.49945
1976,1148.8,6.6336,0.49944
1760.3,518.02,6.6694,0.49918
413.97,551.61,6.6578,0.49938
2607.8,1445.3,6.6207,0.49948
2430.4,1047.8,6.6424,0.49933
731.17,1567.9,6.6002,0.4998
2780.7,935.29,6.6519,0.49921
1849,1471,6.6135,0.49961
1967.5,1143.9,6.6338,0.49944
891.13,1456.8,6.6089,0.49971
708.58,1568.6,6.5998,0.4998
2223.9,1654.1,6.6011,0.49967
2446,1173.7,6.6352,0.49939
1910.3,1117.5,6.6347,0.49944
2779.7,498.83,6.6779,0.499
1924.4,1119.6,6.6347,0.49944
2568.3,1196.2,6.6351,0.49937
1883.3,1491.8,6.612,0.49962
1909.7,1125.1,6.6342,0.49944
2734,1297,6.6313,0.49938
2448.5,1161.9,6.6361,0.49938
2656.1,927.82,6.6506,0.49924
1969.2,821.8,6.6512,0.4993
1939.8,1325.8,6.623,0.49953
1896,1320.6,6.623,0.49953
1954,1130,6.6341,0.49944
2428.9,1104.8,6.6388,0.49936
704.47,1260.9,6.6198,0.49964
2794.7,749.68,6.6619,0.49913
672.37,1193.5,6.6238,0.49962
978.17,1440.1,6.6103,0.49969
1952.1,1150.6,6.6327,0.49945
885.83,709.87,6.6512,0.49938
535.38,1214.3,6.6208,0.49966
1913.3,992.18,6.641,0.49939
2447.5,1041.8,6.642,0.49933
1931.9,1126.2,6.6335,0.49944
2773.4,1039.3,6.6453,0.49926
2391,1432.2,6.6189,0.49952
2429.6,1069.6,6.6402,0.49935
551.67,1246.9,6.6188,0.49967
704.43,1233.3,6.6206,0.49964
2808.3,987.4,6.6485,0.49923
1927.1,969.66,6.642,0.49938
2773.7,902.5,6.6531,0.4992
1912.6,968.33,6.6418,0.49938
2617.7,955.23,6.6477,0.49927
1912.5,985.8,6.6408,0.49939
1771.8,534.99,6.6664,0.4992
365.1,640.06,6.6508,0.49944
2776.4,761.36,6.6603,0.49914
2426.6,1122.7,6.6367,0.49938
617.01,1599.2,6.5958,0.49984
2443.4,1136.4,6.6361,0.49938
2425.6,1142.3,6.6356,0.49938
689.46,606.87,6.6555,0.49937
1601.5,1490.1,6.6096,0.49965
1879.2,1320.2,6.6218,0.49954
879.75,1481.5,6.606,0.49974
1064.9,1459.9,6.6086,0.4997
1062.4,1463.5,6.6084,0.4997
270.32,1075.2,6.6242,0.49967
2787,745.92,6.6609,0.49913
2335.1,1531.9,6.6106,0.49959
2428,1087.5,6.6384,0.49936
2423.7,1158.8,6.6344,0.49939
1920.4,783.67,6.6516,0.4993
2658,999.78,6.6451,0.49928
2758.6,851.18,6.6543,0.49919
727.86,1516.7,6.6023,0.49978
2767.3,771.59,6.659,0.49915
693.57,1555,6.5992,0.49981
2596.4,1458.4,6.6176,0.49951
722.43,1235.8,6.6197,0.49964
2160.1,1256.3,6.6266,0.49948
2794.6,739.95,6.6611,0.49913
671.88,1608.7,6.5947,0.49984
670.11,1610.7,6.5943,0.49985
270.5,1059.1,6.625,0.49966
2808.3,1034.4,6.645,0.49925
2769.3,796.54,6.657,0.49917
2429.4,1002.8,6.6425,0.49933
2200.1,884.13,6.647,0.49932
1839.6,1474.2,6.6109,0.49963
670.18,1231.7,6.6193,0.49965
1953.7,805.74,6.65,0.49931
2800,756.31,6.6599,0.49914
2778.1,518.52,6.674,0.49903
1833.4,1487.5,6.6099,0.49964
1870.6,1474.4,6.611,0.49962
538.76,1224.8,6.6184,0.49967
2799.4,798.37,6.6575,0.49916
1909.1,824.36,6.6486,0.49933
2811.7,884.51,6.6527,0.49919
2415,1056.9,6.6392,0.49936
2765.4,834.47,6.6549,0.49919
722.99,1265.9,6.6176,0.49966
1973.9,1133.8,6.6317,0.49945
1950,1146.7,6.631,0.49946
2619.4,1040.7,6.6415,0.49931
1932.6,1331.3,6.6202,0.49955
1826.7,1470.4,6.6108,0.49963
2391.1,921.32,6.6462,0.49931
2444.5,1082,6.6378,0.49936
2442.6,1118,6.6358,0.49938
2414.2,1077.9,6.6377,0.49937
2175.9,1252.3,6.6263,0.49948
2806.1,785.71,6.6578,0.49915
702.37,1486.1,6.603,0.49978
2656.2,932.73,6.6478,0.49926
2804.8,872.44,6.6535,0.49919
1839.8,1468.9,6.6106,0.49963
2647,1003.6,6.6438,0.49929
1919.4,1326.7,6.6201,0.49955
1874.9,1460.1,6.6114,0.49962
1925.9,977.46,6.6396,0.4994
2657.1,975.09,6.6453,0.49928
527.81,1331.9,6.6117,0.49973
867,1544.7,6.6001,0.49978
2630.5,970.72,6.6453,0.49928
830.19,709.66,6.6484,0.49941
1952.6,788.93,6.6502,0.49931
2451.3,1008.7,6.6417,0.49933
580.05,1557.4,6.5972,0.49983
351.43,463.23,6.6605,0.49937
696.56,1495.5,6.6022,0.49978
2801,893.46,6.6514,0.49921
2617.5,925.71,6.6474,0.49927
1810.6,674.32,6.6565,0.49927
724.01,1242.9,6.6181,0.49966
671.76,1589.7,6.5948,0.49984
1935.3,976.47,6.6392,0.4994
427.09,763.09,6.6422,0.4995
2772.6,1041.9,6.6427,0.49928
1887.9,1326.7,6.6196,0.49956
2429.2,987.92,6.6422,0.49933
1971.7,978.58,6.6395,0.49939
2342.1,1530.3,6.6088,0.4996
2410.3,1130.5,6.6341,0.4994
671.61,1610.4,6.5931,0.49986
2385.8,617.8,6.6628,0.49918
1637.4,599.69,6.6591,0.49926
2690.3,603.26,6.6665,0.49911
2439.4,1154.4,6.633,0.4994
2412.3,1095.3,6.636,0.49938
1907.8,804.74,6.6485,0.49933
1877.7,1308.4,6.6203,0.49955
1921.3,1313.4,6.6202,0.49955
274.55,1107,6.6211,0.49969
2411.4,1114.8,6.6347,0.49939
708.63,1598.3,6.5939,0.49985
711.68,1582.9,6.5953,0.49984
1888.5,1320.6,6.6195,0.49956
2442.9,1103.2,6.6356,0.49938
589.41,673.66,6.6482,0.49943
2190.3,1123.6,6.6326,0.49943
672.68,1264.3,6.616,0.49968
1829.7,1456.1,6.6106,0.49963
2779.6,782.69,6.6567,0.49917
2444.6,1067.3,6.6375,0.49937
1875.6,280.14,6.6868,0.49903
666.97,1609.3,6.593,0.49986
1950.1,1128.9,6.6307,0.49946
708.58,1346,6.6114,0.49971
1906.7,787.08,6.6492,0.49932
2406.9,1165.7,6.6317,0.49942
1955.4,831.64,6.6469,0.49934
2445.9,997.27,6.6412,0.49934
1878.8,1475.8,6.6094,0.49964
709.42,1244.7,6.617,0.49967
1885.4,1461.7,6.6104,0.49963
1938.2,1330.1,6.6186,0.49956
861.56,1277.7,6.6162,0.49966
1875.2,280.96,6.6865,0.49903
2797.2,574.23,6.6693,0.49907
2552.6,1519.8,6.611,0.49956
1559.7,1520.5,6.6043,0.4997
2555.2,1514.6,6.6115,0.49956
2291.5,1538.7,6.6073,0.49962
2417.9,753.47,6.6543,0.49924
912.97,706.16,6.6478,0.49941
460.92,575.78,6.6525,0.49942
1820.5,1472.9,6.609,0.49964
249.81,731.41,6.6405,0.49955
1911.5,953.85,6.6396,0.4994
2187.7,1146.6,6.6308,0.49944
880.47,1251.3,6.6176,0.49964
718.05,1203.6,6.6197,0.49964
2820.5,1009.4,6.6441,0.49926
2802.5,927.97,6.6484,0.49923
512.53,1245.9,6.6152,0.4997
2563.8,1509.2,6.6119,0.49955
512.6,1248.2,6.615,0.4997
841.11,1464.6,6.604,0.49975
1911.4,978.82,6.638,0.49941
1840.9,1457.5,6.6099,0.49963
636.11,1592.6,6.5931,0.49986
412.5,1611.4,6.5904,0.49991
697.97,1502.6,6.6003,0.4998
1745.7,567.19,6.6617,0.49924
2727.7,1297.9,6.6268,0.49941
2189,1148.2,6.6304,0.49945
2702.7,568.47,6.6676,0.4991
1912.1,1341.8,6.6174,0.49957
2737.7,600.22,6.6661,0.4991
2644.4,1225,6.6298,0.4994
1873.2,1319.7,6.6185,0.49956
720.12,1508.8,6.5997,0.4998
1914.9,1331,6.6181,0.49956
2344.8,1437.4,6.6142,0.49956
1759.8,557.48,6.6617,0.49924
832.88,1551.4,6.5974,0.49981
728.92,1500.9,6.6002,0.49979
1838.4,1460.2,6.6093,0.49964
675.9,1568.7,6.595,0.49984
2184.4,443.41,6.6721,0.49912
1929.6,1326.3,6.6183,0.49956
2761.1,815.87,6.6534,0.4992
1768.7,501.53,6.6653,0.49921
822.19,1564.5,6.5965,0.49982
376.28,1032.1,6.625,0.49964
2407.5,1151,6.6315,0.49942
927.25,724.87,6.6462,0.49942
2791.4,927.69,6.6476,0.49924
719.18,1598.4,6.5927,0.49985
858.18,1549.2,6.5975,0.4998
546.75,1335.8,6.6097,0.49974
2780,914.18,6.6482,0.49924
711.87,1579,6.5942,0.49984
2370,1450.5,6.6133,0.49956
752.79,1588.9,6.5944,0.49984
752.26,1493.3,6.6007,0.49979
2328.2,1529,6.6072,0.49962
2141.3,1262.5,6.623,0.49951
1956.3,1006.1,6.636,0.49942
1830.6,1444.2,6.6099,0.49963
1845.9,1458.1,6.6088,0.49964
1969.1,814.25,6.6466,0.49934
668.12,870.1,6.6364,0.49952
1824.4,1458.6,6.6088,0.49964
1923.9,1343.6,6.6167,0.49958
1931.9,792.94,6.6472,0.49934
743.7,1062.7,6.6259,0.49959
878.48,1355.3,6.6103,0.4997
2168.7,1153.2,6.6291,0.49946
1925.4,974.91,6.6372,0.49941
2703.8,594.74,6.6649,0.49912
2617.6,981.15,6.6421,0.49931
2820.9,988.05,6.6442,0.49926
2171.1,1131.8,6.6302,0.49945
2170.1,785.05,6.6492,0.4993
2355.6,1475.4,6.611,0.49958
1914.9,1325,6.6176,0.49957
2403.9,730.46,6.654,0.49924
688.1,640.49,6.6491,0.49942
1880.7,1338.7,6.6165,0.49958
2561,1199.6,6.6295,0.49942
2168.6,762.76,6.6505,0.49929
713.48,1573.1,6.5946,0.49984
644.2,1590.8,6.5926,0.49986
409.4,1288,6.6107,0.49975
2813.8,942.87,6.6463,0.49924
2630.2,1015,6.6403,0.49932
1968.5,796.56,6.6472,0.49933
247.02,548.38,6.65,0.49947
1809.7,1487.1,6.6064,0.49966
2101,1466.6,6.6095,0.49962
2181.9,1180.1,6.6274,0.49947
502.18,660.42,6.646,0.49946
684.09,1476.8,6.6011,0.49979
651.63,1051.4,6.6254,0.4996
1861.3,1471.3,6.6077,0.49965
1957.1,961,6.6379,0.49941
390.32,1272.5,6.6112,0.49975
1895.5,281.95,6.6846,0.49905
2170.7,518.03,6.6657,0.49917
2181.7,1178.8,6.6273,0.49947
701.9,1555.5,6.5951,0.49984
886.94,1471.3,6.6022,0.49976
692.88,1346.8,6.6092,0.49973
1924.9,996.38,6.6356,0.49943
2615.2,1043,6.6382,0.49934
1911.4,974.14,6.6367,0.49942
1896.6,282.5,6.6845,0.49905
430.74,1611.2,6.5893,0.49992
1869.3,1326.7,6.6168,0.49958
1971.4,963.02,6.6377,0.49941
2781.1,945.17,6.6455,0.49926
2192,872.1,6.6439,0.49934
1980,985.48,6.6361,0.49942
2646.1,988.37,6.6415,0.49931
590.99,1517.5,6.5971,0.49983
1824,1482.8,6.6064,0.49966
1857.9,1476.5,6.607,0.49966
1866.3,1337.5,6.6159,0.49959
2814.1,921.32,6.647,0.49924
623.71,1589.2,6.592,0.49987
2176.8,898.82,6.6422,0.49936
2147.8,1253.9,6.6228,0.49951
2620.9,620.55,6.6617,0.49916
2418.6,1067.9,6.6351,0.49939
2178.9,1196.7,6.6259,0.49948
2095.6,428.32,6.6723,0.49913
1895.8,1309.6,6.6173,0.49957
679.27,1476.7,6.6003,0.4998
273.85,1025.5,6.6227,0.49968
820.67,700.85,6.6452,0.49943
1769.6,505.15,6.6636,0.49922
1944.3,403,6.6728,0.49914
2414,1014.8,6.6375,0.49937
722.88,1494.3,6.599,0.4998
2418.6,742,6.6526,0.49925
1869.7,1477.8,6.6066,0.49966
2444.6,1174.2,6.6289,0.49943
2558.9,1511.7,6.6092,0.49958
1890.5,1326,6.6161,0.49958
1878.1,1476,6.6064,0.49966
1870.1,1448.1,6.6085,0.49964
2782.7,790.52,6.6534,0.49919
1823.5,1452.9,6.6079,0.49965
2339,1498.2,6.6081,0.49961
1863.3,1462.3,6.6074,0.49965
1906.3,1171.1,6.6254,0.49951
2344.7,1488,6.6088,0.4996
2598.3,1397.8,6.6171,0.49951
455.62,1327,6.6077,0.49977
731.1,1508.1,6.5977,0.49981
654.32,1052.6,6.6244,0.49961
847.45,1487.8,6.5998,0.49979
2150.7,1188.7,6.6255,0.49949
530.1,667.7,6.6447,0.49947
2578.8,1452.5,6.6131,0.49954
2742.9,533.74,6.6685,0.49908
559.25,1226.4,6.6142,0.4997
1956.1,1004.6,6.6344,0.49943
1911.7,961.92,6.6364,0.49942
648.64,1590.4,6.5913,0.49987
1875.5,1463.6,6.6072,0.49965
1945.4,405.08,6.6721,0.49914
1956.5,1000,6.6345,0.49943
935.93,714.45,6.6445,0.49943
2356.7,1463.7,6.6102,0.49959
1089.4,1544.3,6.597,0.49979
273.38,995.05,6.6231,0.49968
2780.7,529.26,6.6695,0.49907
1815.7,1467,6.6064,0.49966
470.65,1337.5,6.6068,0.49977
1545.2,1535.2,6.6002,0.49973
692.65,1502.7,6.5978,0.49982
515.67,1221.7,6.6138,0.49971
2597.3,1392,6.617,0.49951
2189.3,1123.9,6.6292,0.49946
733.4,1557.8,6.5941,0.49984
871.41,722.2,6.6437,0.49944
2163.2,1185.3,6.6254,0.49949
1864.7,1456.8,6.6073,0.49965
1629.1,591.11,6.6564,0.49929
1935.2,962.22,6.6359,0.49942
2158.5,772.43,6.6481,0.49931
2768.4,798.55,6.6521,0.49921
631.93,1567.7,6.5924,0.49987
276.06,778.52,6.635,0.49958
1956.9,983.68,6.6351,0.49943
2160.1,1163.2,6.6268,0.49948
1780.5,422.27,6.6699,0.49917
703.87,874.2,6.6336,0.49954
2445.6,984.82,6.6384,0.49936
564.42,660.54,6.6447,0.49946
2078.7,1468,6.6076,0.49963
2455,1020.3,6.6364,0.49937
625.58,1589.5,6.5908,0.49988
2646.7,973.3,6.6408,0.49932
552.26,1338.6,6.6069,0.49976
2803.1,587.35,6.6649,0.4991
2140.7,1246.3,6.6217,0.49952
543.87,671.18,6.6441,0.49947
1949.8,1175.6,6.6247,0.49951
2165.4,906.67,6.6404,0.49937
897.74,710.16,6.6441,0.49944
723.42,1588,6.5911,0.49987
2062.4,1537.9,6.6022,0.49968
2629.9,998.04,6.6394,0.49933
2440.9,1163.6,6.6288,0.49944
2407.1,749.36,6.651,0.49927
2175.1,1255.6,6.6211,0.49952
2409.8,1174.7,6.6279,0.49945
300.82,1233.6,6.6107,0.49977
1834.6,1454,6.607,0.49966
475.92,658.01,6.6442,0.49948
1970.9,982.37,6.6351,0.49943
269.09,1036.5,6.6207,0.4997
1870,1472.1,6.606,0.49966
911.6,728.83,6.6433,0.49944
654.46,1571.5,6.5924,0.49986
2224.4,516.03,6.6642,0.49918
2352.2,1432.6,6.6118,0.49958
509.09,650.46,6.6446,0.49947
690.77,645.97,6.6467,0.49943
1934.5,815.11,6.6436,0.49936
2696.1,610.82,6.6619,0.49914
2632.1,992.21,6.6394,0.49933
2164.5,1173.2,6.6257,0.49949
2769.4,797.38,6.6517,0.49921
715.86,1351.1,6.607,0.49974
827.62,1558.7,6.5938,0.49984
1849.5,1484.4,6.6048,0.49967
924.65,1261.8,6.6137,0.49967
2181.2,1167.7,6.626,0.49948
414.36,553.36,6.65,0.49944
2414.5,999.66,6.6369,0.49938
2783.8,792.11,6.6521,0.4992
1862.2,1485.7,6.6047,0.49967
490.01,661,6.6438,0.49948
746.32,1065.5,6.6234,0.49961
840.46,704.62,6.6437,0.49944
2177.7,1196.1,6.6244,0.4995
2752.5,483.34,6.6709,0.49906
2411.6,1063.8,6.6334,0.4994
1184.5,945.28,6.6325,0.4995
2631.1,994.05,6.6391,0.49933
1641.3,578.93,6.6561,0.49929
803.72,701.56,6.6435,0.49945
1092.4,1544.6,6.5961,0.4998
606.31,678.26,6.6436,0.49947
2376.2,1414.1,6.6127,0.49957
2326.9,1509.9,6.6059,0.49963
2619.3,908.03,6.6435,0.4993
2650.3,1052.8,6.6357,0.49936
681.63,589.97,6.6495,0.49941
2594.8,642.12,6.6585,0.49918
2815.1,794.37,6.6519,0.4992
2418.6,1144.4,6.6289,0.49944
2656.8,963.63,6.6409,0.49931
1589.2,1481.6,6.6033,0.4997
2445.7,1151.7,6.6285,0.49944
2441.7,1109.6,6.6307,0.49942
1009.5,1442.5,6.6028,0.49975
2173.6,806.93,6.6454,0.49933
674.91,1587.8,6.5906,0.49988
2718,1287.2,6.6238,0.49944
1957.4,967.78,6.6351,0.49943
2343.6,1508.3,6.6055,0.49963
709.64,1516.4,6.596,0.49983
546.17,1194.1,6.6146,0.4997
2632.3,981.7,6.6391,0.49933
727.78,1496.5,6.5974,0.49982
2770.2,837.58,6.6485,0.49923
1875.2,1457.6,6.6062,0.49966
1980.8,820.06,6.6429,0.49937
905.12,1359.6,6.607,0.49973
755.32,1508.1,6.5964,0.49982
1912.1,956.94,6.6352,0.49943
2174.7,821.07,6.6443,0.49934
2134.5,514.27,6.6631,0.4992
1933.7,779.94,6.6448,0.49935
2396.2,648.29,6.656,0.49923
2422.4,1096.6,6.6311,0.49942
2160.9,795.59,6.6456,0.49933
1887.7,1446.5,6.6065,0.49966
2313.1,1476.8,6.6076,0.49961
569.76,1042.3,6.6227,0.49964
2019.4,1551.6,6.6002,0.4997
2379,1421.2,6.6121,0.49957
2157.4,1214.7,6.6225,0.49951
2749.4,502.97,6.669,0.49908
2651.6,995.95,6.6389,0.49933
2159.4,1202.9,6.6231,0.49951
757.45,1491.5,6.5974,0.49981
2177.3,884.19,6.6406,0.49937
2176.3,852.58,6.6423,0.49935
929.47,760.08,6.6403,0.49946
2822.3,984.9,6.6411,0.49928
1970.7,990.45,6.6335,0.49944
1970.8,803.1,6.6438,0.49936
2162.8,506.27,6.6633,0.49919
902.96,1357.5,6.6072,0.49972
2318.5,1466.3,6.6081,0.49961
1926.3,945.7,6.6356,0.49943
2774.8,652.48,6.6591,0.49915
2419.1,1131.9,6.6289,0.49944
2190.5,812.92,6.6445,0.49934
1193.3,1555.6,6.5954,0.49979
734.72,1487.9,6.5972,0.49982
1935.1,1314.4,6.6148,0.49959
2162.8,827.58,6.6435,0.49935
764.49,712.68,6.642,0.49946
2167.2,800.45,6.6452,0.49933
2712.5,599.1,6.662,0.49914
2660.3,967.29,6.6396,0.49932
697.28,1298,6.6092,0.49973
1835.9,1444.5,6.6063,0.49966
1185.7,952.18,6.6313,0.49951
1926.5,962.59,6.6345,0.49944
2789.5,748.17,6.6535,0.49919
2404.7,716.78,6.6514,0.49926
454.75,991.2,6.6238,0.49964
2189.5,781.89,6.6461,0.49932
2165.2,763.1,6.6472,0.49932
2656.4,966.22,6.6398,0.49932
2150.7,1177.7,6.624,0.4995
717.81,1469.1,6.5983,0.49981
465.14,607.24,6.6456,0.49947
2780.2,919.94,6.6436,0.49927
1877.8,1448.4,6.6061,0.49966
1957.1,989.26,6.633,0.49944
550.47,659.43,6.6429,0.49948
2782.5,518.93,6.6678,0.49908
1927.4,1117.4,6.6256,0.49951
881.52,711.69,6.6422,0.49945
1981,968.72,6.6339,0.49944
2627.1,982.97,6.6383,0.49934
2400.7,682.62,6.6532,0.49925
2153.8,1231.9,6.6208,0.49952
372.65,854.42,6.6303,0.4996
861.25,708.52,6.6422,0.49945
2401.5,683.42,6.6531,0.49925
2616.7,1006,6.6371,0.49935
1617,606.94,6.6532,0.49931
475.76,1609,6.5867,0.49993
907.7,1257.3,6.6125,0.49968
612.47,667.4,6.6429,0.49947
2615.6,1028,6.6358,0.49936
2289.3,1532,6.6028,0.49965
251.42,597.8,6.6436,0.49952
2623.4,1123.6,6.6308,0.4994
2574.5,1464.9,6.6099,0.49957
692.03,1482.7,6.5976,0.49982
720.23,1502.7,6.5959,0.49983
2561,1491.4,6.6079,0.49959
2807.6,982.37,6.6403,0.49929
2151.3,1243.4,6.62,0.49953
2367.7,1432.9,6.61,0.49959
2165.6,890.67,6.6394,0.49938
2168.4,1239.8,6.6203,0.49953
2443.7,1075.1,6.6313,0.49942
1971.7,970.88,6.6338,0.49944
2659.1,1102.8,6.6321,0.49938
2367.6,1460.1,6.6078,0.49961
743.62,1542.6,6.5928,0.49985
252.28,631.44,6.6413,0.49954
2420.3,1024.1,6.6343,0.4994
2378.1,1401.1,6.6121,0.49957
2744.4,605.86,6.661,0.49914
2786.7,795.95,6.6501,0.49922
2121.6,514.78,6.6618,0.49921
2593.4,622.29,6.6582,0.49919
681.09,1556.5,6.5916,0.49987
2354,1484,6.606,0.49962
2170.4,1226.9,6.6208,0.49952
2440.3,1090.4,6.6305,0.49942
2176.5,839.82,6.6421,0.49936
2632.3,980.49,6.6381,0.49934
2168,1238.4,6.6201,0.49953
2168.7,723.58,6.6487,0.49931
868.55,1689.1,6.5813,0.49993
2813.6,915.99,6.6438,0.49926
2791.3,505.07,6.6679,0.49908
2065.1,1480.5,6.6045,0.49966
1829.1,1469.4,6.6036,0.49968
910.53,1262.9,6.6116,0.49969
2673.9,1037.2,6.6353,0.49936
2801.3,615.04,6.661,0.49913
2779.8,770.58,6.6514,0.49921
716.04,1214.9,6.6132,0.49969
2155.4,1139.5,6.6254,0.49949
2015.5,1547.2,6.5995,0.4997
2187.1,742.93,6.6475,0.49931
2163,1129.2,6.6263,0.49948
2402.4,971.64,6.6364,0.49938
925.85,1285.1,6.6105,0.4997
2591.8,815.47,6.6466,0.49928
2193.6,863.09,6.6407,0.49937
494.47,1031.5,6.6213,0.49966
2661.4,1045.2,6.6345,0.49936
2165,859.67,6.6406,0.49937
2145.5,504.62,6.6622,0.4992
2448.7,1027.4,6.6335,0.4994
869.32,1254.8,6.6118,0.49969
711.49,1506.8,6.5948,0.49984
700.46,1219.5,6.6123,0.4997
844.54,1498.2,6.5965,0.49981
952.97,1088.9,6.6215,0.49961
2093.8,1462.3,6.6058,0.49965
372.45,855.81,6.6295,0.49961
2362,1451.5,6.6086,0.4996
683.78,1346.6,6.6053,0.49976
2177.8,871.6,6.64,0.49937
1802.9,1479.3,6.6028,0.49969
2194.4,894.07,6.6389,0.49938
2143.2,1218.4,6.6208,0.49953
407.27,1277.9,6.6076,0.49978
750.79,1586,6.5891,0.49988
2337.5,1449.1,6.6083,0.49961
908.19,1284.2,6.6103,0.4997
2646.6,998.68,6.6371,0.49935
1601.3,500.36,6.6596,0.49926
2789.8,761.88,6.6518,0.4992
697.14,1213.5,6.6128,0.4997
1936.5,944.61,6.6341,0.49944
741.95,1606.5,6.5873,0.49989
2186,511.05,6.6617,0.4992
533.92,847.91,6.631,0.49957
2645,627.6,6.6578,0.49918
2439.3,1103.5,6.6292,0.49943
2194.1,861.68,6.6405,0.49937
2353.3,1415.1,6.6103,0.49959
2450.4,956.52,6.6376,0.49937
848.82,1376.4,6.6043,0.49975
2166.3,1080.8,6.629,0.49946
2420.7,1110.3,6.6287,0.49944
717.87,1299,6.608,0.49973
2627.9,1038.1,6.6345,0.49937
2739.8,663.2,6.6568,0.49918
1918.9,1175.4,6.6212,0.49954
2324,1473.4,6.6062,0.49962
2782.3,908.15,6.6431,0.49927
1957.9,983.28,6.6323,0.49945
696.43,594.06,6.6471,0.49943
2671.9,1094,6.632,0.49938
1981.8,803.61,6.6419,0.49937
1876.9,1437,6.6061,0.49966
1084.1,1542.4,6.5939,0.49981
1972.4,964.81,6.6333,0.49944
1877.5,1459.8,6.6038,0.49968
521.08,670.44,6.6411,0.4995
2140,1235.2,6.6194,0.49954
623.22,695.38,6.6403,0.49949
483.3,647.87,6.6418,0.4995
2406.2,389.37,6.6728,0.4991
2191.4,801.09,6.6436,0.49934
2436.9,1125.2,6.6278,0.49944
2646.5,966.49,6.6384,0.49934
1842.4,1441.4,6.6047,0.49967
1596.9,1489.5,6.6002,0.49973
1958.4,962.97,6.6332,0.49944
2824.1,936.92,6.6421,0.49927
746.81,1487.3,6.5957,0.49983
593.21,1541.3,6.5913,0.49988
534.03,1194.3,6.6123,0.49972
2621.8,892.95,6.6419,0.49931
417.31,548.64,6.6476,0.49946
2169.8,1116.4,6.626,0.49948
2455.6,996.53,6.6346,0.49939
715.31,1040.7,6.6215,0.49963
753.04,1576.4,6.5893,0.49988
1023.1,730.6,6.6405,0.49945
1925.9,784.09,6.6427,0.49937
550.8,1192.7,6.6124,0.49972
2145.1,1206.8,6.6208,0.49953
2660.3,1007.6,6.6357,0.49935
719.67,1219.2,6.6119,0.4997
2186.4,1110.1,6.6264,0.49948
2191.8,1071.4,6.6288,0.49946
608.4,713.27,6.6389,0.4995
514.49,1356.8,6.6027,0.4998
754.22,1372.3,6.6034,0.49977
713.55,1493,6.5949,0.49984
367.49,643.31,6.6409,0.49952
281.05,1038,6.6178,0.49972
2057.9,1467,6.6043,0.49966
2633.7,793.84,6.647,0.49927
2189.8,760.77,6.6456,0.49933
923.55,1361.4,6.605,0.49974
2152.1,1160,6.6233,0.49951
2589.9,587.99,6.6592,0.49918
1927.1,967.92,6.6324,0.49945
2036.7,1500.8,6.6018,0.49968
2763.2,522,6.6655,0.4991
1195.1,1551.9,6.5933,0.49981
420.81,572.52,6.6455,0.49948
2631.5,864.39,6.6433,0.4993
2321.4,1450.1,6.6072,0.49962
469.95,1331.2,6.604,0.49979
492.35,1608.2,6.5853,0.49994
571.64,1338.9,6.604,0.49978
2283.9,1526.2,6.6019,0.49966
2149.6,1244.4,6.6184,0.49954
2067.8,1461.3,6.6048,0.49966
2423.5,1075.4,6.6299,0.49943
2769.7,935.38,6.6412,0.49929
2180.5,532.04,6.6599,0.49922
399.09,1272.2,6.6062,0.49979
2164.3,816.24,6.642,0.49936
2392.7,1398.2,6.6106,0.49958
2805.4,782.17,6.6499,0.49922
1966,769.53,6.6438,0.49936
2356.7,1402.8,6.6103,0.49959
670.55,1367.6,6.6028,0.49978
2192.8,785.07,6.644,0.49934
720.01,1201.5,6.6123,0.4997
2340.4,1472.1,6.6057,0.49963
2796.4,584.82,6.6615,0.49913
2363.7,1431,6.6085,0.4996
711.31,1541.5,6.5912,0.49987
2448.2,991.47,6.6342,0.49939
1982.3,786.4,6.6421,0.49937
803.39,720.72,6.6396,0.49948
552.12,1182.3,6.6121,0.49972
2049.1,1499.4,6.6016,0.49968
2427,1014.3,6.633,0.4994
2637.7,1074.5,6.6317,0.49939
531.07,1256.9,6.6085,0.49975
2753.8,660.47,6.6559,0.49918
2583.1,1409.7,6.6119,0.49955
2807,502.68,6.6669,0.49908
1191.5,1546.2,6.5937,0.49981
2791.4,937.35,6.6407,0.49929
562.47,1260.9,6.6084,0.49975
2616.3,1024.3,6.6341,0.49937
2037.1,1547.8,6.5978,0.49971
2427.7,1080.2,6.6288,0.49944
2441.9,1067.9,6.6301,0.49943
2814.8,832.41,6.6472,0.49924
816.43,1558,6.5909,0.49986
720.5,1465.1,6.5965,0.49982
2173.3,754.09,6.6452,0.49933
585.53,1516,6.5922,0.49987
564.42,679.52,6.6399,0.4995
543.9,1015.9,6.6208,0.49965
2160.9,519.82,6.66,0.49922
723.11,1541.3,6.591,0.49987
736.96,1350.5,6.604,0.49976
821.78,722.92,6.6393,0.49948
2078.8,1476.8,6.6032,0.49967
553.76,1200.6,6.611,0.49973
1913.9,946.61,6.6328,0.49945
589.34,1362.6,6.6022,0.49979
296.39,1205.6,6.6084,0.49979
2567.5,1435.7,6.6096,0.49957
2483.5,1230.5,6.6213,0.49949
733.38,1554.8,6.59,0.49987
742.68,1506,6.5939,0.49984
683.82,1208.5,6.6118,0.49971
633.36,1483.8,6.5948,0.49985
695.96,1575.3,6.5882,0.49989
2298.2,1486.5,6.6039,0.49964
1201.2,1542,6.5934,0.49981
890.2,1228.3,6.6119,0.49969
2657.2,1001.9,6.6355,0.49936
912.45,905.08,6.6292,0.49955
569.55,1205.3,6.6105,0.49973
2557.6,1464.6,6.6077,0.49959
720.09,881.86,6.6299,0.49956
1949.4,1170.9,6.6211,0.49954
2194.2,846.89,6.6399,0.49937
684.28,1212.5,6.6113,0.49971
530.86,1336.4,6.6031,0.49979
673.71,1367.1,6.6024,0.49978
642.3,1587.9,6.5871,0.49991
2756.6,662.43,6.6556,0.49918
2167.1,879.11,6.6379,0.49939
2412.1,979.75,6.6347,0.49939
854.16,1081.1,6.6196,0.49963
888.83,1471.8,6.5969,0.49981
1927.8,961.64,6.6319,0.49946
2809,1035.4,6.6357,0.49933
2428.6,974.4,6.6346,0.49939
2638.6,1060.5,6.6316,0.49939
2791.3,763.77,6.6501,0.49922
634.64,1512.5,6.5926,0.49986
696.66,1484,6.5946,0.49984
2630.2,734.6,6.6494,0.49925
740.17,1223.2,6.6105,0.49971
2347.6,1458.6,6.6057,0.49963
2166.3,847.81,6.6395,0.49938
539.73,1201.6,6.6102,0.49974
2631.4,925.15,6.6391,0.49933
2275.9,1517.9,6.6012,0.49967
2087.1,474.46,6.6628,0.4992
635.51,1555.3,6.5893,0.49989
1894,287.84,6.6781,0.4991
1628.5,610.79,6.65,0.49934
732.02,1575.4,6.588,0.49989
2424.4,1114.8,6.6264,0.49946
2053,1483.1,6.6024,0.49968
527.56,1626.7,6.5831,0.49995
354.58,458.87,6.6519,0.49944
785.39,718.8,6.6387,0.49949
1084.3,1563.8,6.5911,0.49984
2290.8,1495.8,6.6028,0.49965
715.71,1498.9,6.5934,0.49985
2334.9,1415.6,6.6085,0.49961
792.58,704.67,6.6393,0.49948
635.88,1553.8,6.5894,0.49989
2282.3,1508.3,6.6018,0.49966
2020.7,1518.9,6.5993,0.4997
2170.9,1104.1,6.6254,0.49949
2439.3,1130.4,6.6261,0.49946
1997.8,1548.6,6.597,0.49972
2326.1,1460.8,6.6054,0.49963
2306.2,1494.2,6.603,0.49965
541.93,661.33,6.6399,0.4995
2371.8,1426,6.608,0.49961
2407,705.83,6.6491,0.49928
1918.9,766.95,6.6428,0.49937
2171.3,1209.5,6.6195,0.49953
655.68,1469.9,6.5951,0.49984
2375.2,1399.6,6.6095,0.49959
2418.4,757.02,6.6465,0.4993
2162.2,760.88,6.6441,0.49934
599.84,1514.1,6.5915,0.49988
2315,1484.2,6.6033,0.49965
2722.7,655.69,6.6551,0.49919
2171.7,1211.4,6.6193,0.49954
2819,846.35,6.6453,0.49925
2396.4,612.35,6.6547,0.49924
573.7,1266.3,6.6066,0.49976
542.33,1283.3,6.6058,0.49977
2407.6,704.13,6.6491,0.49928
2420.1,1149.4,6.6242,0.49947
2577.1,497.12,6.6641,0.49914
901.91,1489.9,6.5949,0.49982
2318.1,1502.8,6.6024,0.49966
2442.4,1095.4,6.6279,0.49944
1066.8,1446.1,6.5989,0.49978
2047.1,1479.1,6.602,0.49968
2595.6,609.51,6.6565,0.4992
2419,1151.6,6.624,0.49948
2712,1083.7,6.6308,0.49938
494.46,1607,6.5842,0.49995
2328.3,1460.8,6.6048,0.49964
945.64,1378.8,6.6027,0.49976
821.11,1542,6.591,0.49986
2646.2,971.5,6.6362,0.49935
2311.7,1483.8,6.6034,0.49965
2646,1108.2,6.6289,0.49941
706.64,1278.7,6.6066,0.49975
1983.6,950.85,6.6318,0.49945
2350.3,1466.2,6.6049,0.49963
2634.4,1115.1,6.6284,0.49942
738.66,1300.5,6.606,0.49975
2332.3,1479.9,6.6039,0.49964
2404.4,670.87,6.6509,0.49927
1190,960.26,6.6277,0.49954
500.93,653.49,6.6397,0.49951
2659.9,1019.6,6.6333,0.49937
2332.8,1481.2,6.6035,0.49965
2644.7,973.78,6.6359,0.49935
1545,1523.8,6.5962,0.49976
742.22,1281.3,6.6067,0.49974
2436.2,875.02,6.6393,0.49935
2315.4,461.05,6.664,0.49917
2229.6,1362.5,6.611,0.4996
2306.1,1527.8,6.6002,0.49967
736.67,1540.6,6.5901,0.49987
839.61,1517.9,6.5926,0.49984
2601,642.37,6.6543,0.49922
2194.8,833.9,6.6398,0.49937
1904.7,1167.3,6.6202,0.49955
1766.5,504.61,6.6577,0.49927
860.34,727.17,6.6382,0.49949
2548,1506.5,6.6036,0.49962
696.5,1484.3,6.5939,0.49985
820.65,1517.6,6.5925,0.49985
2261.2,492.05,6.6617,0.4992
1070.4,1445.7,6.5986,0.49978
2366.9,1412.4,6.6084,0.4996
849.32,790.12,6.6342,0.49952
2205.2,1419,6.6064,0.49963
2781.3,630.36,6.6571,0.49917
2079.4,1476.4,6.6022,0.49968
2063.8,407.05,6.6671,0.49917
2392.7,581.81,6.6562,0.49923
694.47,1491.7,6.5935,0.49985
2450.4,1081.3,6.6281,0.49944
582.43,683.36,6.6387,0.49951
1960.6,787.99,6.6408,0.49938
926.28,1358.2,6.6035,0.49975
573.16,1236,6.6081,0.49975
674.2,875.34,6.6286,0.49958
742.77,1583.8,6.5868,0.4999
1974.8,789.72,6.6407,0.49938
2624.9,1081.5,6.6297,0.49941
2586.9,554.41,6.6595,0.49918
2591.2,574.94,6.6582,0.49919
688.46,1297.3,6.6055,0.49976
2646,930.09,6.638,0.49934
692.82,919.39,6.6262,0.4996
617.09,668.76,6.6395,0.4995
1018.4,747.49,6.6378,0.49948
2443.7,1038.5,6.6301,0.49943
699.59,1580.4,6.5876,0.4999
698.74,677.27,6.6399,0.49949
545.13,1263.3,6.6059,0.49977
722.93,1583.9,6.5864,0.4999
2338.5,1403.5,6.6084,0.49961
2156.7,1120.7,6.6235,0.4995
671.29,1597.1,6.5851,0.49992
2572,1449.9,6.6074,0.49959
2334.9,1488.7,6.6027,0.49965
289.14,1142.9,6.6103,0.49978
2397.1,410.75,6.6682,0.49913
2063.9,406,6.6669,0.49917
889.94,1332.3,6.6045,0.49975
575.14,1311.2,6.6037,0.49978
1974.5,953.27,6.6314,0.49946
695.1,1514.8,6.5917,0.49987
925.73,1217.9,6.6118,0.49969
2004.5,1536.2,6.597,0.49972
2751.8,591.52,6.6584,0.49916
2718.7,317.96,6.6796,0.499
2031.7,1516.9,6.5986,0.49971
2379,1406,6.6084,0.4996
2295.3,1505.4,6.6012,0.49967
2558,1476.6,6.6054,0.49961
2599.1,1384.3,6.6118,0.49955
2339,1474,6.6038,0.49964
2441.1,861.2,6.6392,0.49935
742.28,1283.4,6.6062,0.49975
1971.1,1122.5,6.6217,0.49953
2344.5,1455.2,6.605,0.49963
2162.8,748.17,6.6438,0.49934
2288.4,1514.8,6.6003,0.49967
603.16,671.31,6.6388,0.49951
840.33,1558.4,6.5893,0.49987
2426.4,1082.7,6.6269,0.49945
2753.2,576.67,6.6592,0.49916
2775.8,812.76,6.6455,0.49926
2750,548.44,6.6609,0.49914
966.68,725.14,6.6381,0.49948
2649.4,983.53,6.6347,0.49936
1062.9,1447.3,6.598,0.49978
2597.8,1352.3,6.6137,0.49954
2321,1452.5,6.6051,0.49963
2783.1,849.11,6.6437,0.49927
2629.8,1008.3,6.6333,0.49938
288.95,1130.2,6.6106,0.49977
698.77,1038.3,6.6193,0.49965
2456.7,984.5,6.6327,0.4994
738.42,1213.5,6.6102,0.49972
294.52,1131.8,6.6105,0.49977
599.48,685.73,6.638,0.49951
734.72,1498.1,6.5923,0.49986
2715.6,620.5,6.6557,0.49919
2352.7,1456.9,6.6045,0.49963
443.23,965.12,6.6209,0.49967
1847.1,1482.6,6.5998,0.49971
2016.5,1534.8,6.5968,0.49972
2587,1421.3,6.6086,0.49958
2735.2,650.72,6.6543,0.4992
2196.1,832.58,6.639,0.49938
2595.2,1377.6,6.6122,0.49955
2090.2,1447.5,6.6033,0.49967
2396.8,598.05,6.6544,0.49924
456.42,1128.3,6.6124,0.49973
1915.7,785.13,6.6399,0.49939
2061.1,1495.1,6.5999,0.4997
394.94,855.77,6.6259,0.49963
2786.2,495.91,6.6652,0.4991
2385.9,1377.6,6.6103,0.49959
2433.8,997.05,6.6313,0.49942
740.47,1598.1,6.5855,0.49991
2702.5,638.4,6.6547,0.4992
2450.3,1140.2,6.6237,0.49948
2463.6,764.27,6.6447,0.49931
1569.4,1487.9,6.5976,0.49975
348.24,455.38,6.6505,0.49945
2444.5,726.48,6.6465,0.4993
530.63,659.9,6.6384,0.49952
891.96,1308.3,6.6054,0.49974
2203,763.62,6.6426,0.49935
2584.4,522.81,6.661,0.49917
2787.1,773.99,6.6473,0.49924
2607,648.69,6.6526,0.49923
961.75,741.46,6.637,0.49949
277.35,1014.7,6.6162,0.49973
2745,547.5,6.6609,0.49914
872.48,1355.7,6.6024,0.49976
2589.6,1068.2,6.6291,0.49942
1084.4,1552,6.5905,0.49984
916.68,908.64,6.627,0.49957
919.19,1217.9,6.6102,0.4997
1923.8,1307.9,6.6108,0.49962
1840.3,406.94,6.6646,0.49921
649.18,1603.4,6.5843,0.49993
287.92,1105.7,6.6115,0.49977
2797.6,627.31,6.6564,0.49917
2175.5,742.35,6.6437,0.49934
897.39,1290.1,6.6059,0.49973
2750.8,537.21,6.6617,0.49914
527.49,1193.5,6.6093,0.49975
531.99,1281.7,6.6044,0.49978
2354.9,1400.5,6.6075,0.49961
269.88,718.47,6.6318,0.49961
919.65,1064.4,6.6186,0.49963
1961.3,1179.2,6.6179,0.49956
2545.6,1475.4,6.6047,0.49961
2046.3,1514.4,6.5981,0.49971
1618.9,491.78,6.6564,0.49929
2035.4,1508.5,6.5984,0.49971
2819.4,984.66,6.6362,0.49932
2582.7,1409.8,6.6097,0.49957
2813.7,495.98,6.6649,0.4991
2584.3,1201.6,6.6214,0.49948
707.75,1455.4,6.5945,0.49984
740.46,1217.2,6.6094,0.49972
2745.1,1073.8,6.6305,0.49938
712.04,1538.9,6.5892,0.49988
2306.3,1524.5,6.599,0.49968
1919.5,1345,6.608,0.49964
744.07,1294.8,6.6049,0.49976
2082.8,1587,6.593,0.49975
2728.9,1080.7,6.6299,0.49939
708.08,1234.8,6.608,0.49974
696.11,1603.4,6.584,0.49993
289.17,1108.5,6.6112,0.49977
611.54,1513,6.59,0.49989
535.86,1622.6,6.5819,0.49996
1961.4,951.91,6.6305,0.49946
2175.1,899.04,6.6349,0.49941
2177.1,1466.9,6.6023,0.49967
708.04,1222.7,6.6086,0.49973
716.71,891.12,6.6265,0.49959
2180.1,1197.3,6.6181,0.49954
2295.9,1503.8,6.5999,0.49968
545.1,1216.7,6.6077,0.49976
2192.6,1128.9,6.622,0.49951
1828.7,1431.2,6.6027,0.49969
1865.4,1338.6,6.6085,0.49964
296.49,1148.2,6.6091,0.49978
1009.1,731.27,6.6371,0.49948
2404.7,1384.7,6.6089,0.4996
2337.3,1479.6,6.6022,0.49965
2760.2,1065.7,6.6309,0.49937
2556.8,1466.2,6.6054,0.49961
2775.2,829.56,6.6438,0.49927
2697.1,589.59,6.657,0.49918
616.91,1627.3,6.5815,0.49995
1089.7,1552.5,6.5897,0.49985
268.05,651.63,6.6353,0.49958
1907.1,1343.1,6.6084,0.49964
2342.7,1578.2,6.5949,0.49971
2184.4,1168.5,6.6196,0.49953
2627.2,995.57,6.6329,0.49938
2626.4,895.24,6.638,0.49934
2633,902.1,6.638,0.49934
299.91,1182.2,6.6072,0.4998
2020.6,1526.7,6.5967,0.49973
271.56,747.98,6.6302,0.49962
693.84,1603.2,6.5835,0.49993
2543.1,1477.8,6.6038,0.49962
344.75,468.49,6.6491,0.49946
2048.3,1488,6.5995,0.4997
2628.6,792.92,6.6439,0.49929
2768,857.37,6.6418,0.49929
613.88,1502.3,6.5905,0.49988
2425.6,560.35,6.6561,0.49922
668.32,1587.6,6.5847,0.49992
2658.5,959.65,6.6352,0.49936
2669.4,1105.6,6.6271,0.49942
2731.4,465.15,6.666,0.49911
2577.7,1430.9,6.6074,0.49959
1515.8,472.59,6.6571,0.49929
653.95,1611.2,6.5835,0.49993
672.06,872.04,6.627,0.49959
701.38,1490.5,6.5922,0.49986
980.29,1487.5,6.5936,0.49983
742.44,1240.4,6.6076,0.49974
297.34,1145.1,6.609,0.49978
2214.5,1390.5,6.6066,0.49963
377.98,854.52,6.6253,0.49964
2823.9,883.74,6.6413,0.49928
2148.4,1084.5,6.6241,0.4995
890.16,1487.5,6.5936,0.49983
548.29,1265.1,6.6048,0.49978
981.59,743.25,6.6363,0.49949
1256.4,611.59,6.6459,0.49939
564.12,1309.9,6.6024,0.4998
2724.8,432.62,6.6684,0.49909
2086.6,1461.1,6.6013,0.49968
2059,1449.9,6.602,0.49968
2187.7,1097.5,6.6235,0.4995
2417.5,644.85,6.6507,0.49927
1409.6,1625.9,6.5859,0.49985
728.26,1280.4,6.6049,0.49976
1148.9,1467.6,6.5961,0.49979
2048.8,1486.8,6.5995,0.4997
2701.7,790.09,6.6454,0.49927
2332.4,1380.5,6.6084,0.49961
2316.3,1508.9,6.5997,0.49968
2432.4,1000.8,6.6302,0.49943
2630.4,1039,6.63,0.4994
2569.7,1430,6.6072,0.49959
716.49,923.29,6.6245,0.49961
646.28,1551.6,6.587,0.49991
2196.8,710.81,6.6447,0.49934
2595.8,1354,6.6121,0.49955
2768.2,540.51,6.6605,0.49914
2380.5,1395.6,6.6076,0.49961
573.19,1199.2,6.6086,0.49975
2598.5,433.02,6.6666,0.49912
2206.4,865.11,6.6358,0.4994
559.46,1185.8,6.6088,0.49975
333.88,458.32,6.6494,0.49946
2598.8,612.35,6.6541,0.49922
744.99,1237.9,6.6074,0.49974
2631.9,748.81,6.6462,0.49928
1768.5,562.58,6.6517,0.49931
532.59,1013.5,6.6181,0.49968
1959.6,395.82,6.6653,0.49919
2308.3,1517.4,6.599,0.49968
2594,577.47,6.6562,0.4992
2416.4,980.67,6.6313,0.49942
291.93,1127.4,6.6096,0.49978
894.58,1305.2,6.6045,0.49975
2446.5,1115.7,6.6241,0.49947
2572.1,1447.1,6.6055,0.4996
2670.7,1010.6,6.6317,0.49938
2758.7,680.36,6.6512,0.49922
2075.6,1439.9,6.6024,0.49968
2484.2,341.73,6.6736,0.49908
549.82,1308.6,6.602,0.4998
1803.7,1477.4,6.5985,0.49973
2801.5,598.55,6.6574,0.49916
1587.8,1485.8,6.5966,0.49976
387.87,1649.7,6.5778,0.50001
2321.9,1495.8,6.6006,0.49967
2179.9,912.58,6.6328,0.49943
287.94,965.37,6.6178,0.49972
990.96,729.6,6.6363,0.49949
1590.9,1486.7,6.5966,0.49976
2266.3,1528.8,6.5973,0.4997
2398.9,600.93,6.6528,0.49925
1921.1,1314.4,6.6092,0.49963
2457.5,1070.1,6.6262,0.49946
2370.6,1393.4,6.6074,0.49961
665.86,1469.6,6.5926,0.49986
2158.6,1108,6.6222,0.49951
564.2,1284.9,6.6033,0.49979
1971.9,934.76,6.6309,0.49946
573,1195.4,6.6084,0.49975
2188.5,1095.7,6.6231,0.4995
979.82,1488.1,6.5929,0.49983
2041.5,403.41,6.665,0.49919
578.86,1235.9,6.6058,0.49977
2771.5,524.66,6.6616,0.49913
2431.6,611.96,6.6523,0.49925
2626.4,1022.6,6.6306,0.4994
2451.3,1136.6,6.6224,0.49949
561.6,1266.3,6.6041,0.49978
1937.6,1008.2,6.6259,0.4995
690.09,481.71,6.6503,0.49941
709.94,1322.3,6.6021,0.49978
2020.7,1507.7,6.5972,0.49972
2416.4,622.54,6.6514,0.49926
434.56,1447.5,6.5925,0.49989
2818.5,1045,6.632,0.49935
2793,896.37,6.6394,0.4993
2647.1,1092.7,6.6267,0.49943
710.16,637.76,6.6398,0.49949
2809.7,1027.2,6.633,0.49935
745.94,1225.8,6.6076,0.49973
698.25,925.19,6.6236,0.49961
1592.5,498.26,6.6548,0.4993
2202.8,841.18,6.6366,0.4994
2711.9,1013,6.6317,0.49938
2443.5,1138.8,6.6224,0.49949
635.8,1614.3,6.5819,0.49995
1616.3,594.97,6.6479,0.49935
693.05,1572.7,6.585,0.49992
2786.5,781.19,6.6455,0.49926
707.21,1491.6,6.5912,0.49987
2763,1035.5,6.6316,0.49937
2414.4,1084.1,6.6248,0.49947
560.11,662.89,6.637,0.49952
699.86,1273,6.605,0.49976
2319.8,1500.5,6.5995,0.49968
2157.3,1490.7,6.5988,0.4997
2070.6,1447.5,6.6014,0.49968
2719.2,650.12,6.6521,0.49922
2646.6,846.38,6.6398,0.49932
2198.3,758.14,6.6416,0.49936
902.36,1234.3,6.6076,0.49972
712.51,1248.9,6.6057,0.49975
2033.9,1487.8,6.5985,0.49971
865.32,1460.9,6.5937,0.49983
2187.4,1442,6.6022,0.49967
728.69,1323.2,6.6019,0.49978
2049.2,1505.1,6.5973,0.49972
2559.8,445.68,6.6648,0.49914
697.6,1487.7,6.5914,0.49987
2193.7,733.85,6.6428,0.49935
2624.6,889.99,6.6376,0.49935
705.09,1584.9,6.5847,0.49992
620.75,1625.2,6.5806,0.49996
2347.8,451.55,6.6622,0.49918
2786.2,804.35,6.6439,0.49927
726.71,1537.6,6.588,0.49989
2590.4,542.34,6.6579,0.49919
2447.7,343.34,6.6731,0.49909
691.87,1570.9,6.5852,0.49992
2194.3,731.92,6.6428,0.49935
2739.7,499.79,6.6625,0.49913
748.59,1251.7,6.6057,0.49975
2377.5,431.12,6.664,0.49917
2798.6,609.44,6.656,0.49917
2040,1504.6,6.5968,0.49972
2820.4,849.26,6.6419,0.49928
2566.7,1178.8,6.6208,0.49948
2091.9,1436.8,6.6021,0.49968
1635.3,596.27,6.6475,0.49936
2447.7,983.7,6.6307,0.49942
2816.3,848.18,6.6421,0.49928
725.72,1236,6.6066,0.49975
2562.4,1443.5,6.6053,0.49961
1235,1618.1,6.584,0.49988
591.31,670.38,6.6365,0.49953
2409.7,1139.3,6.6222,0.49949
725.46,1223.7,6.6072,0.49974
547.89,1204.6,6.607,0.49976
2028.9,1538.3,6.5947,0.49974
2105.1,1554.7,6.5935,0.49974
2713.5,1039.1,6.6301,0.49939
2165.6,733.51,6.6424,0.49936
2608,859.3,6.6389,0.49934
2062.2,1440.3,6.6016,0.49968
1858.7,1453.5,6.5992,0.49972
446.48,524.6,6.6446,0.49948
2297.8,1490.9,6.5998,0.49968
2173.6,1224.8,6.615,0.49957
438.27,524.9,6.6444,0.49948
2784.1,849.64,6.6416,0.49929
2535,1485.4,6.6022,0.49963
2146,1222.3,6.6154,0.49957
2206.3,803.69,6.6383,0.49938
2420.5,390.07,6.668,0.49913
2464,985.99,6.6301,0.49942
551.99,1277,6.6029,0.49979
1909,1336.1,6.6075,0.49965
2787.5,816.48,6.6431,0.49927
389.61,840.58,6.6246,0.49965
2808.5,783.16,6.6451,0.49925
683.02,918.56,6.6234,0.49962
973.85,1515.1,6.5903,0.49985
2807.2,883.07,6.6398,0.4993
2172.7,1465.8,6.6001,0.49969
2200.2,778.22,6.6397,0.49937
718.18,1485.6,6.5912,0.49987
617.99,699.66,6.6347,0.49954
1906.8,276.26,6.6757,0.49912
2626.2,919.51,6.6359,0.49936
713.32,1280.5,6.6038,0.49977
2122.6,1534.4,6.595,0.49973
2590.6,544.19,6.6574,0.49919
2164.4,1200.1,6.6161,0.49956
2053.5,1484.6,6.598,0.49971
687.25,1195.8,6.6083,0.49974
2340.6,1382.2,6.6076,0.49961
2201.6,856.84,6.6356,0.49941
292.04,1044.3,6.6129,0.49975
2151.7,1193.9,6.6169,0.49956
2203.8,872.43,6.6342,0.49942
534.11,1263.2,6.6034,0.49979
2179.6,818.95,6.637,0.4994
867.05,1558.5,6.5865,0.49989
2410.5,1118,6.6223,0.49949
2172.1,1215.2,6.6157,0.49956
2782.6,1134.5,6.6255,0.49941
458.65,594.54,6.6401,0.49951
2323.8,1344.4,6.6091,0.4996
2312.2,1467.4,6.6013,0.49966
916.77,1237.9,6.6073,0.49972
2413.6,635.29,6.6495,0.49928
746.64,1296.3,6.603,0.49977
1781.1,550.54,6.6511,0.49932
1138.8,1674.1,6.5783,0.49993
1922.6,997.3,6.6263,0.4995
584.5,1315.3,6.6004,0.49981
2451.6,1068,6.6257,0.49946
271.54,685.81,6.6317,0.49961
2444.9,339.36,6.6728,0.49909
2406,1151.7,6.6204,0.49951
760.1,1355.1,6.5992,0.4998
700.95,950.91,6.6215,0.49963
2440.2,1295,6.6129,0.49956
288.49,1043.2,6.6128,0.49976
2413.3,1351.2,6.6093,0.49959
2805.3,865.48,6.6406,0.49929
1841.5,1450.7,6.5989,0.49972
741.84,883.1,6.6254,0.4996
2763,1030.9,6.6312,0.49937
2714.5,1011.7,6.6311,0.49938
651.74,816.86,6.6284,0.49958
2580.2,1417.3,6.6067,0.49959
2081.5,1437.1,6.6011,0.49969
666.6,1572.4,6.5842,0.49993
2806.7,802.33,6.6438,0.49926
2815.3,503.79,6.6623,0.49912
2774,532.02,6.6604,0.49914
2308.7,1522.9,6.5969,0.4997
854.63,710.58,6.6356,0.49951
287.08,1019.3,6.6139,0.49975
1865.8,1331.6,6.6072,0.49965
704.96,1602.5,6.5825,0.49994
2799,835.07,6.6421,0.49928
2420.2,707.8,6.6449,0.49931
728.26,1221.1,6.6069,0.49974
2463.1,1233.7,6.6165,0.49953
2601.4,1069.2,6.6272,0.49943
714.4,1291.7,6.6028,0.49978
1048.4,866.62,6.628,0.49955
2424.9,778.49,6.6408,0.49934
2818.1,977.83,6.6347,0.49933
1865.7,1438.8,6.5996,0.49971
2580.9,482.96,6.6613,0.49917
1928.5,838.32,6.6346,0.49944
944.82,1532.2,6.5889,0.49987
2424.6,679.4,6.6469,0.4993
1918,1309.3,6.6079,0.49964
727.78,1281.2,6.6034,0.49977
1939,1137.6,6.6178,0.49957
1935.6,1293.6,6.6089,0.49964
2039.3,1520.9,6.595,0.49974
302.78,1169.4,6.6061,0.49981
2609.7,476.81,6.6621,0.49916
1977.9,951.71,6.6285,0.49948
2280.8,611.21,6.6499,0.49929
727.92,1292.7,6.6027,0.49978
2784,640.66,6.653,0.4992
692.43,1220.7,6.6065,0.49975
2308.9,1497.8,6.5985,0.49969
2157.4,1175,6.617,0.49956
645.94,1581.9,6.5836,0.49993
2656.3,1509.2,6.6009,0.49963
2444.3,1189.1,6.6187,0.49952
803.31,1683.8,6.5754,0.49998
2290.6,1498.6,6.5986,0.49969
2656.9,1510,6.6009,0.49963
274.44,754.46,6.6279,0.49964
1113.1,1545.5,6.5883,0.49986
2282.8,609.12,6.6499,0.49929
1164.3,1660.4,6.5797,0.49992
2058.3,1421.3,6.6022,0.49968
286.75,1017.4,6.6138,0.49975
578.21,1620.4,6.5802,0.49997
946.54,1532.7,6.5888,0.49987
1912.7,1326,6.6068,0.49965
1953.6,1158.7,6.6166,0.49957
2557,1443.8,6.6044,0.49961
2221.6,1574,6.5926,0.49974
2511.4,1390.7,6.6074,0.4996
741.33,1283.1,6.6037,0.49977
855.21,790.7,6.6307,0.49954
297.98,1111.1,6.609,0.49978
1905.2,1118.2,6.6189,0.49956
595.41,1344.1,6.5984,0.49982
2281.2,1427.4,6.6032,0.49965
2282,1427.6,6.6032,0.49965
1926.7,1279.7,6.6103,0.49963
2319.8,1452.8,6.6019,0.49966
694.61,1218.4,6.6066,0.49975
2139.1,1260.7,6.612,0.4996
2443,702.63,6.6455,0.49931
1910.5,1154.9,6.6165,0.49958
2454.4,1103.7,6.623,0.49948
2768.2,668.95,6.6505,0.49922
409.5,1143.4,6.6085,0.49977
2417.3,1324,6.6106,0.49958
458.59,972.56,6.6183,0.49968
291.96,1093.1,6.6098,0.49978
2150,1084.9,6.6222,0.49952
2717.1,382.71,6.6705,0.49907
722.08,954.54,6.621,0.49963
2416.6,605.76,6.6512,0.49926
1900.7,1306.4,6.6078,0.49965
2254.7,519.17,6.6555,0.49925
2815.5,776.13,6.6453,0.49925
2824.4,916.2,6.6375,0.49931
552.95,1016.5,6.6164,0.49969
551.69,1231.9,6.6044,0.49978
2696.4,1075.4,6.6276,0.49941
935.08,1332,6.6016,0.49977
1876.7,1338.5,6.6057,0.49967
1205.4,1535.3,6.5894,0.49984
2718.8,643.53,6.6514,0.49922
298.8,1180.2,6.6052,0.49981
2021.8,1536.3,6.5939,0.49975
2201.9,824.76,6.6367,0.4994
1609.4,1470.9,6.5959,0.49976
685.14,923.38,6.6223,0.49963
2448.9,965.48,6.6307,0.49942
1809.5,425.4,6.6605,0.49924
2614.4,499.64,6.6602,0.49917
1605.6,486.98,6.654,0.49931
2712.2,1085.8,6.6269,0.49942
2721.5,652.95,6.6508,0.49923
746.79,1223.1,6.6065,0.49974
1956.6,1139.5,6.6174,0.49957
522.1,1639.5,6.5784,0.49999
695.23,1290.2,6.6024,0.49978
2180.9,782.48,6.6384,0.49939
974.5,1513,6.5898,0.49986
2799.9,611.8,6.6547,0.49918
2436,633.19,6.6495,0.49928
768.44,1504.4,6.5895,0.49988
903.8,1261.5,6.605,0.49974
691.58,1595.4,6.582,0.49994
732.13,1548,6.5858,0.49991
2457.6,945.18,6.6318,0.49941
2755.6,487.72,6.6626,0.49913
2649.3,914.45,6.6353,0.49936
2806.7,516.31,6.6611,0.49913
2068.8,1481.3,6.5977,0.49971
733.96,1488.9,6.5899,0.49988
298.96,1108,6.6089,0.49979
2745.2,524.2,6.6597,0.49915
982.22,1435.6,6.5952,0.49981
2565.9,1199.7,6.6188,0.4995
2169.8,1170.9,6.6169,0.49956
2695.4,807.06,6.6417,0.4993
2208.5,834.66,6.6356,0.49941
890.65,1473.8,6.5922,0.49984
1975.4,842.25,6.6342,0.49944
2715.8,663.33,6.6499,0.49923
667.75,1574.1,6.5834,0.49993
710.58,1459.7,6.5917,0.49986
2565.1,1418.9,6.6059,0.4996
2777.2,809.12,6.6425,0.49928
2636.1,809.23,6.6408,0.49932
2587.6,1397.1,6.6075,0.49959
583.92,1268.2,6.6027,0.49979
2745.4,523.76,6.6597,0.49915
1171.1,1661.5,6.5788,0.49993
650.54,1571.4,6.5835,0.49993
2442.4,1191.6,6.6182,0.49952
2305.2,1475.4,6.5999,0.49968
1774.3,428.76,6.6595,0.49925
2061.3,1483.3,6.5976,0.49971
2448,1102.6,6.623,0.49948
2803.8,593.01,6.6559,0.49917
2003.9,1523.9,6.5944,0.49974
562.75,1218,6.6053,0.49977
2026.4,1527.7,6.5943,0.49974
859.4,1469.1,6.5922,0.49985
653.27,1513.1,6.5878,0.4999
2311.4,1506.5,6.5977,0.49969
2625.5,1009.1,6.6301,0.4994
2054.6,1501,6.5961,0.49973
270.99,640.93,6.6342,0.49959
2434.7,610.39,6.6508,0.49927
744.07,1485,6.5904,0.49987
2201.4,741.41,6.6407,0.49937
1824.1,1434.2,6.5991,0.49972
2777.9,535.26,6.6594,0.49915
671.86,1611.3,6.5811,0.49995
298.35,1095.1,6.6094,0.49978
884.23,1558.1,6.5858,0.49989
2506.7,1499.2,6.5998,0.49966
1983,1012.3,6.6242,0.49951
519.45,1627.1,6.5787,0.49999
282.02,1002.5,6.614,0.49975
2672.7,1055.8,6.6274,0.49942
270.01,607.1,6.6362,0.49958
263.14,706.27,6.63,0.49963
2455.6,1100.7,6.6227,0.49948
2608.5,1346.5,6.6102,0.49956
562.61,1206,6.6058,0.49977
292.23,1005.8,6.6139,0.49975
2584.2,1139.1,6.6223,0.49947
691.89,1600.3,6.5817,0.49994
2670.9,1076.4,6.6262,0.49943
2295.6,1534.9,6.5954,0.49971
1018.8,1439.3,6.5949,0.49981
2215,456.95,6.6595,0.49922
1927.6,930.65,6.6291,0.49948
1978.5,825.06,6.6344,0.49943
1163.6,1660.6,6.579,0.49993
734.43,1304,6.6013,0.49979
1166.3,1531.2,6.5897,0.49984
917.03,1291.9,6.6033,0.49975
2138.3,588.47,6.6498,0.4993
2023.5,1521.2,6.5942,0.49974
2651.2,918.41,6.6346,0.49937
2157.6,1480,6.5983,0.4997
2752.4,563.71,6.6568,0.49917
2454.2,1043.7,6.626,0.49946
717.97,1488.3,6.5895,0.49988
2601.7,511.73,6.6588,0.49918
2091.2,1433.6,6.6009,0.49969
2572.2,448.11,6.6637,0.49915
758.6,1465.2,6.5913,0.49986
2421.9,401.88,6.6653,0.49915
1804.4,1470.6,6.5972,0.49974
2480.4,519.09,6.6571,0.49921
2619.5,1238.9,6.6165,0.49951
2724.4,641.37,6.6514,0.49922
2438.7,769.26,6.6406,0.49934
975.07,1431,6.5953,0.49981
2648.9,1063,6.6269,0.49943
282.98,1018.4,6.613,0.49976
1397.2,524.94,6.65,0.49935
2775.3,531.93,6.6588,0.49915
2194.1,874.48,6.6328,0.49943
499.57,1601.5,6.5807,0.49998
298.9,1167.6,6.6053,0.49981
2635.7,1097.8,6.6244,0.49945
2824.5,712.57,6.6486,0.49922
2799.2,787.21,6.6435,0.49927
1904,405.17,6.6618,0.49923
2279.5,1510.3,6.597,0.4997
1133,704.48,6.6369,0.49947
2159.9,584.96,6.6498,0.4993
1913.9,1135.2,6.6169,0.49958
477.61,665.83,6.6346,0.49955
2332.3,1416.2,6.6039,0.49964
941.86,1465.7,6.5922,0.49984
918.9,1331,6.6009,0.49977
2703,1015.9,6.6296,0.4994
2530.5,1479.6,6.601,0.49964
289.98,1044.2,6.6116,0.49977
2549.2,1290.9,6.6131,0.49955
2091.4,1583.5,6.5898,0.49977
2424.3,741.41,6.6419,0.49934
2178.7,867.99,6.6335,0.49942
1663.4,607.58,6.6453,0.49937
2214.3,908.49,6.6313,0.49944
534.65,1214.3,6.6049,0.49978
570.11,1265.6,6.6021,0.4998
743.82,1481.1,6.59,0.49987
586.84,1290.6,6.6006,0.49981
2711.3,590.83,6.6539,0.4992
2565.3,1177.7,6.6196,0.49949
2031.8,1521.1,6.5943,0.49974
1910.1,1303.2,6.6076,0.49965
2388.4,574.55,6.6524,0.49926
1928.6,986.81,6.6249,0.49951
2652.3,875.21,6.6368,0.49935
2562.8,1419.2,6.6052,0.49961
1574.3,1501.3,6.5932,0.49978
2723.8,635.61,6.6512,0.49922
2550.2,1446.1,6.6031,0.49963
705.45,896.85,6.6228,0.49962
718.19,1301.7,6.6008,0.49979
2721.4,683.4,6.6489,0.49924
2658.9,1083.3,6.6253,0.49944
273.24,555.84,6.639,0.49955
2823.1,546.63,6.6583,0.49915
1845,1474.6,6.5968,0.49974
1979.9,424.17,6.6613,0.49922
2622.2,959.03,6.6319,0.49939
1978,400.05,6.6623,0.49922
2674.1,1042.6,6.6281,0.49941
900.28,754.05,6.633,0.49952
2797,804.3,6.6426,0.49928
2671.7,1005.2,6.6297,0.4994
695.49,1232.6,6.6049,0.49976
270.46,611.74,6.6354,0.49958
2635.1,887.59,6.6359,0.49936
2156.4,1485.7,6.5977,0.49971
2475.9,345.47,6.6711,0.4991
2567,1415.7,6.6056,0.4996
2567.1,1437.1,6.6043,0.49961
2182.6,880.41,6.6322,0.49943
656.18,1600.8,6.5808,0.49996
679.38,623.8,6.6387,0.4995
2447.4,1171.2,6.6183,0.49952
1961,1135.2,6.6173,0.49957
416.43,1048.1,6.6126,0.49973
923.71,1290.4,6.6028,0.49976
567.64,1277.3,6.6015,0.4998
255.06,728.29,6.628,0.49965
2744.7,1064.5,6.6275,0.49941
1590.2,1470.6,6.595,0.49977
2151.9,1202.4,6.6144,0.49958
2604.6,421.22,6.6657,0.49913
649.84,1590.5,6.5815,0.49995
725.53,928,6.6213,0.49963
2577.3,1416.1,6.6054,0.4996
2295,1467.4,6.5997,0.49968
2454.2,973.38,6.6296,0.49943
2624.9,938.75,6.6327,0.49938
2671.5,1073.8,6.6259,0.49943
710.34,1537.3,6.586,0.49991
268.46,755.53,6.6266,0.49965
1843.7,404.84,6.6615,0.49923
2705,819.08,6.64,0.49931
713.29,1535.8,6.5858,0.49991
2650.3,890.08,6.6358,0.49936
2370.9,1438.5,6.6021,0.49965
1893.1,1287.4,6.6079,0.49965
2095.9,1433.1,6.6002,0.49969
2728.5,421.69,6.6664,0.4991
744.41,1048.2,6.6151,0.49968
2611.5,1262.1,6.6147,0.49953
705.42,1469.5,6.5902,0.49988
2700.7,870.1,6.6375,0.49933
2577.2,1215,6.6173,0.49951
697.28,1278.3,6.6022,0.49978
2735.2,453.61,6.6639,0.49912
1725.5,526.8,6.6508,0.49932
2352.5,1466.2,6.6,0.49967
1979.3,806.91,6.6348,0.49943
2145.8,1230.1,6.6126,0.49959
2802.8,501.13,6.6611,0.49913
1996,1542,6.592,0.49976
2099.8,411.58,6.6619,0.49921
2429.8,712.74,6.6437,0.49932
679.69,625.48,6.6384,0.4995
920.52,1289.7,6.6029,0.49976
2014.5,1552.5,6.5916,0.49977
1979.6,1159.7,6.6155,0.49958
2166.6,1242.5,6.6125,0.49959
2441.9,669.11,6.6463,0.4993
647.76,1497.5,6.5884,0.4999
2178.8,837.46,6.6348,0.49941
1788.7,550.58,6.6494,0.49933
1851.6,1479.3,6.5955,0.49975
2587.7,1362.3,6.6088,0.49958
2303.8,1452.6,6.6006,0.49967
2139.2,1374.4,6.6044,0.49966
2371.8,1418.2,6.6029,0.49965
2230.8,1501.8,6.5966,0.49971
2660.4,1052.8,6.627,0.49942
2773.9,537.12,6.658,0.49916
2740.9,582.79,6.6547,0.49919
2212.2,910.82,6.6309,0.49944
1263.1,1614.9,6.5827,0.49989
294.59,1019.3,6.6125,0.49976
1213,1549.7,6.5872,0.49986
2631.5,603.5,6.6521,0.49923
2660.1,833.71,6.6388,0.49933
2618.1,1012.1,6.6288,0.49942
2751.7,578.34,6.6549,0.49919
2414,1103.1,6.6221,0.49949
2722.9,673.61,6.6489,0.49924
1926,1294.3,6.6078,0.49965
2138,1508.7,6.5951,0.49973
585.19,1285.8,6.6009,0.49981
720.11,1501.6,6.588,0.49989
262.19,697.16,6.6296,0.49963
1106.3,1462,6.5933,0.49982
2757.8,484.65,6.6617,0.49914
2627.7,1062.8,6.6256,0.49944
2609.4,612.72,6.6509,0.49924
2771.6,545.37,6.6575,0.49917
728.36,1042.1,6.6152,0.49968
1916.1,314.86,6.6697,0.49916
579.37,1235,6.6035,0.49979
1066.7,1552.1,6.5866,0.49987
711.72,1601,6.5811,0.49995
2264.8,1452.7,6.6,0.49968
2728.8,1001.7,6.6301,0.49939
2182.9,849.67,6.6334,0.49942
2698.5,868.96,6.6373,0.49934
2197,718.26,6.6414,0.49936
2717.7,1008.3,6.6296,0.49939
2684,1044,6.6272,0.49942
2698.2,837.58,6.639,0.49932
2659.3,1080.6,6.625,0.49944
2775.5,902.96,6.6361,0.49933
885.27,1225.7,6.6062,0.49973
474.14,780.63,6.6271,0.49961
708.12,1579.2,6.5822,0.49994
2592.1,1066.7,6.6254,0.49945
950.18,1527.1,6.5875,0.49988
300.84,1165,6.6048,0.49982
2531.2,1321.9,6.6104,0.49957
529.38,1175.6,6.6063,0.49977
2775.6,932.51,6.6347,0.49934
2760.7,515.53,6.6592,0.49915
532.81,695.01,6.6332,0.49956
2434.2,595.61,6.6507,0.49927
1938.4,1154.9,6.6153,0.49959
2544.1,1479.5,6.6006,0.49965
768.66,1547.4,6.5849,0.49991
489.45,1462.2,6.5894,0.49991
1022.7,1436.6,6.5943,0.49982
272.08,636.83,6.6333,0.4996
1848.1,1434.2,6.5982,0.49973
1874,1465.2,6.5963,0.49974
2457.3,946.09,6.6306,0.49942
292.34,1024.5,6.6122,0.49976
2155.5,726.51,6.6406,0.49937
2306.2,1453.9,6.5998,0.49968
2772.1,825.25,6.6402,0.4993
906.07,1235.7,6.6055,0.49974
2636.3,1095.1,6.6238,0.49945
2820,563.92,6.6569,0.49916
1936.1,402.54,6.6613,0.49923
1418.7,1605.7,6.5841,0.49987
2573.2,1206.6,6.6175,0.49951
2797.8,545.65,6.6578,0.49916
714.05,1601.4,6.5808,0.49995
719.74,1511.1,6.5871,0.4999
584.6,1219.8,6.6042,0.49978
768.54,1585.4,6.5825,0.49993
1411.5,1605.7,6.5839,0.49987
1405.6,1603.7,6.5843,0.49987
926.86,1235.8,6.6053,0.49974
2721.8,607.51,6.6522,0.49922
2463.3,1476.5,6.5998,0.49966
2397.5,423.93,6.6627,0.49918
754.99,1326.7,6.5989,0.4998
2729.4,423.13,6.6658,0.49911
2459.9,1064.6,6.6236,0.49948
1148.8,1466.5,6.593,0.49982
2776.9,842.98,6.6392,0.49931
2044.6,657.29,6.6439,0.49935
883.31,1305.8,6.6014,0.49977
2291.2,1398.4,6.6035,0.49965
2805,630.85,6.6523,0.4992
2720.7,380.53,6.6693,0.49908
2466.6,981.34,6.6281,0.49944
2195.3,843.48,6.6336,0.49942
2168.3,1172.6,6.6155,0.49957
2383,1409.5,6.6035,0.49964
2783,658.99,6.6497,0.49922
368.21,484.48,6.6446,0.49949
1810.9,1475.3,6.5951,0.49975
799.39,727.58,6.6327,0.49953
2446.7,736.41,6.6418,0.49933
666.19,1459.7,6.5901,0.49988
2600.7,1355.9,6.6088,0.49957
1816.4,1446.4,6.597,0.49974
2792,556.81,6.6568,0.49917
2600.4,1378.4,6.6071,0.49959
796.66,1195.9,6.6071,0.49974
2229.3,1336.5,6.6065,0.49963
757.98,1201,6.6063,0.49975
1069.3,1552.4,6.5862,0.49988
2817.3,860.23,6.6387,0.4993
2537,1491.5,6.5989,0.49966
1867.7,1297.8,6.6068,0.49966
666.68,474.37,6.6477,0.49943
2600.7,572.8,6.6534,0.49923
2730.1,1025.6,6.6287,0.4994
2504.2,1496,6.5988,0.49967
737.38,1493.7,6.5881,0.49989
1927.2,1291.2,6.6075,0.49965
860.24,1555.4,6.5845,0.49991
2367.9,1437.8,6.6014,0.49966
741.27,927.61,6.621,0.49963
2728.7,1022,6.6288,0.4994
694.48,1587.9,6.5815,0.49995
2728.3,1069.7,6.6262,0.49942
2656.5,1108.2,6.6231,0.49945
2571.9,1425.8,6.6041,0.49962
2443.5,615.77,6.6488,0.49928
2743,590.31,6.6534,0.4992
1024.8,876.39,6.6251,0.49958
2600.5,489.45,6.6592,0.49918
1183.4,669.82,6.6382,0.49946
2763.7,1017.3,6.6297,0.49938
860.73,1500.5,6.5884,0.49988
736.46,1501.2,6.5876,0.49989
2565.2,1439.1,6.6031,0.49962
2819.4,1003.1,6.6313,0.49936
584.56,1207.6,6.6046,0.49978
2421.2,877.05,6.6338,0.4994
2416.9,323.43,6.6713,0.49911
1627.9,534.69,6.6495,0.49934
1962,1102.8,6.6186,0.49956
2529.1,1478.8,6.6,0.49965
370.64,483.55,6.6445,0.49949
1920.1,1119.3,6.617,0.49957
277.96,756.35,6.6256,0.49966
1200.2,658.23,6.6389,0.49945
699.73,1301.9,6.6001,0.4998
2672.4,1060,6.6259,0.49943
1163,1535.9,6.5874,0.49986
772.45,835.07,6.6262,0.49959
2440,634.73,6.6478,0.49929
2699.7,1032.2,6.6281,0.49941
1161.9,1448.3,6.5934,0.49981
1573.5,474.58,6.6531,0.49932
2031.9,1518.2,6.5935,0.49975
1976.8,950.11,6.6261,0.4995
536.67,1201.9,6.6045,0.49978
721.01,1324.3,6.5985,0.49981
2807.3,881.63,6.6375,0.49931
552.76,926.23,6.6195,0.49966
535.76,923,6.6195,0.49967
2621,613.3,6.6507,0.49924
1261,1612.8,6.5824,0.49989
2820.9,752.67,6.6449,0.49925
1633.2,494.05,6.6519,0.49932
2401.8,1186.3,6.6162,0.49954
848,1500.2,6.5882,0.49988
2585.8,1359,6.6082,0.49958
2060.7,1479.4,6.5964,0.49973
2195.4,812.7,6.635,0.49941
2417,874.33,6.6336,0.4994
943.08,1521.5,6.5877,0.49988
2733.8,559.12,6.6555,0.49919
444.08,769.62,6.627,0.49962
2648.5,882.69,6.6349,0.49936
2550.1,1450.5,6.6019,0.49963
2336.2,1489.8,6.5975,0.49969
256.21,715.99,6.6277,0.49965
2651.9,869.72,6.636,0.49936
2579.8,1137.1,6.6207,0.49948
2633.1,1121.8,6.6218,0.49947
423.36,1124.2,6.6073,0.49978
755.92,1302.9,6.5999,0.4998
271.45,581.83,6.6357,0.49958
2123.8,1548.6,6.5914,0.49976
2421.1,1040.7,6.6242,0.49948
2278.5,1488,6.5972,0.4997
2606.3,578.29,6.6524,0.49923
447.6,1578.9,6.5808,0.49998
2035.3,1523.6,6.5927,0.49976
2644,1115.3,6.6222,0.49946
1939.9,399.05,6.6612,0.49923
2734.5,998.82,6.6296,0.49939
2748.2,1029.2,6.6286,0.4994
2681.1,416.05,6.6654,0.49912
1808.7,1459.6,6.5957,0.49975
2715.4,596.89,6.6523,0.49922
2647.3,773.46,6.6412,0.49931
750.66,1211.8,6.6054,0.49975
613.59,1498.1,6.5869,0.49991
2156.9,1227.9,6.6118,0.4996
673,828.76,6.6252,0.49961
2807.6,582.97,6.6544,0.49918
2820.4,1039.7,6.6287,0.49938
1639.8,619.24,6.6435,0.49939
1952.9,1156.1,6.6151,0.49959
746.49,1043.7,6.6144,0.49968
2147.3,943.69,6.6277,0.49947
2725.9,402.29,6.6669,0.4991
749.2,1463.6,6.5899,0.49987
712.23,1350.5,6.5968,0.49982
2749.1,379.07,6.6694,0.49908
2166.7,1266.6,6.6101,0.49961
2722.9,975.46,6.6307,0.49938
289.94,1004.1,6.6124,0.49976
2262.4,1509.1,6.5955,0.49972
940.99,1346.8,6.5986,0.49979
729.02,1458,6.5902,0.49987
1993.9,845.05,6.6317,0.49945
2817.3,610.36,6.6532,0.49919
2804.5,572.46,6.6554,0.49917
753,1322.1,6.5991,0.4998
1949.1,841.24,6.6317,0.49946
2448.8,737.29,6.6414,0.49934
755.06,1305.2,6.6,0.49979
2248.1,1475.9,6.5976,0.4997
2107.3,412.27,6.6608,0.49922
2414.3,1178.8,6.6164,0.49954
2822.8,805.15,6.6415,0.49928
1921.8,1111.2,6.6171,0.49957
2753.3,450.79,6.6633,0.49912
2811,786.89,6.6423,0.49928
941.96,1336.4,6.5992,0.49978
692.84,1531.5,6.585,0.49992
905.79,1232.8,6.605,0.49974
2287.9,1473.8,6.5981,0.49969
1715.5,522.18,6.65,0.49933
2628.4,813.76,6.6386,0.49934
2815,583.17,6.6544,0.49918
2422.9,1000.9,6.6261,0.49946
1157.5,1462,6.5925,0.49982
564.71,861.65,6.6232,0.49963
2495,1417.4,6.6034,0.49963
2796.5,891.02,6.6365,0.49933
2732.6,573.16,6.6539,0.4992
2563,1430.5,6.6033,0.49962
2564.2,1380.8,6.6063,0.4996
2002.7,402.98,6.6609,0.49923
2239.5,519.01,6.6536,0.49926
2490.2,541.96,6.6539,0.49924
693.29,1533.2,6.5847,0.49992
1332.3,569.53,6.645,0.4994
2274.5,1497.2,6.5958,0.49971
2717.1,365.19,6.6699,0.49908
485.56,969.88,6.6159,0.4997
2580.6,1192.7,6.617,0.49951
1975,990.13,6.6235,0.49952
2439.2,733.4,6.6409,0.49934
1104.7,1459.5,6.5924,0.49983
942.99,1325.1,6.5997,0.49978
546.9,1260.2,6.6006,0.49981
2603.9,1343.3,6.6089,0.49957
2760.4,1054.6,6.6269,0.49941
2290.2,1475,6.5974,0.4997
2140.8,1527.7,6.5927,0.49975
2028.8,1494.7,6.5949,0.49974
276.78,757.81,6.6253,0.49966
254.27,660.59,6.6306,0.49963
2333.6,1489.5,6.5971,0.4997
739.15,1326.3,6.5982,0.49981
2783.9,948.76,6.6331,0.49935
2817,980.53,6.6319,0.49936
2208.8,733.51,6.6392,0.49938
1909.1,1152.2,6.6148,0.49959
2431.3,387.64,6.6653,0.49915
264.62,672.34,6.6302,0.49963
659.31,1183,6.6062,0.49976
2758.2,503.54,6.6589,0.49916
535.43,893.61,6.6206,0.49966
752.95,1505.6,6.5874,0.49989
908,1246.8,6.604,0.49975
2813.4,533.93,6.6575,0.49916
588.94,1182.4,6.6054,0.49977
926.54,1310.7,6.6002,0.49978
517.09,1618.9,6.5777,0.5
1895.8,1320.3,6.6046,0.49967
682.7,1548.8,6.5841,0.49993
907.14,1065.4,6.6139,0.49967
2181.5,1100.6,6.6187,0.49954
2550.8,1463.6,6.6007,0.49964
2634.9,604.71,6.651,0.49924
2814.5,518.59,6.6586,0.49915
1161,1448.2,6.5929,0.49982
473.14,666.42,6.6328,0.49957
542.43,1273.6,6.6,0.49982
1963,805.34,6.6334,0.49944
1292,599.83,6.6422,0.49942
1976.6,970.03,6.6244,0.49951
522.14,1624,6.577,0.5
537.32,680.42,6.6326,0.49956
1118.1,1545,6.586,0.49987
2738.3,391.79,6.6678,0.49909
495.28,671.84,6.6327,0.49957
947.79,1289.5,6.6013,0.49977
2759.9,569.27,6.6549,0.49919
2582.8,1195.1,6.6171,0.49951
449.62,1433.1,6.5898,0.49991
2585,1393.9,6.6055,0.4996
1546.8,1369.4,6.6001,0.49973
2323.3,1423.5,6.601,0.49967
1020.3,729.74,6.6326,0.49952
2479,1447,6.601,0.49965
2614.4,789.87,6.6392,0.49934
743.47,931.78,6.6199,0.49964
692.12,949.37,6.6187,0.49965
708.98,1287.7,6.6009,0.49979
885.84,1302.1,6.6006,0.49978
2454,961,6.6282,0.49944
672.25,1477.9,6.5881,0.4999
747.31,903.21,6.621,0.49963
2539,519.49,6.6555,0.49922
2768.5,475.82,6.6612,0.49914
2717,1014.8,6.6284,0.4994
2618.7,576.87,6.6523,0.49923
569.5,1202.3,6.6041,0.49978
2194.6,817.74,6.634,0.49942
1882.4,1271.6,6.608,0.49965
2143.3,1047.9,6.6215,0.49952
2189,1134.6,6.6169,0.49955
265.8,731.64,6.6263,0.49966
772.52,1280.1,6.6007,0.49979
552.94,896.3,6.6204,0.49966
883.88,1458.6,6.5904,0.49986
1674.4,507.29,6.6504,0.49933
2780.5,509.07,6.6585,0.49916
2014.3,1513.1,6.5932,0.49975
2302.7,1367.4,6.6044,0.49964
1937.7,821.69,6.6322,0.49945
2733,797.18,6.6403,0.49931
2811.6,498.44,6.6597,0.49914
546.64,1304.7,6.5982,0.49983
2194.5,743.66,6.6382,0.49939
553.55,1338.1,6.5959,0.49985
1848.6,1479.2,6.5941,0.49976
735.18,1303.3,6.5994,0.4998
2378.8,1560.8,6.5921,0.49973
2585.1,470.83,6.6594,0.49918
478.25,1211.4,6.6028,0.4998
2168.6,733.08,6.6394,0.49938
2744.2,487.24,6.6599,0.49915
1876.3,1301.8,6.6053,0.49967
925.59,1333.7,6.5985,0.49979
1849.1,1462.1,6.5951,0.49975
745.21,957.58,6.6184,0.49965
2618.2,578.03,6.6522,0.49923
906.91,1061.4,6.6139,0.49967
2787.5,626.71,6.6509,0.49921
593.55,1338.6,6.5961,0.49984
905.28,1334.4,6.5986,0.49979
2728.8,632.6,6.6501,0.49923
297.19,1022.1,6.611,0.49977
2447.7,1171.8,6.6165,0.49953
2611.7,416.52,6.6641,0.49914
2600.6,472.05,6.6594,0.49918
398.28,723.78,6.628,0.49962
2608.4,1275.1,6.6123,0.49955
1201.4,1047.7,6.6165,0.49963
2659.5,1067.2,6.6244,0.49944
2428.3,777.42,6.6379,0.49937
924.48,1307.6,6.6004,0.49978
2625.3,1101.2,6.622,0.49947
2550.8,1324.6,6.6091,0.49958
2781.6,597.65,6.6529,0.4992
