1417.6,1540.7,6.6391,0.49946
1412.6,1533.4,6.6382,0.49946
792.02,224.73,6.7207,0.49886
854.53,240.5,6.7169,0.49889
825.58,228.8,6.7182,0.49888
803.49,229.15,6.7174,0.49889
854.23,242.02,6.7156,0.49889
798.75,229.76,6.7164,0.49889
844.4,244.05,6.7141,0.49891
369.18,1505.1,6.6244,0.49966
370.65,1521.8,6.623,0.49967
757.68,243.04,6.7078,0.49896
1019.6,1060.7,6.6522,0.49937
757.96,244.04,6.7074,0.49896
2029.8,1361.6,6.64,0.49939
1838.5,727.98,6.6747,0.49914
1846.6,783.24,6.6715,0.49916
1265,1090.4,6.6514,0.49936
1264.1,1097.7,6.6506,0.49937
750.76,243.35,6.7065,0.49897
1660.9,1141.9,6.6494,0.49935
1308.3,1107,6.6494,0.49937
1617.5,1135,6.6495,0.49935
794.88,256.66,6.7046,0.49898
984.64,1080.2,6.6477,0.49941
748.08,250.73,6.7037,0.49899
760.76,1048.7,6.6474,0.49943
1011.6,1087.6,6.6467,0.49941
794.79,259.36,6.7022,0.499
1587.1,1146.7,6.6463,0.49937
1228.2,1111.8,6.6464,0.4994
982.85,1079.7,6.6468,0.49941
1885.9,730.24,6.6706,0.49916
1056.1,1096.6,6.6457,0.49942
2715.8,475.19,6.6922,0.49891
767.45,218.61,6.706,0.49897
975.87,1002.3,6.6495,0.49939
2429.5,684.81,6.6754,0.49908
1888.9,766.52,6.6672,0.49919
1810.4,754.73,6.667,0.4992
527.83,921.87,6.6496,0.49944
1053.1,1100.9,6.6434,0.49943
784.13,264.14,6.6986,0.49902
1601.5,1154.2,6.6432,0.4994
782.31,214.67,6.7048,0.49898
2445.9,684.1,6.6742,0.49909
1585.8,774.76,6.6637,0.49924
796.52,982.53,6.6477,0.49942
780.09,215.58,6.7042,0.49898
1649.9,786.1,6.6631,0.49924
2450.1,818.37,6.6661,0.49915
1812.4,788.35,6.6638,0.49922
1220.8,1123.3,6.6422,0.49943
502.67,932.73,6.6476,0.49945
816.74,263.15,6.698,0.49903
1838.3,1056.6,6.6493,0.49933
754.55,979.97,6.6466,0.49943
926.55,1461.4,6.6195,0.49963
1583,1027,6.6493,0.49935
1003.2,1020.7,6.6459,0.49942
586.27,947.79,6.6468,0.49945
1827.3,739.6,6.6656,0.4992
2465.9,817.21,6.6652,0.49915
2125,491.7,6.683,0.49904
1278,728.28,6.6633,0.49926
1232.4,720.33,6.6635,0.49926
1892.3,834.46,6.6605,0.49924
2062.1,789.54,6.6638,0.4992
2481,1183.1,6.6451,0.49931
1559.7,781.83,6.6613,0.49926
584.5,908.48,6.6482,0.49944
2430.9,695.94,6.6714,0.49911
1863.2,751.24,6.6645,0.49921
1541.7,1494.3,6.6198,0.49958
1213.9,1049.9,6.6445,0.49941
386.88,910.87,6.646,0.49948
2146,1381,6.63,0.49946
728.73,1072.6,6.6399,0.49949
2766.1,492.24,6.6871,0.49894
1570.7,1169,6.6393,0.49943
1242.4,1019.7,6.6456,0.4994
782.36,238.48,6.6987,0.49902
798.44,1084,6.6395,0.49948
1073.3,998.12,6.6457,0.49941
327.02,989.88,6.6404,0.49954
341.08,898.46,6.6455,0.49949
1074.1,1124.7,6.6387,0.49947
1558,782.9,6.6601,0.49927
368.05,908.67,6.645,0.49949
1074.3,1119.7,6.6389,0.49947
1815.8,832.81,6.6584,0.49926
1285.3,1027,6.6449,0.4994
1314.1,1031.5,6.6446,0.4994
528.82,1043.1,6.639,0.49952
2784.5,523.17,6.6843,0.49895
2448.2,695.46,6.67,0.49912
987.74,687.05,6.6619,0.49929
999.17,992.85,6.6446,0.49943
526.42,1012.4,6.6396,0.49951
2449,828.95,6.662,0.49918
1831.9,807.28,6.6593,0.49925
1872.3,846.84,6.6572,0.49927
1285.1,1066.4,6.6422,0.49942
1312.5,1151.9,6.6375,0.49946
584.72,981.33,6.6417,0.49949
500.98,898.91,6.646,0.49947
2436.1,730.59,6.6674,0.49914
822.43,1004.8,6.6427,0.49946
753.89,1051,6.6391,0.49949
1864.5,784.04,6.6604,0.49924
345.22,1001.9,6.6386,0.49955
1000.8,1085.1,6.6387,0.49947
1623.4,804.04,6.6579,0.49928
752.65,1010.4,6.641,0.49948
2063.2,827.61,6.659,0.49924
1240.6,1064,6.6415,0.49943
584.91,969.08,6.6425,0.49948
586.28,1027.3,6.6386,0.49951
822.54,1022.2,6.6406,0.49947
1572.8,1499.2,6.6169,0.4996
1360,1433.4,6.6204,0.49959
1590.9,1098.2,6.6412,0.49941
391.66,1016.6,6.6378,0.49954
2236.5,1131.9,6.6428,0.49935
1529.3,1496.3,6.6166,0.49961
525.03,973.21,6.6405,0.4995
1323.2,1472.3,6.617,0.49962
561.82,966.31,6.6419,0.49949
1041.3,1042.5,6.6409,0.49945
507.05,1045.3,6.637,0.49953
823.97,1098,6.6364,0.49951
2063.1,1219.7,6.6364,0.49941
324.33,901.67,6.6426,0.49952
1208.6,1027.3,6.6421,0.49943
372.61,1014.4,6.6369,0.49955
918.12,1494,6.6127,0.49968
967.17,989.88,6.6427,0.49944
564.86,1058.2,6.6363,0.49953
823.38,1067.5,6.637,0.4995
1072.5,1099.6,6.6368,0.49948
1548.4,1423.8,6.6208,0.49957
255.3,876.69,6.6424,0.49953
389.01,987.97,6.6374,0.49955
1240.4,1118.5,6.6365,0.49947
1863.5,795.08,6.658,0.49926
2060.7,1105.4,6.6426,0.49936
1072,1062.8,6.6385,0.49947
1281.9,1070,6.6397,0.49944
968.17,1040.5,6.6396,0.49947
751.46,958.83,6.6425,0.49946
2469.3,836.81,6.6592,0.4992
1591.5,1118.5,6.6382,0.49943
2453.5,1198.6,6.6394,0.49935
387.09,881.85,6.6433,0.4995
988.86,702.38,6.6581,0.49932
1588,1075.2,6.6406,0.49941
2129.2,505.5,6.6769,0.49909
588.99,1066.2,6.6351,0.49954
2734.9,499.63,6.6822,0.49898
1299.9,1021.5,6.6423,0.49942
2454.1,733.17,6.6646,0.49916
1560.5,1103.8,6.6384,0.49943
1588.4,1153.7,6.6354,0.49945
967.5,1001.1,6.6407,0.49946
2231.6,916.12,6.6524,0.49927
2640.1,821.26,6.6609,0.49916
2652.1,824.39,6.6608,0.49916
2064.9,889.73,6.6528,0.49928
1574,745.17,6.6582,0.49928
525.64,914.69,6.6421,0.49949
2223,807.97,6.6581,0.49923
2064.9,1132.2,6.6393,0.49939
1907.4,1447.3,6.6196,0.49956
2462.6,706.72,6.6656,0.49915
2455.9,1100.5,6.6438,0.49932
2058.7,809.18,6.657,0.49925
1311.3,1495.7,6.6129,0.49965
2625.6,695.62,6.6675,0.49911
388.06,948.19,6.6379,0.49954
1560,1075.5,6.6393,0.49943
1199.3,740.61,6.6559,0.49932
997.94,1059.4,6.6366,0.49949
1763.6,1499.3,6.6149,0.4996
2625.1,692.55,6.6676,0.49911
344.18,980.7,6.6355,0.49957
1350.9,1442.9,6.6168,0.49962
1645.1,1193.1,6.633,0.49947
1495.4,1503.8,6.6129,0.49964
1310.3,1096.5,6.6361,0.49947
1306.4,1160.2,6.6331,0.49949
536.62,1074.7,6.6324,0.49956
1309.4,1132.3,6.634,0.49948
1233.7,754.63,6.6547,0.49933
1238.2,1089.6,6.636,0.49947
2049.8,796.67,6.6572,0.49925
761.16,228.44,6.6942,0.49906
998.79,1090.9,6.6349,0.4995
1069.2,1057.5,6.637,0.49948
342.73,936.01,6.6373,0.49955
1828.3,1194.9,6.6334,0.49945
755.27,1097.4,6.6329,0.49954
2041.5,812.59,6.6555,0.49926
1801.4,765.56,6.6568,0.49927
1859.6,772.73,6.6568,0.49927
2638.8,699.87,6.6664,0.49912
1056.3,719.42,6.6554,0.49934
590.44,946.57,6.6392,0.4995
724.14,961.16,6.6397,0.49949
1583.6,1114.8,6.6364,0.49945
1649.5,1089.4,6.6379,0.49943
387.84,882.08,6.6411,0.49952
2466.1,840.51,6.6567,0.49922
915.51,1497.4,6.6094,0.49971
973.76,389.68,6.6776,0.49917
1624.6,1116.4,6.6362,0.49945
369.16,875.51,6.641,0.49952
1205.4,1033.6,6.6385,0.49946
515.87,1073.6,6.6314,0.49957
760.91,230.05,6.6933,0.49907
823.67,1117.6,6.6314,0.49954
2654.2,827.57,6.6585,0.49918
783.47,270.07,6.688,0.4991
2471.4,1076.9,6.6433,0.49932
517.82,1076.2,6.6309,0.49958
1068.6,1054.9,6.6361,0.49949
1530.6,1450.3,6.6154,0.49961
1001,1017.1,6.6375,0.49948
531.27,1020.8,6.6341,0.49955
1832.2,805.73,6.6534,0.4993
1648.5,1166.9,6.6324,0.49947
2446,812.73,6.6572,0.49921
502.83,914.83,6.6396,0.49951
1834.3,832.36,6.6518,0.49931
1266.6,700,6.6568,0.49931
945.37,1424.4,6.6135,0.49967
820.79,987.33,6.6378,0.49949
1613.7,761.71,6.6549,0.4993
1028.3,717.02,6.6543,0.49935
2216.1,1246.9,6.6314,0.49944
1061.7,1151.1,6.6302,0.49953
370.25,888.05,6.6394,0.49953
1782.8,1431.1,6.6176,0.49958
1624.3,1089.7,6.6367,0.49944
944.08,1442.4,6.6128,0.49968
1306.2,1085.3,6.6351,0.49948
1804.3,803.64,6.6532,0.4993
2063.5,902.97,6.6491,0.49931
1877.6,1215.1,6.631,0.49947
1002.8,1020.6,6.6367,0.49949
765.47,261.03,6.6885,0.4991
2050.3,1227.2,6.6313,0.49945
1828.7,1139.7,6.6349,0.49944
1642.5,1069.2,6.6383,0.49943
1858.8,1216.8,6.6306,0.49947
770.11,267.14,6.6875,0.49911
1884.1,840.25,6.6515,0.49931
1063.3,1151.3,6.6298,0.49953
2467.2,736.43,6.6611,0.49918
753.84,242.58,6.6903,0.49909
792.92,978.72,6.6377,0.4995
821.28,984.88,6.6375,0.4995
1509.9,1429.4,6.6158,0.49961
2424.1,731.55,6.6609,0.49919
2196.9,1251.5,6.6304,0.49945
755.47,237.46,6.6908,0.49908
1968.2,1425.6,6.6185,0.49956
1811,752.65,6.6563,0.49928
1806.2,1138.4,6.6344,0.49945
754.29,243.43,6.69,0.49909
1050.8,632.55,6.6588,0.49931
757.19,981.63,6.6368,0.49951
353.88,1036.2,6.6304,0.49961
2057,1162.1,6.6344,0.49943
1866.8,857.79,6.6499,0.49932
1574,1430.2,6.6158,0.49961
2224.3,839.21,6.6531,0.49927
1825.3,1176.9,6.6323,0.49946
1570.7,727,6.6558,0.4993
590.98,1036.6,6.6327,0.49956
562.52,932.66,6.6382,0.49952
1556,704.43,6.6575,0.49928
1884.6,1121.5,6.6354,0.49943
2319.2,1419.3,6.6208,0.49951
2207.5,1150,6.6357,0.4994
1533.5,1427.5,6.6155,0.49961
1566.1,1452,6.614,0.49962
1648.4,1138.6,6.6326,0.49947
2443.6,787.27,6.6573,0.49921
1038.8,1024.4,6.6359,0.49949
1831.1,1155.1,6.6327,0.49946
522.34,967.63,6.6351,0.49954
1619.4,824.06,6.65,0.49934
1220.7,665.92,6.6571,0.49931
527.93,1083,6.6289,0.49959
1800.8,770.78,6.654,0.49929
1829,1114.4,6.6351,0.49944
1864.2,1120.9,6.6349,0.49944
755.83,1064.5,6.6318,0.49955
738.66,1116.5,6.6285,0.49957
2463.3,1207.1,6.6339,0.49939
2451.9,1082.9,6.6408,0.49934
2155.2,519,6.6714,0.49913
789.65,243.71,6.6892,0.49909
758.87,234.96,6.6902,0.49909
400.93,1051.4,6.6291,0.49961
344.59,875.94,6.6382,0.49955
2103.7,834.86,6.6516,0.49929
1620.4,1127.2,6.633,0.49947
529.75,1082.7,6.6285,0.4996
1553,808.48,6.6499,0.49934
976.8,1147.3,6.6281,0.49956
1047.7,1154.8,6.6281,0.49955
956.1,1441.4,6.6103,0.4997
755.46,237.99,6.6894,0.4991
258.44,912.34,6.634,0.4996
1054.9,698.13,6.6534,0.49935
1038.4,1021.6,6.6353,0.49949
1552.9,1181.4,6.6291,0.4995
1224.8,1172.3,6.6278,0.49954
1638.3,772.84,6.6522,0.49932
1885.1,1161.6,6.6317,0.49946
1863.3,845.42,6.6492,0.49933
762.33,236.33,6.6897,0.49909
2469,1079.6,6.6405,0.49934
1522.7,1462.9,6.6116,0.49964
2464.7,835.91,6.6536,0.49924
525.51,994.01,6.6328,0.49956
536.16,972.89,6.634,0.49955
1809.6,852.55,6.6483,0.49934
1562.9,1455.2,6.6127,0.49963
524.04,970.13,6.634,0.49955
1577.8,1158.9,6.6304,0.49949
1805.2,1116.4,6.6339,0.49945
513.54,940.88,6.6354,0.49954
1004,1076.3,6.6315,0.49953
593.52,1506,6.6038,0.49978
260.91,960.55,6.6311,0.49962
1861,1145.9,6.6325,0.49946
1228.1,735.11,6.6514,0.49935
1268,738.62,6.6519,0.49935
327.39,870.09,6.6376,0.49956
2661.1,1066.6,6.6428,0.4993
341.92,1040.2,6.6281,0.49963
1057.2,704.58,6.6522,0.49936
2651.9,714.09,6.6619,0.49915
728.6,1062.8,6.6306,0.49956
512.35,940.1,6.6352,0.49954
578.47,1096.2,6.6273,0.4996
940.86,408.17,6.6725,0.49921
1342.9,1434.4,6.6123,0.49965
2042.2,850.61,6.6495,0.49931
1861.9,820.92,6.6501,0.49932
341.08,1039.3,6.628,0.49963
2471,1204.6,6.633,0.4994
2211.2,936.46,6.6457,0.49933
1546.6,757.83,6.652,0.49933
1888.1,824.74,6.6496,0.49932
1859,1161.5,6.6312,0.49947
2042.5,847.62,6.6495,0.49931
2206.5,829.46,6.6515,0.49928
1505.2,1428.8,6.6135,0.49963
2190,1156.1,6.6334,0.49942
1239.4,1058.5,6.6333,0.49949
734.61,244.18,6.6878,0.49911
1582.8,828.71,6.6477,0.49936
2446.5,815.19,6.6539,0.49924
737.81,1118.9,6.627,0.49958
750.73,1121.5,6.6269,0.49958
796.49,1075.3,6.6299,0.49956
1223.8,701.56,6.6532,0.49934
2425.9,1213.9,6.6318,0.49941
2741.2,484.7,6.6772,0.49902
752.72,1120.7,6.6268,0.49958
1512.2,1485.2,6.609,0.49967
989.65,1151.9,6.6265,0.49957
1496.7,1453.3,6.6115,0.49965
2648.6,1066.3,6.6419,0.49931
2633.3,730.33,6.6602,0.49917
1616.2,1189.7,6.6279,0.49951
726.63,968.35,6.6352,0.49952
1233.2,1129.5,6.6293,0.49953
1822,1175.8,6.6298,0.49948
588.29,1099.3,6.6266,0.4996
1293.6,684.39,6.6544,0.49933
1549.8,1159.5,6.6293,0.4995
748.15,259.49,6.6852,0.49913
387.86,1055.7,6.627,0.49963
1544.4,729.16,6.653,0.49932
1055.7,677.96,6.6529,0.49935
2442.8,769.01,6.6561,0.49922
1764.3,1453.7,6.6127,0.49962
2176,1257.6,6.6271,0.49947
2444.2,786.31,6.6551,0.49923
750.28,253.07,6.686,0.49912
1801.8,1148,6.6312,0.49947
1253.3,1590.3,6.5999,0.49975
1872.2,777.79,6.6522,0.4993
1039.3,1108.3,6.6292,0.49954
573.1,957.91,6.6339,0.49955
2622.3,707.65,6.6611,0.49916
982.48,657.11,6.6541,0.49935
2159.6,521.15,6.6694,0.49915
380.39,906.68,6.6347,0.49957
748.82,260.34,6.6849,0.49913
980,626,6.6559,0.49934
568.48,1039.5,6.6296,0.49958
2477.9,849.86,6.6516,0.49925
2461.4,786.05,6.6551,0.49923
1889.7,852.71,6.6472,0.49934
577.75,1097.2,6.6263,0.49961
2463,809.9,6.6536,0.49924
525.5,945.98,6.6339,0.49955
2663.5,841.45,6.6537,0.49921
977.04,1076.2,6.63,0.49954
1495.3,1456.2,6.6108,0.49965
535.34,997.45,6.6313,0.49957
1878.7,1150,6.631,0.49947
1004.6,1117.2,6.6279,0.49955
1246.5,1599.7,6.5987,0.49976
2445.6,799.4,6.6539,0.49924
2645.9,1015.4,6.6445,0.49929
2061,883.3,6.6466,0.49933
2779.9,489.72,6.6765,0.49901
584.35,959.68,6.6335,0.49955
2040.8,823.15,6.6498,0.49931
379.83,906.62,6.6343,0.49957
1074.9,1040.3,6.6323,0.49951
992.73,1152.5,6.6258,0.49957
259.41,846.29,6.6363,0.49958
819.42,1133,6.6257,0.49959
590.73,1100,6.6259,0.49961
511.58,1028.3,6.6293,0.49959
2308.1,1425.3,6.6176,0.49954
1863.3,847.23,6.6472,0.49934
541.61,1049.7,6.628,0.4996
951.83,653.3,6.6535,0.49936
2749.1,501.71,6.6747,0.49903
1803.2,1118.1,6.632,0.49946
1614.3,1174.2,6.6277,0.49951
2449.1,846.71,6.6509,0.49926
2462.3,794.05,6.6539,0.49924
2478.9,1081.8,6.6383,0.49936
2035.5,1145.1,6.6317,0.49945
1588,1433.4,6.6122,0.49963
1880.2,1126,6.6319,0.49946
2207.6,853.85,6.6486,0.4993
2654.6,837.62,6.6533,0.49922
1581.2,1141.3,6.6292,0.4995
1888.1,883.86,6.6449,0.49936
821.44,1132.5,6.6254,0.49959
1203.2,1129.9,6.628,0.49954
2436.3,866.6,6.6495,0.49927
754.96,250.72,6.6854,0.49913
2642.2,835.38,6.6531,0.49922
984.17,1140.2,6.6265,0.49957
2107,922.28,6.6441,0.49935
968.89,1108.9,6.6277,0.49956
1886.5,1103.6,6.6335,0.49945
1853.2,1207.4,6.6268,0.4995
2461.1,782.36,6.6543,0.49923
1005.1,1132.4,6.6263,0.49957
1547.3,1480.3,6.6085,0.49967
583.53,962.59,6.6326,0.49956
1054.4,673.6,6.6524,0.49936
388.5,1057.3,6.6257,0.49964
1477.1,1506,6.6063,0.49969
2085.4,1240.1,6.6263,0.49949
1265.6,683.01,6.6529,0.49934
2105.1,864.94,6.6469,0.49932
2434.4,1094.4,6.6368,0.49937
1866.2,870.75,6.6452,0.49936
1616,804.97,6.6476,0.49936
736.99,990.51,6.632,0.49954
976.78,1029.4,6.6315,0.49953
998.42,1075,6.6293,0.49954
1194.3,701.19,6.6513,0.49936
2464.3,818.07,6.652,0.49925
1817.8,1190.8,6.6273,0.4995
521.49,1047.2,6.6272,0.49961
2049.1,1173.6,6.6296,0.49946
1641,1132,6.6296,0.49949
1192.1,670.15,6.653,0.49934
1578.3,1174,6.6267,0.49952
1877.6,1195.5,6.6268,0.4995
2032.3,1167.8,6.6296,0.49947
1614.3,1168.4,6.6273,0.49951
543.74,1065.7,6.6262,0.49961
763.97,1047.7,6.6288,0.49957
2051.6,1145.8,6.6309,0.49945
1239.1,1110,6.6282,0.49953
808.89,1134.1,6.6243,0.4996
1564.9,1205.3,6.6247,0.49954
764.82,1061.8,6.6279,0.49957
2429.1,764.39,6.6543,0.49924
1195.8,733.18,6.6489,0.49937
1274.9,1138.7,6.627,0.49954
796.75,986.02,6.6326,0.49953
761.52,1385.8,6.6093,0.49972
1541.4,1496.2,6.6066,0.49968
1003.8,1136.2,6.6254,0.49957
1557.8,1504.6,6.6061,0.49968
1003.7,1099.3,6.6274,0.49956
1853.9,1181.9,6.6275,0.4995
2769.9,754.77,6.6583,0.49916
1283.4,1069.3,6.6305,0.49951
2461.8,1551.8,6.6082,0.49959
1795.5,1190.3,6.6267,0.49951
1583,1101.8,6.6303,0.49949
2095.6,1152.8,6.6305,0.49945
1005.3,1097,6.6274,0.49956
1615,1162.1,6.6272,0.49951
1003.3,1081,6.6283,0.49955
826.95,1419.3,6.6074,0.49973
1615.7,1144.6,6.6282,0.49951
2198.1,1176.6,6.6298,0.49945
770.31,258.62,6.6833,0.49914
400.24,1002.5,6.6282,0.49962
523.21,1062.4,6.6258,0.49962
2793.6,506.41,6.6736,0.49903
2212.4,1245.2,6.6261,0.49948
2455.3,1195.8,6.6305,0.49942
541.32,1009.8,6.6287,0.49959
426.38,229.12,6.6842,0.49917
1637.5,751.99,6.6499,0.49934
820.2,1032.2,6.6296,0.49956
1845,1477.1,6.6096,0.49964
829.43,1006.7,6.631,0.49954
1238.3,1145.9,6.6257,0.49955
783.01,261.31,6.6828,0.49914
827.07,1084,6.6269,0.49958
1785.6,1503.7,6.6066,0.49966
2215.3,1172.8,6.6298,0.49945
2232.1,856.3,6.6474,0.49931
331.51,924.48,6.631,0.4996
398.99,1061.8,6.6244,0.49965
1851.7,1195.2,6.6263,0.49951
1819.7,1194.5,6.6261,0.49951
1974.7,1500.1,6.6083,0.49964
1025.4,672.38,6.6511,0.49937
819.27,1005.5,6.6308,0.49955
1568.3,1484.8,6.6066,0.49968
974.95,1030.1,6.6304,0.49954
1075.3,1165.6,6.6235,0.49958
2659.4,1067.9,6.6393,0.49933
1302.7,756.48,6.6471,0.49938
353.43,1048.9,6.6244,0.49965
532.15,1064.7,6.6253,0.49962
764.42,1065.7,6.6271,0.49958
807.49,1134,6.6236,0.4996
1851.3,1432,6.6121,0.49962
1576.6,1463.8,6.608,0.49967
2754.9,526.74,6.6714,0.49906
1809.6,864.15,6.644,0.49937
741.68,1086.2,6.6257,0.49959
541.87,1027.3,6.6274,0.4996
1227.8,739.86,6.6479,0.49938
352.77,1050.6,6.6242,0.49965
1715.8,1503.5,6.6062,0.49967
2635.7,736.82,6.6571,0.49919
2465.3,826.92,6.6503,0.49927
252.57,859.63,6.633,0.49961
1550,797,6.6464,0.49937
991.16,1083.2,6.6274,0.49956
990.71,1034,6.63,0.49954
817.9,1007.1,6.6304,0.49955
1799.7,1436.1,6.6112,0.49963
993.16,1033.1,6.6301,0.49954
2163.3,675.01,6.6566,0.49924
2627.1,705.05,6.6589,0.49918
1062.2,1043.8,6.6298,0.49953
1734.9,535.49,6.663,0.49923
725.89,989.26,6.6306,0.49956
338.87,897.8,6.6319,0.4996
2463.1,1110.2,6.6346,0.49939
610.25,1636.4,6.5902,0.49989
1875,1156.6,6.6281,0.49949
1576.2,1188.7,6.6245,0.49954
986.3,694.45,6.6489,0.49939
1645.9,1110.3,6.6292,0.4995
1766.1,1437,6.6106,0.49963
543.29,1025.5,6.627,0.4996
527.03,953.19,6.6308,0.49958
1822.4,1166.3,6.627,0.4995
1819.2,1163.8,6.6272,0.4995
901.94,380.17,6.6703,0.49923
344.84,1003.7,6.6261,0.49964
751.86,995.09,6.6302,0.49956
991.37,719.41,6.6472,0.4994
391.82,915.3,6.6314,0.49959
353.07,898.98,6.632,0.49959
2105.1,871.86,6.6448,0.49934
2449.1,833.1,6.6493,0.49927
1633.2,1204,6.624,0.49954
2478.3,840.2,6.6491,0.49927
1816.7,834.6,6.6457,0.49936
819.81,1059.2,6.6271,0.49958
1301.6,730.01,6.6479,0.49937
991.77,1121.4,6.6247,0.49958
743.07,1101.1,6.6242,0.4996
766.28,1107.1,6.6241,0.4996
1873.6,1168.6,6.627,0.4995
1866.5,880.09,6.6428,0.49938
1065.1,1043.5,6.6294,0.49954
1504,1480.8,6.6061,0.49969
1807.9,1157.1,6.6276,0.4995
1054.5,1152.8,6.6237,0.49958
560.15,958.51,6.6307,0.49957
780.56,268.51,6.6807,0.49916
2667,1022.3,6.6414,0.49931
1636.2,1213.3,6.623,0.49955
821.58,1112.6,6.6239,0.4996
917.18,1494.6,6.6022,0.49976
2632.3,742.22,6.656,0.4992
767.26,1091.3,6.6247,0.4996
356.39,991.7,6.6268,0.49963
965.9,1115.3,6.6247,0.49958
1066.8,749.33,6.6454,0.49941
1287,1175.8,6.6236,0.49957
405.52,978.1,6.6277,0.49962
545.51,1071.9,6.6241,0.49963
370.87,908.22,6.6315,0.49959
1794.4,1186.1,6.6254,0.49952
338.8,898,6.6313,0.4996
979.39,1120.4,6.6244,0.49958
807.18,1007.3,6.6294,0.49956
2469.9,725.73,6.6552,0.49923
395.59,921.38,6.6306,0.4996
1212.9,1064.3,6.6287,0.49953
1272.4,1071.7,6.6288,0.49953
399.93,1065.4,6.6229,0.49966
1239.3,1126.7,6.6254,0.49956
2441.8,1151.2,6.6314,0.49941
821.53,1099.5,6.6244,0.4996
2196.2,949.34,6.6404,0.49937
768.26,1105.7,6.6236,0.49961
2444,1128.6,6.6325,0.49941
734.79,1632.4,6.5903,0.49987
2658.2,743.11,6.6557,0.4992
1070.5,1119.9,6.6249,0.49957
2640.1,832.66,6.6506,0.49924
821.11,1074.2,6.6256,0.49959
388.24,973.68,6.6275,0.49962
1004.9,1121.6,6.6242,0.49958
1592.8,1412.5,6.6101,0.49965
2757.4,521.14,6.6704,0.49907
2439.6,711.65,6.6554,0.49923
363.26,1024.1,6.6244,0.49965
1277,1167.4,6.6232,0.49957
2106.1,924.14,6.6411,0.49937
2089.2,845.69,6.6452,0.49934
602.68,1025.8,6.6266,0.4996
1237.6,1129.3,6.625,0.49956
371.81,219.4,6.6832,0.49919
348.79,930.44,6.6293,0.49962
466.52,238.12,6.6816,0.49919
1815,828.67,6.645,0.49936
751.05,998.02,6.6291,0.49957
2461.7,770.9,6.6521,0.49925
2194.1,843.52,6.646,0.49932
1743.6,1476.6,6.607,0.49966
1578.4,1158.9,6.6251,0.49953
1922.7,1529.2,6.6038,0.49968
604.49,1084.4,6.6234,0.49963
2628.2,735.05,6.6556,0.4992
2223.8,1146.2,6.6298,0.49945
1932.8,1411.4,6.6124,0.49961
408.78,1024.1,6.6248,0.49964
1216.9,1595.1,6.5957,0.49979
742.71,1062.2,6.6255,0.49959
1560.6,1134.5,6.6268,0.49952
2771.5,752.89,6.6564,0.49917
1299.1,724.92,6.6478,0.49938
1063.1,1130.6,6.6238,0.49958
2442.3,1145.4,6.6313,0.49942
754.34,1090.6,6.6241,0.49961
1529.3,1411.9,6.6096,0.49966
829.07,1405.9,6.6062,0.49974
1293.3,1188,6.6219,0.49958
1039.4,745.49,6.6449,0.49942
742.2,1048.8,6.6262,0.49959
2438.2,1179,6.6294,0.49943
1820.1,1179.8,6.6252,0.49952
782.84,275.54,6.6792,0.49917
753.64,1064.2,6.6254,0.49959
592.92,972.52,6.6291,0.49958
1837.8,1437,6.6097,0.49964
2441,1157.2,6.6305,0.49942
1063,1144,6.623,0.49959
533.81,1054.3,6.6242,0.49963
1642.2,815.05,6.6443,0.49938
2077.7,1154.3,6.6281,0.49947
755.1,1104.3,6.6232,0.49961
2483.3,828.26,6.6484,0.49928
1238.2,1161.8,6.6229,0.49958
1055.4,747.19,6.6448,0.49942
2043.8,887.94,6.6424,0.49937
752.55,250.87,6.682,0.49915
750.07,1115.1,6.6232,0.49961
590.64,996.84,6.6277,0.49959
754.5,1025.1,6.6274,0.49958
1231.8,1181.5,6.6215,0.49959
820.59,1035.2,6.6272,0.49957
2311.1,1447.6,6.612,0.49958
999.07,1159.4,6.6214,0.4996
753.35,1051,6.6258,0.49959
531.9,1011.6,6.6263,0.49961
591.8,972.03,6.6288,0.49958
2457.5,722.24,6.6544,0.49923
407.75,993.73,6.626,0.49963
2771.5,1085.6,6.6378,0.49932
1990.6,611.35,6.658,0.49925
758.47,1002.1,6.6284,0.49957
1621,834.56,6.6427,0.49939
576.63,251.57,6.6801,0.49919
1814.9,1436,6.6095,0.49964
524.58,1023.9,6.6255,0.49962
605.46,1068.9,6.6237,0.49962
2090.4,867.7,6.6435,0.49935
1050.3,1045.5,6.6279,0.49955
2448.4,1061.9,6.6354,0.49938
583.67,1065.1,6.6237,0.49963
523.68,1010.1,6.6262,0.49961
1281.3,788.89,6.6433,0.49941
731.02,1509.1,6.599,0.4998
582.31,1036.3,6.6252,0.49961
345.31,974,6.6262,0.49964
2301.7,1464.1,6.6106,0.49959
2045.7,1211.8,6.6239,0.49951
1347.6,1448.6,6.6057,0.4997
533.05,1025.7,6.6253,0.49962
987.08,674.5,6.648,0.4994
1050.5,1130.1,6.6232,0.49959
604.71,1041,6.625,0.49961
592.88,1067.1,6.6235,0.49963
581.69,1022.9,6.6258,0.49961
2461.4,746.63,6.6526,0.49925
276.7,1024.9,6.6226,0.49968
512.17,1021.5,6.6253,0.49962
1063.9,1095.4,6.6251,0.49957
1473.7,1496.8,6.6033,0.49971
1304.2,787.28,6.6435,0.49941
2438.4,1173.4,6.629,0.49943
577.5,966.82,6.6288,0.49959
584.81,1079,6.6228,0.49963
1236.5,1164.8,6.6223,0.49958
1227.8,1068.1,6.6274,0.49954
1053.9,749.25,6.644,0.49942
2466.2,1093.3,6.6335,0.4994
1573.4,1454.1,6.6068,0.49968
1238.2,1112.5,6.6251,0.49956
1795.8,1164,6.6253,0.49952
267.29,866.42,6.6309,0.49962
1832.8,855.82,6.6422,0.49938
2180,1181.9,6.6265,0.49948
2437,1184.9,6.6283,0.49944
427.59,1430.7,6.6011,0.49982
411.09,1039.3,6.6232,0.49965
2454.9,1169.6,6.6292,0.49943
591.01,1025.1,6.6256,0.49961
348.39,1020.5,6.6235,0.49966
2637.2,1070.2,6.6364,0.49935
2100.1,831.66,6.6455,0.49934
984.23,1073.3,6.6262,0.49957
1235.3,769.01,6.6438,0.49941
395.84,947.56,6.6279,0.49962
1231,721.33,6.6462,0.49939
363.95,1012.1,6.6241,0.49965
740.24,1023.9,6.6267,0.49959
1064.1,1109.1,6.6241,0.49958
1870.5,1186.8,6.6242,0.49952
1850,1191.4,6.624,0.49952
2452.4,1183.9,6.6283,0.49944
2477.5,812.87,6.6488,0.49928
2043.7,1185.9,6.6253,0.4995
792.55,1006.5,6.6281,0.49957
989.05,640.66,6.65,0.49938
2469.8,763.84,6.6518,0.49925
383.57,912.84,6.6296,0.49961
2037.4,1228,6.6228,0.49952
392.33,1061.5,6.6218,0.49967
392.9,1021.3,6.6238,0.49965
600.04,1109.5,6.6208,0.49965
1818.8,1194.9,6.623,0.49953
526.03,250.12,6.6795,0.4992
2442.1,730.03,6.6531,0.49925
2041.6,1201.6,6.6243,0.49951
810.94,1061,6.6249,0.49959
607.36,1083.9,6.6223,0.49963
1837.9,1448.5,6.6083,0.49965
548.85,1506.9,6.5973,0.49984
345.38,961.46,6.6263,0.49964
2478.5,826.42,6.6478,0.49928
784.06,254.79,6.6806,0.49916
1750.9,1462.3,6.6063,0.49967
2432.9,784.29,6.6498,0.49927
986.55,1134.8,6.6227,0.4996
437.04,233,6.6807,0.4992
2645.7,1068.1,6.6363,0.49935
359.45,1055.3,6.6213,0.49968
939.91,1479.2,6.6011,0.49977
2764.5,756.14,6.6547,0.49919
592.62,1039.5,6.6244,0.49962
569.72,1021,6.6252,0.49962
403.61,1565.7,6.5914,0.4999
2667.1,1073,6.6361,0.49935
2040.4,1206.8,6.6238,0.49951
594.71,1081.7,6.6221,0.49964
361.98,967.16,6.626,0.49964
604.79,1044.7,6.6242,0.49962
645.36,264.25,6.6782,0.49919
276.64,1022.8,6.622,0.49969
527.34,1070.7,6.6221,0.49965
807.63,1009,6.6275,0.49957
2226.2,1154.8,6.6276,0.49947
542.64,1099,6.6205,0.49966
2464.4,1194.6,6.6273,0.49944
968.25,1081.9,6.6245,0.49958
2682.5,872.93,6.647,0.49926
993.86,1138,6.6215,0.4996
812.52,1100.9,6.6224,0.49961
1897.6,1420.6,6.6104,0.49963
1649,821.98,6.6421,0.4994
341.86,1048.1,6.6213,0.49968
385.54,1003.4,6.6244,0.49965
558.51,256.6,6.6785,0.4992
1232.9,689.75,6.6477,0.49938
754.31,1026,6.626,0.49959
2389.6,1243.1,6.6239,0.49948
2048.9,1186.1,6.6243,0.49951
452.54,229.08,6.6807,0.4992
406.31,1068.6,6.6207,0.49967
1237.7,768.43,6.643,0.49942
812.1,1075.4,6.6236,0.4996
363.43,981.53,6.6249,0.49965
1636.5,737.27,6.6477,0.49935
1027.8,647.01,6.6492,0.49939
961.67,725.8,6.644,0.49943
398.91,1565.3,6.591,0.49991
2469.9,834.92,6.6465,0.49929
1038.5,1047.2,6.6267,0.49956
572.7,1064.3,6.6224,0.49964
262.47,867.96,6.6296,0.49963
2088.9,1177.5,6.6252,0.4995
2223.8,1172.5,6.6263,0.49948
799.84,1418.9,6.6037,0.49976
828.77,1015.7,6.6268,0.49958
1545.3,1463.5,6.6049,0.49969
1862.9,1164.5,6.6249,0.49952
981.99,1137,6.6212,0.49961
409.44,998.83,6.6244,0.49964
2200.3,1239.3,6.6224,0.49951
1226.1,1162.7,6.6211,0.49959
2170.4,527.51,6.6632,0.49919
1645.3,764.28,6.6453,0.49937
352.29,909.86,6.6285,0.49962
407.67,1417.2,6.6013,0.49983
810.87,1036.1,6.6255,0.49959
1570.9,1209.8,6.6201,0.49957
2034.6,603.35,6.6571,0.49925
1052,1095.5,6.6238,0.49958
1565.7,1178.7,6.622,0.49956
837.34,1142.1,6.62,0.49963
1299.5,1077.8,6.6261,0.49955
509.94,247.52,6.6788,0.4992
813.79,1049,6.6254,0.49959
1303,759.28,6.6438,0.49941
1616.3,757.6,6.6455,0.49937
629.04,1428.1,6.6016,0.49979
412.47,1043.6,6.6219,0.49966
837.61,1065.9,6.624,0.4996
1213.9,1113.8,6.6236,0.49957
1226.5,1149.9,6.6217,0.49959
1584.5,811.94,6.6418,0.4994
1052.3,1109,6.6229,0.49959
350.19,905,6.6285,0.49962
2635.7,825.68,6.6484,0.49926
260.54,927.74,6.6261,0.49966
279.53,1028.2,6.621,0.49969
399.95,1565.2,6.5907,0.49991
2097,1134.7,6.628,0.49947
2073.5,1176.1,6.6249,0.4995
399.26,993.36,6.6243,0.49965
1648.5,796.45,6.643,0.49939
1311.1,797.08,6.6414,0.49943
401.18,1024.7,6.6226,0.49966
377.64,915.6,6.6282,0.49962
731.29,1049.7,6.624,0.49961
2202.9,1224.5,6.623,0.4995
383.49,222.6,6.6806,0.49921
2477.6,797.88,6.6484,0.49928
1793.6,1182,6.6229,0.49954
366.45,1030.8,6.6219,0.49967
990.43,705.76,6.6445,0.49942
2018.4,1240.8,6.6208,0.49954
1227.5,1128.8,6.6227,0.49958
1295.4,1492.8,6.6016,0.49974
606.96,1069.3,6.622,0.49964
1614.6,1183.5,6.6217,0.49956
392.93,991.39,6.6242,0.49965
2234.4,932.17,6.6393,0.49937
1289.5,677.93,6.6488,0.49937
1063.5,749.44,6.6423,0.49944
781.63,264.34,6.6783,0.49918
1784.9,1451.7,6.6065,0.49966
381.13,974.37,6.6249,0.49964
421.51,1429.8,6.5997,0.49984
2458.1,708.7,6.6533,0.49924
1557.5,1105.3,6.6256,0.49953
732.05,1063.8,6.6231,0.49961
2034.5,1180.3,6.6246,0.49951
2473.2,1107.6,6.6313,0.49941
2431.4,746.64,6.6509,0.49926
402.5,1038.4,6.6217,0.49967
997.12,1086.9,6.6236,0.49959
2202.7,1256.3,6.6207,0.49952
572.22,1036.6,6.6233,0.49963
2468.5,806.7,6.6475,0.49929
2762.2,749.43,6.6542,0.49919
1052.1,1145.4,6.6206,0.49961
2466.6,778.4,6.649,0.49927
1079.4,1099.2,6.6233,0.49958
2482.9,802.56,6.6477,0.49928
958.16,1446.6,6.6025,0.49976
574.36,1078.9,6.621,0.49965
1228,1115.8,6.6232,0.49957
733,1090.2,6.6216,0.49963
2038.2,1213.4,6.6222,0.49952
2077.5,1239.8,6.6211,0.49953
733.96,1087.7,6.6217,0.49963
1030.4,1090.2,6.6231,0.49959
1031.6,711.34,6.6446,0.49942
390.31,947.05,6.6263,0.49963
2207.9,1193.6,6.6244,0.49949
1310.7,1124.1,6.6231,0.49957
1481.5,1506.6,6.6009,0.49973
1617.8,1153,6.6231,0.49955
2442.8,1132.2,6.6295,0.49943
2481.7,771.68,6.6492,0.49927
544.07,1044.7,6.6228,0.49964
2466.8,1167.4,6.6278,0.49944
514.6,1010.5,6.624,0.49963
1225.8,782.9,6.6413,0.49943
1234.5,1579.5,6.5938,0.4998
2093,930.72,6.6378,0.4994
1904.5,1415.8,6.6098,0.49963
343.09,1051.8,6.62,0.49969
364.39,985.67,6.6238,0.49965
1003.6,1043.1,6.6255,0.49957
386.19,1425.7,6.5993,0.49984
2433.5,774.27,6.649,0.49928
583.36,997.45,6.6252,0.49961
2195.8,868.55,6.6418,0.49936
1539.6,1475,6.6032,0.49971
350.28,906.98,6.6277,0.49963
337.57,960.13,6.6247,0.49965
2473.5,1037.8,6.6352,0.49938
957.52,634.04,6.6486,0.4994
399.44,980.56,6.6243,0.49965
575.14,1062.9,6.6216,0.49964
572.95,260.13,6.6771,0.49921
2442,710.72,6.6526,0.49925
1211.5,780.88,6.6411,0.49943
344.71,932.58,6.6263,0.49964
340.54,1006.2,6.6222,0.49967
2476.2,769.86,6.6493,0.49927
2026.6,1175.1,6.624,0.49951
766.75,1433,6.6014,0.49978
1508.7,1465,6.6035,0.49971
1792.2,1433.2,6.6072,0.49966
2149.1,548.22,6.6607,0.49921
2216.9,1182,6.6249,0.49949
1868.5,1193.7,6.622,0.49954
382.72,972.71,6.6245,0.49965
2238.7,853.14,6.6427,0.49935
1838.5,1197,6.6211,0.49955
1303.1,1190,6.6188,0.4996
262.59,942.53,6.6244,0.49967
2652.2,744.86,6.6524,0.49922
2632.1,863.44,6.6456,0.49928
2776.2,754.67,6.6535,0.49919
1852.7,1163.6,6.6235,0.49953
516.15,1008.2,6.6238,0.49963
733.61,1048.2,6.6233,0.49961
266.69,902.14,6.6268,0.49965
573.27,1021.1,6.6236,0.49963
357.88,1025.6,6.6212,0.49968
754.9,1432.4,6.6012,0.49978
343.76,990.23,6.6233,0.49966
357.04,1012,6.6219,0.49967
2466.9,1228.2,6.624,0.49947
341.31,1003.9,6.6222,0.49967
362.82,938.49,6.6259,0.49964
518.74,1067.9,6.6205,0.49966
747.45,1108.9,6.6201,0.49964
397.54,218.93,6.6801,0.49921
574.92,1425.5,6.6004,0.49981
1568.8,1148.4,6.6225,0.49955
1915.7,1466.2,6.6055,0.49966
517.14,1027.8,6.6227,0.49964
2477.3,786.6,6.6482,0.49928
619.6,1427.5,6.6005,0.4998
2069.6,898.14,6.6387,0.49939
1474.6,1480.1,6.6023,0.49972
397.36,1037.7,6.6209,0.49967
827.86,1102.3,6.6209,0.49962
828.6,1120.2,6.6199,0.49963
2432.1,1201.3,6.625,0.49947
383.45,989.76,6.6233,0.49966
1283.1,1156.2,6.6205,0.49959
1214.5,1128.1,6.6217,0.49959
840.89,1144.9,6.6186,0.49964
1495.8,1436.1,6.6051,0.4997
608.68,266.67,6.6761,0.49921
827.72,1081.5,6.622,0.49961
1509.1,1436.2,6.6051,0.4997
969,1086.2,6.6226,0.4996
2092.1,906.23,6.6386,0.49939
948.34,1470.1,6.5999,0.49978
1583.6,784.49,6.6422,0.4994
1282.3,1168.9,6.6197,0.4996
1494.6,1458.9,6.604,0.49971
2293.5,1410.1,6.6113,0.49959
564.2,1424.8,6.6002,0.49981
2423.8,1044.2,6.6334,0.4994
1213.4,1162.6,6.6197,0.4996
541.95,254.1,6.677,0.49921
2351.9,587.93,6.6587,0.49921
2227.6,926.53,6.6383,0.49938
749.02,1040,6.6242,0.49961
2079.6,1182.9,6.6236,0.49951
339.26,974.81,6.6234,0.49966
2658.3,1070,6.6341,0.49937
761.07,1093,6.6208,0.49963
259.93,195.28,6.6817,0.49922
1553.7,1160,6.6216,0.49956
2635.2,1090.9,6.6328,0.49938
2211.2,1272.2,6.6192,0.49953
2468.7,1181,6.6259,0.49946
2656.8,1092.9,6.633,0.49938
820.56,1128.3,6.6198,0.49963
2072.3,1237.6,6.6204,0.49954
263.97,871.3,6.6279,0.49964
998.55,1124.8,6.6205,0.49961
815.76,1116.5,6.6197,0.49963
346.89,933.09,6.6256,0.49964
278.68,982.69,6.6221,0.49968
540.51,1056.7,6.621,0.49965
1073,1169.6,6.6182,0.49962
398.7,950.36,6.6253,0.49964
1858.6,859.34,6.6392,0.4994
1068.3,1150.2,6.6194,0.49962
2454.4,813.66,6.6457,0.4993
352.11,1026.8,6.6207,0.49968
2056,1402,6.6102,0.49962
573.35,1507.1,6.5952,0.49985
1621.8,1204.8,6.6197,0.49957
1318.7,1448.3,6.6031,0.49972
840.44,1081.3,6.6217,0.49962
1284.5,1135.5,6.6213,0.49958
1635.7,1176.5,6.621,0.49956
1858.1,834.15,6.6405,0.49939
1734.8,1432.4,6.6064,0.49967
2771.5,1038.9,6.6377,0.49932
2635.9,748.13,6.6516,0.49923
762.34,1111.2,6.6195,0.49964
265.78,867.78,6.628,0.49964
2069.8,874.89,6.6394,0.49939
2457.4,1156.8,6.6269,0.49945
1876.5,843.1,6.6408,0.49939
339.4,958.44,6.624,0.49966
279.6,999.6,6.621,0.49969
1618.6,757.39,6.6439,0.49938
1866.4,1200.8,6.6207,0.49955
590.65,1458.4,6.5978,0.49983
519.05,1054.9,6.6206,0.49966
2669.1,1212.9,6.6262,0.49943
815.14,1419.2,6.6019,0.49977
1567.8,1161.5,6.6212,0.49957
548.95,1054.3,6.621,0.49965
1031.9,1128,6.6198,0.49961
2415.5,903.25,6.6406,0.49935
1051.4,1048.3,6.6246,0.49958
2804.5,525.86,6.6668,0.49908
699.73,285.67,6.6738,0.49922
568.7,1517.4,6.5936,0.49986
342.98,901.31,6.6271,0.49963
1201.1,441.28,6.6621,0.49927
2206,1196.1,6.6229,0.4995
2228.1,910.15,6.6387,0.49938
1890.2,869.79,6.6388,0.4994
344.63,215.35,6.6795,0.49922
2804.6,525.47,6.6667,0.49908
793.79,1482.7,6.5978,0.49981
356.47,981.04,6.6227,0.49966
1842.3,1168.9,6.6218,0.49954
2048.2,923.94,6.6366,0.49941
1222.4,1595.6,6.5915,0.49982
344.71,214.8,6.6795,0.49922
736.52,1105.8,6.6193,0.49964
2651.8,721.21,6.6526,0.49922
1801.4,1459.9,6.6041,0.49968
2436.8,1550.7,6.6021,0.49964
386.69,1021.6,6.6209,0.49967
1808.7,1432.9,6.6063,0.49966
943.9,1467.3,6.5996,0.49978
2453.4,784.93,6.6468,0.49929
1080.9,1136.6,6.6197,0.49961
354.77,905.49,6.6268,0.49963
1498.9,1485.3,6.601,0.49973
523.4,1040.2,6.6215,0.49965
2436,804,6.6459,0.4993
267.05,991.39,6.6209,0.4997
1299.1,1124.4,6.6215,0.49958
362.96,998.77,6.6222,0.49967
575.93,1103.1,6.6183,0.49967
1803.5,1177.4,6.622,0.49954
919.61,390.89,6.6645,0.49927
1599.7,1179.6,6.6198,0.49957
266.16,977.8,6.6216,0.49969
938.56,1470,6.599,0.49979
2763.6,891.82,6.6445,0.49927
1641.9,1156.1,6.6215,0.49956
758.23,1508.4,6.5957,0.49983
1265.5,1117.7,6.6213,0.49959
513.62,241.15,6.6773,0.49922
278.91,980.3,6.6217,0.49969
2473.6,721.21,6.6509,0.49926
997.48,1066.7,6.6229,0.49959
1740.3,1470.9,6.6031,0.49969
2656.7,817.84,6.6471,0.49927
1636.1,1115.1,6.6237,0.49954
1305.3,1147.9,6.6203,0.49959
2645.8,831.32,6.6462,0.49927
747.81,1070.2,6.6211,0.49963
739.21,655.38,6.6439,0.49945
357.53,217.75,6.679,0.49923
1722.8,1501.8,6.6007,0.49972
1310,1159.1,6.6195,0.4996
802.19,1135.5,6.618,0.49965
1844.1,1474.6,6.604,0.49968
676.48,283.97,6.6738,0.49922
2656.9,810.8,6.6475,0.49926
280.88,997.7,6.6206,0.4997
2653.7,759.93,6.6503,0.49924
1044.5,736.43,6.6413,0.49945
388.28,1035.8,6.6199,0.49968
771.15,1403.3,6.6019,0.49978
1041.6,1163.1,6.6178,0.49963
1227.5,769.99,6.6404,0.49944
1803.3,1189.8,6.6208,0.49955
343.82,1021.7,6.6201,0.49969
2643.6,1092.2,6.632,0.49939
2239.9,943.31,6.6365,0.4994
1807.4,1226.8,6.6184,0.49957
842.17,1107.6,6.6195,0.49963
538.82,963.31,6.625,0.49962
840.53,1084.5,6.6208,0.49962
2662.2,749.37,6.6509,0.49923
2019.3,1212.9,6.6203,0.49954
2643.2,778.69,6.6491,0.49925
2645,815.1,6.6469,0.49927
2464,714.78,6.6508,0.49926
802.84,1102.2,6.6195,0.49964
2239.3,836.19,6.6423,0.49935
2655.4,788.28,6.6485,0.49925
2451.9,1175.9,6.6255,0.49946
2427.1,1119.8,6.6283,0.49944
410.6,1015.6,6.6214,0.49967
1741.8,1460.6,6.6036,0.49969
842.81,1120.8,6.6187,0.49964
2615.9,1212.2,6.625,0.49944
2644.9,808.18,6.6473,0.49927
1616.6,1111,6.6237,0.49954
2463.8,1179.2,6.6253,0.49946
1311.4,1138.5,6.6204,0.49959
600.68,1069.4,6.6198,0.49965
814.84,1080.9,6.6207,0.49963
2768.8,1077.7,6.6343,0.49935
1503.7,1473,6.6014,0.49972
803.96,1099.6,6.6196,0.49964
968.44,642.64,6.6462,0.49941
285.51,804.53,6.6309,0.49961
277.5,936.96,6.6235,0.49967
580.74,1517.3,6.593,0.49987
1828.4,873.77,6.6375,0.49942
1538.1,1497.8,6.6003,0.49973
275.28,1026.3,6.6188,0.49971
381.91,1425.6,6.5975,0.49986
737.25,1069.2,6.6207,0.49963
274.62,1027.8,6.6186,0.49971
2234.4,945.87,6.6358,0.4994
356.7,968.25,6.6228,0.49966
2589.4,453.08,6.6689,0.4991
521.22,1053,6.62,0.49966
2055,880.4,6.6389,0.49939
2099.9,845.29,6.6409,0.49937
2780.9,763.32,6.6513,0.49921
1883.9,883.05,6.6373,0.49942
1075.3,1093.8,6.6216,0.4996
2213.9,1139.9,6.6253,0.49948
1724.5,1452.9,6.6039,0.49969
2455.4,1148.6,6.6268,0.49945
1068.3,662.54,6.6455,0.49941
509.67,248.97,6.676,0.49923
2463.3,697.14,6.6514,0.49926
2635.4,785.76,6.6481,0.49926
1299.2,1137.6,6.6202,0.49959
1757.6,1498.6,6.6008,0.49971
2650.1,675.97,6.6545,0.49921
2636.7,815.05,6.6465,0.49927
1828.1,859.98,6.6382,0.49941
431.54,1418.9,6.5988,0.49984
2228.2,878.24,6.6396,0.49937
2092.8,883.81,6.6384,0.49939
738.93,626.95,6.6452,0.49944
406.35,1025.1,6.6202,0.49968
2452.9,1183.3,6.6244,0.49947
2759.4,511.21,6.6666,0.4991
2472.8,796.56,6.6462,0.4993
1324.5,1467.5,6.6008,0.49974
448.9,236.82,6.677,0.49923
1790.1,1478.4,6.602,0.4997
968.26,330.49,6.6701,0.49923
1828.3,848.55,6.6387,0.49941
1503.6,1428.1,6.6046,0.4997
2655.9,782.64,6.6485,0.49925
763.15,1072.8,6.6205,0.49963
1723,1455.4,6.6036,0.49969
1869,1203,6.6195,0.49956
1871.5,1187,6.6204,0.49955
591,1086.3,6.6185,0.49967
278.52,953.69,6.6224,0.49968
802.9,1077.3,6.6204,0.49963
2198.5,1129.8,6.6255,0.49948
2462.2,1076.2,6.6305,0.49942
2491.3,879.07,6.6415,0.49933
2038,1215.6,6.6197,0.49954
1863.8,1216.8,6.6186,0.49956
2636.2,798.38,6.6472,0.49927
2083.5,1149.8,6.6239,0.49951
1647.9,449.19,6.6632,0.49923
1633.9,1184,6.6192,0.49958
1838.3,884.09,6.6363,0.49943
1220.4,1120.5,6.6211,0.49959
753.8,1518.3,6.5935,0.49984
2449.9,722.41,6.6494,0.49927
1798.4,1451.9,6.604,0.49968
1309.9,1172.2,6.618,0.49961
2645.9,1189.7,6.6259,0.49943
2479.9,794.6,6.6459,0.4993
1241.3,759.72,6.6403,0.49944
2049,913.18,6.6361,0.49941
2633.4,1190.9,6.6257,0.49944
1488,407.46,6.6652,0.49923
2506.2,400.27,6.6723,0.49909
1603.4,1149.2,6.6204,0.49957
277,1025.4,6.6184,0.49971
1585.1,810.53,6.6393,0.49942
1557.8,1477.7,6.6009,0.49973
1069.5,1076.6,6.6218,0.4996
2658.3,834.33,6.6452,0.49928
1564.9,1192.9,6.618,0.49959
1632.2,1200.6,6.6181,0.49959
1559.2,1185.4,6.6191,0.49958
817.18,1120.2,6.6179,0.49965
1665.7,1155.1,6.6204,0.49957
1895.3,1173.4,6.6206,0.49955
1082.4,1150.4,6.6178,0.49963
2084.1,1472.2,6.6038,0.49966
2655.8,776.26,6.6484,0.49926
803.03,1063.9,6.6208,0.49963
272.6,981.09,6.6204,0.4997
1638.6,1186.5,6.6187,0.49958
2797.3,515.01,6.6663,0.49909
2764.5,892.08,6.6434,0.49928
998.19,701.55,6.6421,0.49944
1042.1,1133.2,6.6184,0.49962
698.66,286.09,6.6722,0.49923
1077.7,1055.2,6.6227,0.49959
1779.8,1451.2,6.6037,0.49969
1559.5,1154.4,6.6207,0.49957
1083,1115.1,6.6196,0.49961
2093.5,897.9,6.637,0.4994
2211.5,933.35,6.6358,0.4994
1494.1,1492.8,6.5992,0.49974
1853.3,1223.3,6.618,0.49957
389.62,1020.2,6.6197,0.49968
589.88,1045.2,6.6202,0.49965
1638.2,1154.1,6.6205,0.49957
269.94,933.96,6.6227,0.49968
2657.2,805.56,6.6466,0.49927
984.49,1142.3,6.6176,0.49964
804.38,1061,6.6209,0.49963
279.76,951.43,6.6219,0.49969
2667.7,848.58,6.6444,0.49929
1206,1112.7,6.6204,0.4996
2644.5,786.88,6.6475,0.49926
2071.6,1484.7,6.6029,0.49967
1297.7,1171.4,6.6176,0.49961
986.44,1066.3,6.6216,0.4996
534.95,605.51,6.6442,0.49947
2454.8,1142.1,6.6262,0.49945
2644.1,773.84,6.6482,0.49926
2438,817.65,6.6437,0.49932
834.42,1434.3,6.5992,0.49979
2187.5,1199.5,6.6209,0.49952
1044,1130.9,6.6184,0.49963
361.95,1012,6.6197,0.49969
2198.5,1128.4,6.625,0.49949
1265.5,1152.7,6.618,0.49961
1318.5,1448.3,6.6012,0.49974
1637.1,1198.7,6.6177,0.49959
2432.7,723.87,6.649,0.49928
1210.9,690.57,6.6437,0.49941
766.48,1517.6,6.5931,0.49985
1915.1,870.93,6.6368,0.49942
266.07,948.06,6.6218,0.49969
2645,1105.9,6.6296,0.4994
2196.3,1143.6,6.624,0.4995
2060.1,1243.8,6.6175,0.49956
2774,733.93,6.6519,0.49921
966.15,1445,6.5994,0.49978
2085.6,1182.2,6.6213,0.49953
1662,1185.3,6.6182,0.49958
1956.4,1489.6,6.6014,0.49969
2019.8,1207.6,6.6195,0.49955
2471.8,1109.2,6.628,0.49944
1042.9,1097.3,6.62,0.49961
415.01,1007.1,6.6204,0.49967
2212.1,900.96,6.6373,0.49939
1063.4,1143.7,6.6183,0.49963
811.66,1419.7,6.5998,0.49979
843.87,1124.2,6.6174,0.49965
2446.9,1078.2,6.6294,0.49943
2295.6,1417.9,6.6085,0.49961
772.36,271.42,6.674,0.49921
391.73,1040.1,6.6183,0.49969
2464.4,1172.4,6.6245,0.49947
2438.6,833.64,6.6426,0.49933
1729.9,1456.8,6.6029,0.4997
1204.8,1115.4,6.6199,0.4996
2466.1,1061.6,6.6302,0.49942
1232.3,1096.9,6.621,0.49959
2213.1,1138.5,6.6243,0.49949
408.89,228.54,6.6766,0.49924
567.93,1021.1,6.6205,0.49965
1742.1,1461.2,6.6022,0.4997
2778,1085.5,6.6326,0.49936
388.92,995.42,6.6206,0.49968
2775.2,715.35,6.6526,0.4992
805.96,1080.8,6.6194,0.49964
1055.2,1114.5,6.6191,0.49962
1571.8,1130.6,6.6209,0.49957
570.48,1063.5,6.6183,0.49967
2249.3,958.36,6.6343,0.49941
1043.1,1110.9,6.6191,0.49962
398.4,998.25,6.6205,0.49968
2635.5,769.89,6.6479,0.49926
1636.6,1171,6.6191,0.49958
1274.6,1136,6.619,0.4996
1001.4,715.57,6.6407,0.49945
1548.1,1502.7,6.5983,0.49975
1204.4,1128.8,6.619,0.49961
1256.4,1576.1,6.591,0.49982
1234,1133.9,6.6189,0.49961
2272.4,1419,6.6081,0.49961
595.62,622.14,6.6432,0.49947
2471.6,728.52,6.6491,0.49927
2215.3,1204.9,6.6204,0.49952
1310.8,1141.7,6.6189,0.4996
1571.7,804.51,6.6393,0.49942
2441.5,1540.4,6.6008,0.49966
746.96,1114,6.6172,0.49966
594.76,257.33,6.6742,0.49923
1203.7,1150,6.6178,0.49962
2204.7,1254.2,6.6176,0.49955
2349.3,588.77,6.6564,0.49923
1061,741.38,6.6395,0.49946
1060,727.8,6.6402,0.49945
1809.9,1182.6,6.6192,0.49956
2101.1,880.74,6.6376,0.4994
2645.9,802.4,6.6461,0.49927
1474.5,1484.3,6.5991,0.49975
2443,1132.4,6.6258,0.49946
1299.2,1159.1,6.6177,0.49961
1587.9,843.32,6.6362,0.49945
1535.2,1483.3,6.5994,0.49974
556.09,1445.4,6.5969,0.49984
2182.1,1187.8,6.6213,0.49952
794.65,1059.2,6.6199,0.49963
2235.6,830.07,6.6413,0.49936
1286.1,741.13,6.6407,0.49943
367.29,966.29,6.6218,0.49967
1275.3,1122.9,6.6196,0.4996
2451.4,721.62,6.6485,0.49928
1046.6,725.55,6.6402,0.49945
2459,1128.6,6.6262,0.49945
1545.2,1160.9,6.6189,0.49958
2582,1487.7,6.6062,0.4996
1284,704.14,6.6428,0.49942
1641.3,1169,6.6189,0.49958
2654.1,1106.9,6.6295,0.4994
1002.6,1144.4,6.6169,0.49964
2241.2,923.22,6.6359,0.4994
405.95,981.33,6.6213,0.49967
372.32,1038.4,6.618,0.4997
603.02,1047.9,6.6195,0.49966
1234.7,1116.5,6.6197,0.4996
1082.6,1117.9,6.6188,0.49962
2181.4,1229.3,6.6187,0.49954
2434.5,740.41,6.6475,0.49929
1255,1575.6,6.5909,0.49982
1001.4,700.78,6.6413,0.49945
2665,1092.2,6.6304,0.49939
1787.8,1226.4,6.6165,0.49959
1819.1,1411.7,6.6052,0.49967
390.79,1059.9,6.6169,0.49971
2184.6,1212.3,6.6196,0.49953
988.31,1104.2,6.6188,0.49963
1730.2,465.43,6.6611,0.49924
817.7,1434.1,6.5987,0.4998
2169.4,1252.7,6.6174,0.49955
611.24,1448.7,6.5968,0.49983
596.55,1486,6.5936,0.49986
744.4,1415.6,6.5994,0.4998
2066.5,1203.4,6.6192,0.49954
1567,1462.3,6.6007,0.49973
1895.2,894.24,6.6348,0.49944
775.89,256.39,6.6754,0.4992
406.98,1563.2,6.5872,0.49994
414.11,979.7,6.6213,0.49967
783.81,1502.6,6.5935,0.49984
2202.6,1548,6.5984,0.4997
2023.1,1186.2,6.6199,0.49954
1755.3,1424.4,6.6043,0.49968
1623.5,797.36,6.639,0.49942
580.87,1043.8,6.6193,0.49966
2637.5,1099.9,6.6298,0.4994
813.98,1416.9,6.5993,0.49979
2020.5,1202.1,6.619,0.49955
818.44,1103.8,6.6177,0.49965
399.41,1356.7,6.6001,0.49984
2649.9,814.6,6.6447,0.49929
2635.2,757.44,6.6481,0.49926
2650.4,816.22,6.6446,0.49929
2760.8,1193.3,6.6259,0.49941
1483.2,1463.1,6.6002,0.49974
1045.4,1095.3,6.6195,0.49962
1273.9,1156.8,6.6174,0.49962
1786.1,1473.4,6.6012,0.49971
1043.5,659.44,6.6438,0.49943
987.33,646.25,6.6444,0.49943
2212.4,919.5,6.6355,0.4994
823.28,1433.7,6.5983,0.4998
438.71,227.77,6.676,0.49924
2456.6,1126.3,6.6262,0.49945
1208.6,1609.5,6.5886,0.49985
2477.2,853.39,6.6415,0.49933
761.68,1386.9,6.6008,0.49979
2474.3,1124.6,6.626,0.49945
1268,760.9,6.6387,0.49945
1915.7,846.52,6.6373,0.49941
2453,1140.1,6.6253,0.49946
2241.7,910.21,6.6361,0.4994
1831.3,1395,6.607,0.49966
275.69,995.88,6.6185,0.49971
805.98,1433.6,6.5984,0.4998
1590.5,807.15,6.638,0.49943
1309.5,1175,6.6164,0.49962
774.49,1417.6,6.599,0.4998
2217.1,1158.9,6.6222,0.49951
360.72,967.23,6.6211,0.49968
2520.4,1493.8,6.6047,0.49962
745.13,1048.4,6.6201,0.49964
370.22,993.68,6.6198,0.49969
2770.4,1191.5,6.6257,0.49941
2154.8,1400.2,6.6083,0.49962
2212.8,887.04,6.6371,0.49939
1673.5,456.85,6.6607,0.49925
1216,1132.3,6.6182,0.49961
1046.3,697.5,6.6413,0.49945
2448.6,1537.8,6.6004,0.49966
830.69,1434.3,6.5984,0.4998
2482.5,824.62,6.6427,0.49932
1629.3,1186.4,6.6173,0.49959
2510.1,402.87,6.6708,0.4991
563.67,1446.8,6.5965,0.49984
394.3,1008,6.6195,0.49968
1635.3,1215.5,6.6155,0.49961
803,1447.9,6.5974,0.49981
1064.8,1102.5,6.6196,0.49962
1495.8,1462.9,6.6,0.49974
1864.8,1229.4,6.6159,0.49959
1002.1,688.61,6.6415,0.49945
2424.4,1134.5,6.6252,0.49947
1066.2,1087.5,6.6202,0.49961
1340.9,1432.5,6.6009,0.49974
2095.4,922.79,6.6343,0.49942
2653.9,1190.2,6.6243,0.49944
1766,1473.8,6.6007,0.49971
1046.3,1114.1,6.6181,0.49963
2214.6,1126.6,6.624,0.4995
1312.7,377.49,6.6653,0.49924
2211.1,1223.7,6.6185,0.49954
2475.6,707.79,6.6492,0.49927
784.99,1488.1,6.5941,0.49984
1577.5,424.26,6.6627,0.49924
1548.3,1435.9,6.602,0.49972
321.75,210.13,6.6771,0.49925
2446.3,707.76,6.6489,0.49928
2422.2,1149.6,6.6242,0.49947
272.64,932.55,6.6216,0.49969
1064.4,727.31,6.6395,0.49946
2225.6,1099.2,6.6259,0.49948
1001,714.69,6.6399,0.49946
1540.2,1470.9,6.5995,0.49974
950.26,317.59,6.6689,0.49924
2759.3,1187,6.626,0.49941
345.28,957.61,6.6212,0.49968
2248.9,958.5,6.6333,0.49942
2434.8,1186.4,6.6219,0.49949
2109.9,906.82,6.6352,0.49942
1763.6,1411.5,6.6042,0.49968
2089.2,879.12,6.6362,0.49941
527.04,1074.2,6.6166,0.49969
2187.1,1197.9,6.6197,0.49953
2764.2,712.8,6.6521,0.49921
1763.3,1476.9,6.6002,0.49972
593.29,264.89,6.6725,0.49924
862.18,303.2,6.6698,0.49924
1193.9,439.03,6.6592,0.49929
1515.7,1433.9,6.6015,0.49972
1562.4,754.51,6.6405,0.49942
797.84,292.37,6.6705,0.49924
1486.9,1483.3,6.5982,0.49975
1762.3,1458,6.6011,0.49971
273.43,949.13,6.6205,0.4997
402.48,1374.8,6.5984,0.49985
2658.4,729.27,6.6493,0.49925
597.53,1443,6.5957,0.49984
1005,1109,6.6179,0.49963
1811.3,1170.5,6.6189,0.49957
1207.7,1131.9,6.6178,0.49962
1492.2,496.37,6.6564,0.4993
2657.3,1055.9,6.6314,0.49939
1002.4,1106.4,6.618,0.49963
2201.7,1207,6.6192,0.49953
1807.1,1433.3,6.6032,0.49969
994.81,1088.3,6.6196,0.49962
1275.7,1185.1,6.6152,0.49963
2750.3,1211.5,6.6242,0.49943
1888.6,1408.7,6.6054,0.49967
1347.6,1446.9,6.5999,0.49975
1614.9,793.04,6.6381,0.49943
1655,846.14,6.6356,0.49945
787.12,1476.1,6.5946,0.49983
2357.2,575.94,6.6558,0.49923
826.74,1405.3,6.5995,0.49979
2640.1,1059.7,6.6312,0.49939
1557.2,1481.9,6.5986,0.49974
997.98,740.89,6.6378,0.49948
818.74,1065.1,6.619,0.49964
1521.7,1421.1,6.6024,0.49972
2481.8,711.72,6.6482,0.49928
958.05,1427.9,6.5987,0.49979
2470.6,1151.8,6.6238,0.49947
1484.1,1503.7,6.5964,0.49977
2089.4,902.96,6.6346,0.49942
2198,937.16,6.6337,0.49942
2440.8,874.08,6.6391,0.49936
1884.7,1232.1,6.6154,0.49959
450.24,1396.8,6.5973,0.49985
2631.5,1118.8,6.6275,0.49942
2438.8,1159.2,6.6231,0.49948
1344.5,1447.3,6.5998,0.49975
404.27,1043.6,6.6168,0.4997
2734.7,1339.5,6.6168,0.49949
1711,1494.5,6.5987,0.49973
1509.1,425.53,6.6621,0.49925
839.25,1392.3,6.6002,0.49978
2464.4,707.66,6.6487,0.49928
2807.5,510.06,6.6647,0.4991
2201.6,1208.5,6.6189,0.49954
1913.1,1458.8,6.602,0.49969
745.63,683.68,6.6398,0.49948
2466.7,1117.6,6.6263,0.49945
2187.3,1155,6.622,0.49951
1518.2,1481.1,6.598,0.49975
1289.8,770.17,6.6378,0.49946
1241.7,786.04,6.6364,0.49947
1076.7,731.82,6.6388,0.49946
975.14,1427.7,6.5987,0.49978
2216.7,1193.1,6.6198,0.49953
2776.3,747.99,6.6495,0.49923
1894,810.4,6.6385,0.49941
1926.6,1416.5,6.6044,0.49967
371.24,1058.1,6.6153,0.49972
1480.6,1488.4,6.5982,0.49975
1842.1,1427.6,6.6036,0.49968
2181,1227.5,6.6176,0.49955
1301.3,708.09,6.6414,0.49943
2449.7,1066.5,6.6281,0.49944
2076.1,1155,6.621,0.49953
391.11,973.21,6.6204,0.49968
2062.8,1187.4,6.6187,0.49955
2665.6,763.93,6.6471,0.49926
770.47,1416.1,6.5984,0.4998
2810.6,530.57,6.6632,0.49911
758.82,1415.7,6.5984,0.49981
2219.2,1222.1,6.6177,0.49954
826.57,1117.5,6.6166,0.49966
1479,491.18,6.6563,0.4993
1084.3,1153.7,6.6155,0.49964
2063.1,1217.2,6.6173,0.49956
813.71,673.91,6.6402,0.49947
584.36,1476.1,6.5937,0.49986
789.76,243.29,6.676,0.4992
1312.8,1080.6,6.6205,0.49959
1158.3,351.87,6.6662,0.49924
276.57,980.11,6.6185,0.49971
2675.9,1016.8,6.6333,0.49937
1590.4,794.94,6.6378,0.49943
1628,1198.4,6.6159,0.4996
2629.9,1132.9,6.6265,0.49943
2162.8,1243.8,6.6164,0.49956
2438.3,710.39,6.6484,0.49928
1654.4,806.15,6.6375,0.49943
2657.9,1040.4,6.6318,0.49939
1684.5,444.62,6.6609,0.49925
347.54,208.41,6.6768,0.49924
1782.7,1476,6.5998,0.49972
1568.5,1433.7,6.6015,0.49972
2213.3,918.13,6.6345,0.49941
798.88,1099.3,6.6163,0.49966
2162.7,1242.5,6.6164,0.49956
2663.8,1207.9,6.623,0.49945
2102.6,1525.8,6.5979,0.49971
2649.2,758.72,6.6467,0.49927
2177.6,1241.2,6.6166,0.49956
1563.7,1503.2,6.5965,0.49976
375.99,1413.8,6.5959,0.49987
1479.4,1470.7,6.5985,0.49975
2766.4,1106.3,6.6298,0.49938
1405.3,393.71,6.6635,0.49925
1866.1,1174.6,6.6184,0.49957
1474.6,1472.5,6.5984,0.49975
2669.4,761.96,6.6467,0.49927
2117.1,885.29,6.6353,0.49942
2199.1,924.29,6.634,0.49942
418.45,1071.2,6.6147,0.49972
2657.3,1063.1,6.6305,0.4994
2631.9,1187.2,6.6234,0.49945
1881.8,869.34,6.6347,0.49944
407.2,1409.9,6.5957,0.49987
2117.7,909.77,6.6339,0.49943
826.99,1419.1,6.5981,0.4998
754.29,1413.1,6.5979,0.49981
1043.2,658.88,6.6427,0.49944
285.52,1006.7,6.6171,0.49972
1871.2,809.62,6.6384,0.49941
776.57,249.61,6.6748,0.49921
537.4,579.18,6.6438,0.49947
2476.6,710.22,6.6481,0.49928
763.43,1416.8,6.5978,0.49981
451.08,237.78,6.6739,0.49925
992.53,400.46,6.6605,0.4993
2112.8,1407.8,6.6057,0.49965
1475.5,1504.6,6.5957,0.49977
1037.7,743.94,6.6374,0.49948
1562.4,1469.6,6.5988,0.49974
1290.2,756.35,6.6381,0.49945
1792.1,1456.8,6.601,0.49971
971.87,644.35,6.6431,0.49944
2230.5,897.75,6.6356,0.4994
2417.7,1176.2,6.6218,0.49949
2777.1,749.77,6.649,0.49923
278.54,998.51,6.6173,0.49972
1077.2,748.23,6.6374,0.49947
2089.7,1190.1,6.6183,0.49955
1487.6,1466.6,6.5993,0.49974
1243,1072.4,6.6202,0.4996
2650.1,785.77,6.6449,0.49928
2768.2,1191.6,6.6247,0.49942
746.81,1430.7,6.597,0.49982
2426.1,1120.8,6.6249,0.49947
2783.6,1084.7,6.6308,0.49937
1219.5,771.47,6.6368,0.49947
789.22,243.66,6.6756,0.4992
350.16,1004,6.6179,0.4997
434.57,627.43,6.6399,0.49952
333.29,212.52,6.6759,0.49925
1049.6,711.81,6.6393,0.49946
1339.2,1126.2,6.6176,0.49961
1074.9,718.96,6.6391,0.49946
1245.3,735.12,6.639,0.49945
275.65,952.46,6.6195,0.49971
2798.5,899.58,6.641,0.49929
2470.9,694.82,6.6493,0.49927
2177.7,1239.8,6.6163,0.49956
322.98,822.74,6.6271,0.49964
632.49,1034.8,6.6183,0.49966
405.97,1392.3,6.5965,0.49986
815.92,1405,6.5986,0.4998
1298.7,1128.5,6.6182,0.49961
979.71,742.36,6.637,0.49948
2239,841.27,6.6383,0.49938
1890.8,1201.2,6.6163,0.49958
2365.6,578.09,6.6553,0.49924
2182.7,1109.1,6.6241,0.4995
2098,850.23,6.6371,0.4994
1959.2,1430.6,6.6034,0.49968
2271.4,1434.2,6.6052,0.49964
593.17,265.6,6.6715,0.49925
2243.1,878.51,6.6364,0.4994
1578.1,1479.2,6.5977,0.49975
1491.9,1470.3,6.5981,0.49975
2421.1,1205.3,6.6203,0.49951
1736.4,1498.9,6.5972,0.49974
1502.7,1504.8,6.5956,0.49977
453.94,1413.2,6.5955,0.49986
2207.9,1234,6.6167,0.49955
422.89,1053.2,6.6158,0.49971
1740.1,1521.9,6.5959,0.49975
811.55,1118.2,6.6151,0.49967
1839.2,1497.1,6.5978,0.49973
362.74,909.27,6.6223,0.49967
1109.4,1102.2,6.6174,0.49963
806.01,1450.2,6.5961,0.49982
2084.7,1215.6,6.6165,0.49956
1297.8,1164.4,6.616,0.49963
1546.7,1500.9,6.596,0.49976
2168.7,1212.7,6.6175,0.49955
1866.6,1214.3,6.6156,0.49959
310.7,207.34,6.676,0.49926
2483.5,710.58,6.6473,0.49929
2769.5,745.91,6.6487,0.49923
2645.5,1053.7,6.6302,0.4994
813.75,645.46,6.6411,0.49947
1063.8,714.73,6.6388,0.49946
968.92,702.22,6.6392,0.49947
349.82,985.81,6.6185,0.4997
1745.7,1517.6,6.5959,0.49975
2774.1,1191.4,6.6244,0.49942
1535.8,1461,6.5988,0.49974
808.24,1381.9,6.6003,0.49979
1233.8,760.82,6.6371,0.49947
813.92,1379,6.6006,0.49978
1524.6,1410.7,6.602,0.49972
298.38,204.88,6.6762,0.49926
2171.4,1201.5,6.6181,0.49955
2413,1202.3,6.6198,0.49951
2429.9,1084.1,6.6264,0.49946
1827.3,882.33,6.6338,0.49945
538.37,1080,6.6152,0.4997
601.79,1499.5,6.5907,0.49988
789.8,1461.1,6.5945,0.49983
2181,1144.9,6.6212,0.49952
2420,1160.6,6.6221,0.49949
1857.7,1193.9,6.6169,0.49958
2165.3,1230.9,6.6163,0.49956
431.89,988.84,6.6186,0.49969
1028.7,717.82,6.638,0.49947
1041.2,739.49,6.6371,0.49948
1967.9,589.13,6.6512,0.4993
1717,1458.1,6.5999,0.49972
2463.2,1059.5,6.6279,0.49944
1873.3,886.45,6.6332,0.49945
1632.7,1168.6,6.6166,0.4996
2206.4,945.27,6.6324,0.49943
1251.2,1562.5,6.5902,0.49983
813.73,1121.1,6.6147,0.49967
2057.6,1212.8,6.6162,0.49957
1282.9,788.07,6.6355,0.49947
1453.8,419.43,6.6608,0.49926
283.71,960.31,6.6188,0.49971
933.68,330.17,6.666,0.49926
2092,1446.7,6.6023,0.49968
1537.2,1500.5,6.5959,0.49977
1219.8,758.57,6.6369,0.49947
977.77,684.74,6.6398,0.49946
1587.4,1458.5,6.5987,0.49974
1731.6,1527.6,6.5952,0.49976
452.24,1379,6.5971,0.49985
2664.3,1092.1,6.6281,0.49941
1638.4,828.31,6.6348,0.49945
1814.9,1455.2,6.6001,0.49971
2669.1,821.36,6.6428,0.4993
1680.8,806.06,6.6363,0.49944
1664.9,440.87,6.66,0.49926
1134.4,347.78,6.6653,0.49925
1526.9,1459.4,6.5982,0.49975
2102.1,1427.5,6.6035,0.49967
1102.2,732.78,6.6373,0.49947
2667.9,778.69,6.6451,0.49928
1361,1430.6,6.5993,0.49975
868.49,1070.6,6.6173,0.49965
2224.8,1191.3,6.6183,0.49954
2732.6,1371.5,6.613,0.49952
2129.2,1281.3,6.613,0.49959
1028,690.08,6.6393,0.49946
558.77,1438.3,6.5946,0.49986
2065.6,1203.8,6.6169,0.49956
2651.7,1126.2,6.626,0.49943
541.96,633.68,6.6399,0.4995
2440.8,812.27,6.641,0.49934
2374.5,588.24,6.6536,0.49925
1482.8,1489.9,6.5961,0.49977
2203.2,1224.1,6.6163,0.49956
665.13,278.42,6.6698,0.49926
2389.7,1413.4,6.6068,0.49961
2431.6,1068,6.6269,0.49945
2200.2,905.47,6.634,0.49942
2198.1,1544.6,6.5963,0.49971
852.33,1461.4,6.5944,0.49983
2465.7,701.59,6.6475,0.49929
1857.6,1135,6.6195,0.49956
1757,1420.6,6.6021,0.4997
2183.1,1132.8,6.6214,0.49952
2801.4,508.42,6.6635,0.49911
1681.7,832.59,6.6346,0.49945
1211.4,1164.2,6.6143,0.49964
1863.2,807.05,6.6371,0.49942
2764.9,505.37,6.6632,0.49912
753.71,693.79,6.6376,0.4995
2768.9,1100.1,6.6288,0.49939
2606.2,459.52,6.6645,0.49914
730.5,690.34,6.6376,0.4995
2636.3,670.86,6.6513,0.49924
1751.8,1432,6.6011,0.49971
2415.6,1187.2,6.6201,0.49951
1765.8,1467.4,6.5991,0.49973
458.67,1317.2,6.6009,0.49982
1580.6,758.66,6.6385,0.49943
1657.6,855.7,6.6331,0.49947
2670.1,836.65,6.6417,0.49931
1069.6,746.23,6.6364,0.49948
396.96,1018.3,6.6166,0.49971
1498,1405.1,6.6018,0.49972
2661.5,1019.5,6.6313,0.49939
1775.1,1485.3,6.5978,0.49973
2080.9,1205.5,6.6167,0.49956
1248.1,749.45,6.6372,0.49946
451.94,1361.4,6.5978,0.49985
2441.7,864.11,6.6379,0.49937
747.8,286.84,6.6692,0.49925
2061.9,1481.4,6.5998,0.4997
2640,1119.5,6.6259,0.49943
1271.7,735.7,6.6377,0.49946
301.06,198.12,6.6762,0.49926
2660.1,1098.1,6.6276,0.49942
2649.9,756.99,6.6454,0.49928
1869.6,804.2,6.6373,0.49942
2208.3,841.83,6.6375,0.49939
1338.4,1159.2,6.6147,0.49963
1583.9,1405.4,6.6021,0.49971
2215.1,886.41,6.6349,0.49941
1942.9,1413.3,6.6031,0.49968
843.25,733.13,6.6357,0.49951
593.34,1068.9,6.6151,0.49969
1555.6,1421.3,6.6008,0.49973
2207.7,877.47,6.6355,0.49941
709.75,288.5,6.6687,0.49926
1319.7,748.43,6.6375,0.49946
2477.8,696.62,6.6476,0.49929
2379.8,1424,6.6061,0.49962
2782.8,1208.7,6.6229,0.49943
372.83,580.54,6.6412,0.49952
325.27,824.62,6.6259,0.49965
855.04,1448.9,6.5949,0.49983
2017.8,1224.5,6.6149,0.49958
418.45,571.77,6.6417,0.49951
1079.8,718.15,6.6378,0.49947
2722.9,1371.8,6.6123,0.49953
2103.7,1524.4,6.5966,0.49972
2456.8,1183.1,6.621,0.4995
361.37,1034.7,6.6151,0.49972
385.51,974.66,6.6181,0.4997
761.23,274.34,6.6702,0.49924
1785,1466.4,6.5989,0.49973
1841.7,1481.2,6.5979,0.49973
614.3,1441,6.5943,0.49985
1110.5,1137.5,6.6145,0.49965
780.17,1619,6.5825,0.49993
2651.7,1121.1,6.6257,0.49943
1637.2,1137.5,6.6176,0.49959
1330.8,1216,6.6117,0.49966
292.7,940.33,6.6187,0.49971
1657.2,1218.6,6.6129,0.49962
438.39,1109.2,6.612,0.49974
1658.1,833.66,6.6342,0.49946
2113.4,913.15,6.6324,0.49944
394.85,226.04,6.6734,0.49926
399.84,1046.1,6.6148,0.49972
1804,1473.1,6.5981,0.49973
548.46,643.73,6.6385,0.49951
793.24,1447.1,6.5944,0.49983
1793,1456.4,6.5994,0.49972
396.94,1001.7,6.6171,0.4997
756.3,696.06,6.6369,0.4995
278.71,199.52,6.6755,0.49927
2668.9,792.51,6.6436,0.49929
833.96,1515.2,6.5901,0.49986
1246.5,734.45,6.6376,0.49946
2078.4,1215.7,6.6156,0.49957
1585.8,1409.9,6.6013,0.49972
959.24,975.1,6.6226,0.4996
2445.3,742.18,6.6446,0.49931
2199.2,1539.2,6.5958,0.49972
750.27,690.11,6.6373,0.4995
1552.1,1487.7,6.5959,0.49976
2075.4,1230.4,6.6148,0.49958
422.15,476.77,6.6492,0.49945
1559.8,1408.3,6.6013,0.49972
2209.2,1193.5,6.6174,0.49955
1247.7,751.81,6.6366,0.49947
1328.3,1217.2,6.6115,0.49966
1869.9,1424.5,6.6017,0.4997
837.56,1417.4,6.5968,0.49981
1859.5,1213.6,6.6143,0.4996
1320,800.03,6.6338,0.49948
774.06,1430.5,6.5956,0.49983
1653.9,1237.3,6.6122,0.49963
1490.1,420.88,6.6602,0.49927
2667.1,679.3,6.6505,0.49924
389.25,1020,6.6154,0.49972
422.83,1392.7,6.5952,0.49987
600.7,596.22,6.6414,0.49949
1589.2,1114,6.6181,0.49959
1346.3,776.08,6.6353,0.49947
2200.9,923.03,6.6323,0.49943
2442.3,848.17,6.6382,0.49936
1633.5,829.82,6.6341,0.49946
2165.2,1228.8,6.6153,0.49957
1107.1,763.76,6.6346,0.49949
2382.1,1418.9,6.6059,0.49962
1658.5,820.93,6.6347,0.49945
1247.5,1076.3,6.6184,0.49961
1950.1,1443.5,6.601,0.4997
625.33,683.38,6.6365,0.49952
635.03,1514.4,6.5888,0.49989
815.35,635.77,6.6409,0.49947
2239.6,904.1,6.6337,0.49942
1585.8,1108.8,6.6183,0.49959
1830.6,892.06,6.6322,0.49946
603.64,1440,6.5935,0.49986
1542.9,1233.6,6.6115,0.49964
1560.9,1404.7,6.6014,0.49972
1959.4,1413.7,6.6034,0.49968
2630.9,1119.4,6.6252,0.49944
1649.3,845.91,6.6331,0.49947
2664.1,755.29,6.6457,0.49928
437.57,1033.2,6.615,0.49971
2180.1,1256.5,6.6134,0.49958
2104.8,1427.3,6.6031,0.49967
1214.1,771.65,6.635,0.49948
1649,819.51,6.6346,0.49946
640.42,1145.3,6.6111,0.49972
659.48,1471.8,6.5917,0.49987
1514.9,1409.6,6.6007,0.49973
1881.1,1248.8,6.6126,0.49961
2672,763.84,6.6446,0.49928
1771,1455.4,6.5991,0.49972
2171.6,1198.9,6.6169,0.49955
2649.8,1038.5,6.6293,0.49941
2670.6,1038.9,6.6295,0.4994
1785.3,1246.8,6.612,0.49962
2670.1,807.74,6.6424,0.4993
2193.3,1196.3,6.6168,0.49955
2028,1206.5,6.6159,0.49957
2074.5,1396.8,6.6046,0.49966
1582.4,1419,6.6004,0.49973
370.9,554.37,6.6417,0.49951
1787.7,1420.8,6.6014,0.49971
2467,1136.6,6.6225,0.49948
2174.2,1106.8,6.6219,0.49952
2215.8,829.2,6.6373,0.49939
336.85,1435.1,6.5917,0.49991
763.23,268.67,6.6703,0.49924
2421.1,1153.5,6.6212,0.4995
2672.8,790.54,6.643,0.4993
483.77,236.1,6.6721,0.49926
1295.6,770.35,6.6351,0.49948
524.28,959.59,6.6202,0.49966
827.58,1485.5,6.5917,0.49985
1547,1407.5,6.6005,0.49973
2415.7,1173.2,6.6199,0.49951
361.67,584.33,6.6399,0.49953
2796.3,893.16,6.6397,0.4993
1610.3,1208.4,6.613,0.49963
1771,1431.5,6.6003,0.49972
2244.7,891.35,6.634,0.49941
1511.7,1418.9,6.5999,0.49974
2411.1,1199.4,6.6184,0.49952
615.39,1495.1,6.5901,0.49989
1556.2,1459.2,6.5975,0.49975
2465.3,1148.9,6.6217,0.49949
2533.4,408.03,6.6673,0.49912
2766.6,719.37,6.6488,0.49923
2059.8,898.01,6.6327,0.49944
2683,852.21,6.6397,0.49932
2702,1448.3,6.6065,0.49958
659.83,1499,6.5897,0.49988
592.96,1027.4,6.6165,0.49968
2253.6,910.32,6.6326,0.49942
982.64,1188.8,6.6108,0.49969
1577.9,1430.8,6.5992,0.49974
1501.1,1447,6.598,0.49975
429.58,1428.8,6.5927,0.49989
1915.8,920.26,6.6303,0.49947
2213.4,1184.6,6.618,0.49954
993.87,688.3,6.6384,0.49947
751.92,1397.9,6.5971,0.49982
2767,488.27,6.6634,0.49912
529.16,639.62,6.638,0.49952
1886.6,900.59,6.6317,0.49946
1066.7,703.03,6.6379,0.49947
868.32,1175.4,6.6108,0.4997
2654,1102.4,6.6261,0.49943
1522.6,1404.6,6.6009,0.49973
724.85,679.53,6.6373,0.49951
289.09,202.03,6.6747,0.49927
1596.9,1432.1,6.5991,0.49974
831.16,1067.8,6.6168,0.49966
2653,845.12,6.6395,0.49933
2202,892.57,6.6334,0.49942
2105.7,1415.2,6.6029,0.49967
1053.6,1148.5,6.6131,0.49967
1887.5,498.5,6.6558,0.49927
430.12,1413.7,6.5944,0.49988
2634.1,862.06,6.6387,0.49934
572.55,261.06,6.6698,0.49927
1323.1,776.92,6.6349,0.49948
2239.2,883.5,6.6339,0.49942
605.92,1496.4,6.5894,0.49989
639.55,1076.8,6.614,0.4997
2219.7,1533.9,6.5959,0.49972
361.25,1009.4,6.6156,0.49972
2782.5,1100.1,6.6278,0.4994
1760.3,1410.3,6.6015,0.49971
2205.5,1127.8,6.6203,0.49953
2714.6,1388,6.6105,0.49954
1321.3,800.18,6.6332,0.49949
457.82,1430.5,6.5927,0.49989
2670.5,813.93,6.6418,0.49931
1671.4,1118.9,6.6177,0.49959
2084.9,1191.8,6.6163,0.49957
2784.7,749.78,6.6468,0.49925
2634.8,669.54,6.6498,0.49925
1632,847.46,6.6324,0.49947
1345.7,827.62,6.6321,0.4995
872.7,1109,6.6137,0.49968
1725.5,1457.6,6.5988,0.49973
1744,1539.3,6.5932,0.49977
1246.4,1056.7,6.6191,0.4996
871.19,1173.8,6.6106,0.4997
1871.7,1420.2,6.6012,0.4997
1223,745.04,6.6361,0.49947
827.1,1403,6.597,0.49981
647.36,1455.3,6.5923,0.49987
764.67,262.54,6.6706,0.49924
643.28,1440.8,6.5936,0.49986
2054.4,1482.6,6.5981,0.49971
2787,734.84,6.6473,0.49924
439,865.09,6.6239,0.49964
2238.4,785.67,6.6399,0.49937
1650,832.69,6.6333,0.49947
1827.3,1130.9,6.6177,0.49957
1222.1,731.96,6.6368,0.49947
1546.8,1478.8,6.5957,0.49977
1757.2,1482.8,6.5966,0.49975
356.99,1033.7,6.6141,0.49973
1552.5,1066.1,6.62,0.49958
1782.3,1473.9,6.5973,0.49974
1051.6,1094.4,6.6158,0.49965
2691.6,1449.1,6.6059,0.49958
2232.9,824.69,6.6372,0.49939
1563.8,1409.2,6.6004,0.49973
750.67,1162.4,6.6104,0.49971
1104.5,705.01,6.6373,0.49947
661.06,1443,6.593,0.49986
361.85,583.69,6.6395,0.49953
762.22,278.36,6.6686,0.49926
854.98,1473.7,6.5921,0.49985
333.15,212.77,6.6734,0.49927
1323.1,762.77,6.6354,0.49947
2206.8,1213.7,6.6158,0.49956
1717.8,1457,6.598,0.49974
965.41,1441.6,6.5951,0.49981
1552.4,1467,6.5965,0.49976
532.1,1574.8,6.5835,0.49995
1042.5,724.5,6.6361,0.49949
744.01,1484.3,6.5911,0.49987
660.77,1456.9,6.592,0.49987
2438.1,1085.8,6.6247,0.49947
757.84,678.79,6.6369,0.4995
2079.7,1209.4,6.6151,0.49958
2691.6,1445.7,6.6062,0.49958
1701.6,1486.3,6.5959,0.49975
763.92,1429,6.5948,0.49983
2428.7,1081.5,6.6245,0.49947
711.13,277.47,6.6683,0.49926
1330.4,1465.2,6.5954,0.49978
2233,823.36,6.6371,0.49939
2779.2,1078.3,6.6283,0.49939
1681.1,883.03,6.6306,0.49948
2791.3,1031.3,6.6313,0.49937
2481,1057.1,6.6259,0.49946
1573.1,1418.4,6.5997,0.49973
287.44,1027.4,6.6129,0.49976
2068,1189.9,6.6159,0.49957
1053.1,715.25,6.6366,0.49948
2075.1,845.68,6.6345,0.49943
2216.7,1189.4,6.6169,0.49955
2721.3,1364.8,6.6116,0.49953
286.68,571.26,6.6392,0.49955
2599.3,437.27,6.6649,0.49914
378.94,589.79,6.6391,0.49953
615.91,1454.3,6.5922,0.49987
647.67,1513.2,6.5881,0.4999
745.1,1470.8,6.5919,0.49986
1798.5,1481.8,6.5963,0.49975
661.11,1484.1,6.5901,0.49988
268.86,196.9,6.6747,0.49928
2168.6,1549.8,6.594,0.49973
1769.3,461.62,6.657,0.49927
966.68,1598.2,6.5836,0.4999
2216.7,816.34,6.6373,0.49939
2370.2,1501.8,6.5991,0.49968
567.97,1473.5,6.5907,0.49989
1781.9,1407.4,6.601,0.49971
355.32,964.73,6.6169,0.49971
1310.8,760.94,6.6352,0.49947
2223,953.04,6.6294,0.49945
1730.4,1456.6,6.5979,0.49974
2783.1,720.21,6.6485,0.49923
2640.1,1009.8,6.6302,0.4994
287.45,570.67,6.6391,0.49955
831.37,1459.2,6.5927,0.49984
1104.9,1199.3,6.6102,0.49969
2085,1453.6,6.5997,0.4997
1563.7,1586.7,6.5879,0.49983
985.68,1140.6,6.6126,0.49968
1771.9,1485.5,6.5962,0.49975
759.31,1384.3,6.597,0.49982
1869.1,891.39,6.6306,0.49947
2674.4,848.95,6.639,0.49933
748.98,1478,6.5915,0.49986
457.4,1376.2,6.5954,0.49986
2186.6,1225.3,6.6142,0.49957
742.07,1531.3,6.5877,0.49989
744.77,1496,6.59,0.49987
1961.4,585.31,6.6491,0.49932
886.16,317.16,6.6652,0.49927
2448,1048.9,6.6262,0.49946
2416.6,1179.4,6.6189,0.49952
749.77,624.42,6.6402,0.49948
1324,793.25,6.6334,0.49949
2646.2,1038.8,6.6286,0.49941
2767.1,758.07,6.6455,0.49926
1560.3,1418,6.5994,0.49974
371.72,527.03,6.6427,0.49951
771.35,253.94,6.6712,0.49924
2770.8,732.4,6.647,0.49925
995.44,673.28,6.6385,0.49947
843.17,733.34,6.6341,0.49952
1829.9,861.77,6.6319,0.49946
536.89,1015,6.6158,0.49969
1966.8,500.53,6.655,0.49927
2636.6,1145,6.6227,0.49946
1569.1,867.08,6.6305,0.49949
429.74,489.44,6.6464,0.49947
1864.4,1485.5,6.5963,0.49974
1499.3,1417.7,6.599,0.49974
983.69,698.75,6.6368,0.49949
2665.8,1102.7,6.6249,0.49944
2253.9,911.74,6.6316,0.49943
1214.1,1210.2,6.61,0.49968
2660.2,1033.5,6.6287,0.49941
1598.4,823.94,6.633,0.49947
747.71,288.2,6.6673,0.49927
1082.9,706.04,6.6369,0.49948
2460.2,751.6,6.6421,0.49933
639.57,1147.9,6.61,0.49973
1576.7,1408.7,6.5999,0.49973
1708.5,1488.6,6.5957,0.49976
2731.4,1365.7,6.6112,0.49953
2239.5,915.41,6.6314,0.49944
551.82,627.12,6.6381,0.49952
355.31,1298.6,6.5992,0.49985
1106.3,785.91,6.6324,0.49951
2083.5,1189.8,6.6157,0.49957
1052.7,699.05,6.6372,0.49948
544.53,639.78,6.6369,0.49953
1535.9,1499.5,6.5933,0.49979
2469.2,1120.4,6.6223,0.49948
2471,1077.9,6.6249,0.49946
298.97,987.61,6.6147,0.49974
1619.3,763.37,6.6362,0.49945
1598.7,837.16,6.6321,0.49948
857.73,1431.5,6.5943,0.49983
1567.6,1570.7,6.5887,0.49982
2203.1,890.52,6.6327,0.49943
813.19,1060,6.6156,0.49967
2220.6,1532.4,6.5953,0.49972
2641.6,807.72,6.641,0.49932
766.41,1398.2,6.5962,0.49982
420.13,543.51,6.6418,0.49951
2701.4,1445.1,6.6057,0.49958
1021,340.13,6.6634,0.49928
772.58,1399.2,6.5958,0.49983
1221.5,757.76,6.6346,0.49949
1560.3,434.36,6.658,0.49928
1608.1,1406.4,6.5997,0.49973
2094.2,929.23,6.6294,0.49946
2629.5,1179.1,6.6207,0.49948
1285,756.48,6.6349,0.49948
1108.7,1197.6,6.6098,0.49969
1542.7,1486,6.5945,0.49978
2671.5,677.99,6.6487,0.49925
537.12,1129.9,6.61,0.49974
2667.1,1053.6,6.6277,0.49942
1068.7,688.12,6.6377,0.49947
2344.8,1418.8,6.6041,0.49964
1218,809.62,6.6316,0.49951
1045.1,345.3,6.6629,0.49928
963.09,1424.4,6.5953,0.49981
2665,790.32,6.6417,0.49931
586.03,1443.8,6.5925,0.49987
1211.7,1208.7,6.6098,0.49968
1820.7,906.53,6.6294,0.49948
1029.7,655.89,6.6392,0.49946
2068.6,1187.4,6.6155,0.49957
757.09,1054.4,6.615,0.49968
2641.1,1128.4,6.6229,0.49946
2663.1,785.55,6.642,0.49931
1239.6,748.33,6.635,0.49948
1326.3,791.11,6.633,0.49949
2037.4,1475.8,6.5976,0.49972
2638,1129.6,6.6232,0.49946
291.17,825.84,6.624,0.49967
2674.7,818.47,6.6401,0.49932
405.37,1024.1,6.6138,0.49973
531.3,245.03,6.67,0.49927
1211.3,1026,6.6195,0.4996
2108.9,892.21,6.6321,0.49944
444.91,1106.1,6.6102,0.49975
1238.9,734.86,6.6358,0.49948
1648.7,863.6,6.6313,0.49948
442.49,226.77,6.6716,0.49927
1595.7,1534.3,6.5913,0.4998
378.47,586.59,6.6387,0.49954
621.85,1474.7,6.5904,0.49988
2767.6,1185.3,6.6218,0.49944
1652.7,458.26,6.6566,0.49928
1777,1480.7,6.5959,0.49975
1352,806.56,6.6319,0.4995
2217.6,831.14,6.6358,0.4994
2440.6,721.5,6.6438,0.49932
618.2,1481.4,6.5897,0.49989
2450.8,865.26,6.636,0.49938
1679.3,1080.5,6.619,0.49958
831.32,592.14,6.6421,0.49946
318.73,1270.7,6.5997,0.49985
524.69,628.74,6.6376,0.49953
984.5,1424.5,6.5953,0.49981
2776.8,1097.9,6.6267,0.49941
2675.6,820.79,6.6399,0.49932
618.38,1467.3,6.5906,0.49988
2224.8,919.44,6.6305,0.49944
625.01,685.03,6.635,0.49953
1823.3,1447,6.5983,0.49973
982.87,671.08,6.638,0.49948
670.71,270.92,6.6679,0.49927
2243.2,1523.5,6.5957,0.49972
2667.6,1038.9,6.6283,0.49941
412.49,222.1,6.6719,0.49927
985.42,715.11,6.6354,0.4995
2286.1,1398.3,6.604,0.49965
2357.1,578.14,6.6519,0.49926
2670.7,784.92,6.6423,0.4993
2730.9,519.65,6.6594,0.49916
2058.7,1407.7,6.602,0.49968
339.08,1418.3,6.5912,0.49992
854.91,1484.1,6.5905,0.49986
417.83,980.18,6.6165,0.4997
1586.9,781.76,6.6348,0.49946
978.11,764.84,6.6325,0.49952
857.77,1420.1,6.5946,0.49983
1245.2,694.61,6.6378,0.49946
425.46,1373.8,6.5946,0.49988
371.04,965.84,6.6168,0.49971
2646.2,854.8,6.6385,0.49934
1806.1,1428.8,6.5991,0.49972
440.87,865.59,6.6228,0.49965
2564.6,419.95,6.6651,0.49914
1561.1,1511.5,6.5929,0.49979
1800.9,1092.9,6.6188,0.49957
2785.2,737.44,6.6463,0.49925
2448.9,792.32,6.6392,0.49935
2647.2,1066.4,6.6261,0.49943
362.7,989.6,6.6154,0.49972
2638.9,1123,6.6234,0.49945
2235.6,1121.7,6.6195,0.49953
2664.1,814.31,6.6401,0.49932
754.1,691.13,6.6349,0.49952
1688.2,1509.6,6.5934,0.49978
542,641.79,6.6366,0.49953
1787.3,1462.1,6.597,0.49974
281.08,931.11,6.6175,0.49972
1651,1237.7,6.6101,0.49965
874.65,975.9,6.6201,0.49963
2346,1424.6,6.6036,0.49964
1651.7,806.7,6.6336,0.49946
854.26,1496.6,6.5895,0.49987
1055.4,685.91,6.6374,0.49948
1808.2,1470.9,6.5966,0.49974
360.27,1009.9,6.6138,0.49974
635.17,263.99,6.6683,0.49927
540.62,642.83,6.6364,0.49953
2482.2,703.03,6.6451,0.49931
470.76,299.59,6.6626,0.49934
292.61,886.03,6.6198,0.4997
424.19,597.61,6.6384,0.49953
1731.8,1419.5,6.5995,0.49972
747.9,1456.6,6.5919,0.49986
822.54,701.56,6.6352,0.49951
888.53,962.74,6.6208,0.49962
2261,1436.3,6.6015,0.49967
984.31,1103.9,6.6137,0.49967
1651.9,793.46,6.6343,0.49946
1823.4,908.05,6.629,0.49949
1832.4,1226.6,6.6112,0.49963
2206.7,1233.1,6.6134,0.49958
2672.8,1463.6,6.6036,0.4996
796.26,1429,6.5936,0.49984
519.67,1280.1,6.6011,0.49981
2060.4,1234.7,6.6122,0.4996
2493.7,863.08,6.6355,0.49938
1072,1175.1,6.61,0.49969
2012.2,1256.9,6.6109,0.49961
374.73,1011.2,6.6142,0.49973
663.33,1454.8,6.5911,0.49987
779.06,245.02,6.6719,0.49923
2105.1,1521.7,6.5946,0.49974
720.03,707.38,6.6339,0.49953
2101.6,924.73,6.6294,0.49946
1502.8,1407.5,6.5989,0.49974
1314.6,804.11,6.6318,0.4995
1284.9,1170.1,6.6117,0.49966
1452.7,1515.3,6.5916,0.49981
651.02,1481.1,6.5892,0.49989
2662.5,756.22,6.6432,0.4993
1632.5,762.76,6.6359,0.49945
851.08,1513.3,6.5882,0.49988
1223.5,747.52,6.6346,0.49949
2246.8,819.04,6.6362,0.4994
1970.6,1440.8,6.5989,0.49971
2047.9,1139,6.6175,0.49956
403.16,979.8,6.6156,0.49971
2630.1,1123,6.6231,0.49946
663.95,1396.5,6.5946,0.49985
2437.4,1067.3,6.6238,0.49948
1055.8,728.14,6.6347,0.4995
734.48,644.6,6.6377,0.4995
959.44,1466.7,6.5919,0.49984
1812.7,1224.1,6.6111,0.49963
1187.4,357.67,6.6617,0.49928
283.11,436.62,6.6477,0.49948
2654.8,1099.1,6.6242,0.49945
568.21,1492.1,6.5883,0.49991
2464.1,1149.3,6.6198,0.4995
2239.2,814.41,6.636,0.4994
531.21,638.98,6.6364,0.49953
773.54,1625.7,6.5795,0.49995
1634.2,1160.7,6.6145,0.49961
607.35,651.02,6.6364,0.49952
2690.1,1445.2,6.6048,0.49959
2648.1,1145.1,6.6219,0.49946
839.86,1470.5,6.5913,0.49986
855.13,1497.7,6.5891,0.49987
377.15,1036.6,6.6127,0.49974
971.59,697.04,6.6359,0.49949
2491.2,739.21,6.6422,0.49933
485.61,236.24,6.6702,0.49928
1801.7,1491,6.5948,0.49976
1350.4,749.55,6.6346,0.49948
1552,1461.3,6.5961,0.49976
754.07,691.9,6.6345,0.49952
2767.4,742.28,6.6453,0.49926
662.89,1618.7,6.5794,0.49997
1901.9,487.51,6.6545,0.49928
1589.1,835.69,6.6313,0.49949
279.53,874.03,6.6196,0.49971
1778.3,677.4,6.6413,0.49939
1755.6,1481.7,6.5951,0.49976
2439.2,707.18,6.6445,0.49931
987.78,728.51,6.634,0.49951
607.32,1377.4,6.5952,0.49985
2666.5,819.74,6.6393,0.49933
714.96,288.47,6.6656,0.49929
2780,1202.6,6.6207,0.49945
2429,706.56,6.6439,0.49932
1537.2,1430.3,6.5971,0.49976
1259.5,369.27,6.6608,0.49928
2668.6,1067.2,6.6258,0.49943
749.62,1380.6,6.5963,0.49982
1312.5,733.29,6.6355,0.49947
1849.2,1133.4,6.6161,0.49959
275.23,515.3,6.641,0.49954
349.03,462.48,6.6463,0.49948
661.84,1424.3,6.5927,0.49986
1319.6,708.53,6.6368,0.49946
1286.4,743.07,6.6348,0.49948
409.51,1004.7,6.6145,0.49972
1645.5,803.81,6.6336,0.49946
1659.4,1217.2,6.6104,0.49964
1341.3,1441.6,6.5955,0.49978
796.77,1415.1,6.594,0.49984
1736.7,1406.6,6.5999,0.49972
618.99,1508.3,6.5872,0.49991
1689.3,861.7,6.6299,0.49949
287.34,1002.7,6.6132,0.49975
1449.2,416.49,6.6575,0.49929
2204.7,834.09,6.6347,0.49941
608.22,1392.8,6.5942,0.49986
564.79,251.66,6.6686,0.49928
1034.4,635.11,6.6395,0.49946
748.08,694.57,6.6343,0.49953
1000.9,688.11,6.6364,0.49949
430.78,1558.4,6.5825,0.49997
2071.2,1462.7,6.598,0.49971
2147.9,1536.5,6.5933,0.49974
469.89,233.05,6.6701,0.49928
1565.3,804.95,6.6326,0.49948
2138.1,912.01,6.6296,0.49946
2070.8,534.98,6.6522,0.49929
2101.4,1504.6,6.595,0.49973
1313.5,748.19,6.6345,0.49948
845.32,1458.4,6.5914,0.49985
425.66,1355.6,6.595,0.49987
369.25,223.38,6.6708,0.49929
2247.5,806.33,6.6365,0.4994
2646.3,1156.5,6.6209,0.49947
1074.8,702.32,6.6359,0.49949
383.01,473.75,6.6457,0.49948
1544.1,1480.3,6.5945,0.49978
335.43,433,6.6483,0.49947
606.71,655.85,6.6353,0.49953
762.28,1412.5,6.5939,0.49984
819.01,1401.1,6.5952,0.49983
1083.2,703.98,6.6359,0.49949
977.18,992.82,6.619,0.49963
1596.5,757.46,6.6352,0.49946
1631.6,1187.1,6.6126,0.49963
1347.3,715.77,6.6363,0.49946
2200.8,1158.2,6.6166,0.49956
2449.4,758.41,6.6404,0.49935
2174.8,980.65,6.6264,0.49948
571.66,530.54,6.6434,0.49947
1484.2,1472,6.5945,0.49978
1925.3,899.91,6.6289,0.49948
819.02,1401.9,6.5951,0.49983
1574.2,792.99,6.6333,0.49947
1076.4,662.5,6.638,0.49947
1330.8,1464.9,6.5934,0.4998
2767.2,730.84,6.6456,0.49926
384.95,216.62,6.6714,0.49928
1045.5,696.82,6.636,0.49949
375.58,584.58,6.6374,0.49955
1792,1406.2,6.5999,0.49972
747.8,676.43,6.6352,0.49952
616.92,542.26,6.6429,0.49947
2779.7,1102.1,6.6257,0.49941
2361.5,595.59,6.6499,0.49928
666.02,1439.6,6.5914,0.49987
725.02,711.07,6.6332,0.49954
1835,1404.8,6.5999,0.49971
385.61,1385.7,6.5927,0.4999
302.94,989.4,6.6136,0.49975
1044.4,698.9,6.6357,0.49949
836.09,1418.9,6.5937,0.49984
1702.4,465.05,6.6547,0.4993
1780.9,1427.7,6.5985,0.49973
606.97,588.88,6.6399,0.4995
1783.8,1605.7,6.5853,0.49983
2195.4,1528,6.594,0.49973
551.63,641.78,6.6359,0.49954
288.92,813.62,6.6235,0.49967
395.36,477.82,6.6454,0.49948
1315.8,789.29,6.6319,0.4995
2085.4,1516.2,6.5942,0.49974
1613.2,1111.7,6.6156,0.49961
285.86,977.56,6.6142,0.49975
832.64,713.03,6.6335,0.49953
484.88,682.7,6.6327,0.49957
1864.4,1179.6,6.6141,0.4996
929.12,390.87,6.6566,0.49934
2466.6,1140.8,6.6198,0.4995
2176.5,978.79,6.6264,0.49948
2450.9,880.24,6.6334,0.4994
1326.3,1086.8,6.6154,0.49963
545.8,1039.7,6.6135,0.49971
2628.2,1141.4,6.6212,0.49947
2227.2,886.98,6.6313,0.49944
1775.8,673.33,6.641,0.4994
2480.9,1025.7,6.626,0.49945
548.7,248.29,6.6686,0.49928
2017.9,616.31,6.6464,0.49934
2713.4,1454.4,6.6039,0.4996
1560.2,1400.5,6.5988,0.49974
498.17,414.83,6.6511,0.49942
977.53,762.26,6.6315,0.49953
1283,1048.8,6.6171,0.49962
2606.7,426.34,6.6636,0.49914
614.03,270.85,6.6667,0.49929
293.38,819.5,6.6231,0.49968
1352.5,1057.2,6.617,0.49961
541.72,624.16,6.6367,0.49953
2300.3,1395.3,6.6032,0.49965
1912.6,1421.9,6.599,0.49972
826.06,706.37,6.6334,0.49953
2065.1,1207.3,6.6131,0.49959
2139.4,888.64,6.6305,0.49945
1597.8,1214.4,6.6097,0.49965
636.76,264.32,6.6673,0.49928
1471.7,1465.7,6.5941,0.49978
2651.5,721.29,6.6441,0.49929
784.35,582.03,6.6413,0.49947
1902.1,1138.1,6.6156,0.49959
568.71,1528.5,6.5852,0.49993
424.11,534.99,6.6416,0.49951
825.74,706.17,6.6339,0.49952
546.74,573.03,6.6402,0.4995
2243.2,1521.5,6.5947,0.49972
622.02,1451.1,6.5906,0.49988
1729.1,1471,6.5947,0.49976
650.91,919.71,6.6205,0.49964
731.92,685.93,6.6344,0.49953
1008.8,654.4,6.6378,0.49948
649.22,1507.1,6.587,0.49991
1787.1,682.74,6.6405,0.4994
2108.2,906.08,6.6299,0.49946
412.4,221.74,6.6706,0.49928
829.39,1511.8,6.5873,0.49989
1287.2,701.11,6.6368,0.49947
2647.3,807.53,6.6397,0.49933
774.12,1623.4,6.579,0.49996
1352.5,1044.1,6.618,0.49961
2236.2,808.51,6.6359,0.4994
2450.9,820.61,6.6364,0.49938
2425.6,1122.9,6.6202,0.49951
1046.1,712.65,6.6346,0.4995
376.11,518.55,6.6421,0.49951
507.69,1078.2,6.611,0.49974
335.69,206.1,6.6719,0.49929
2662.7,1058,6.6262,0.49943
424.83,601.8,6.6364,0.49955
2662.7,688.34,6.6464,0.49927
1041.8,653.03,6.6382,0.49947
610.44,1408.1,6.5927,0.49987
571.4,646.19,6.6351,0.49954
520.34,657.53,6.6343,0.49955
1852.6,810.51,6.633,0.49945
798.08,1426.6,6.5926,0.49985
2659,1154.1,6.6202,0.49948
846.91,1527.6,6.5867,0.49989
2059.4,946.33,6.6271,0.49948
1058.5,727.42,6.6335,0.49951
1209.5,1585.6,6.5838,0.49989
1626.2,744.77,6.6355,0.49945
1817.4,1475.7,6.5951,0.49975
487.97,234.95,6.6696,0.49928
1651.8,817.05,6.6324,0.49947
2226.1,1132.8,6.618,0.49954
847.5,1506.9,6.5879,0.49988
436.33,880.09,6.6207,0.49967
412.02,222.22,6.6704,0.49928
2771.3,1178.1,6.621,0.49945
1950.7,1370.8,6.6027,0.49968
2236.2,810.49,6.6356,0.4994
472.8,232.14,6.6698,0.49928
2638.1,1036.8,6.6267,0.49943
619.31,261.22,6.6673,0.49928
1852.6,1165.3,6.6137,0.49961
2445.6,840.54,6.6356,0.49938
1491.6,1415.6,6.5973,0.49976
751.73,693.65,6.6338,0.49953
514.9,515.53,6.6435,0.49948
427.2,1390.4,6.5927,0.49989
1280.4,1150.3,6.6115,0.49966
2077.3,925.48,6.6278,0.49948
2341.4,705.48,6.6421,0.49934
2651.8,1124.8,6.6218,0.49947
1321.5,1462.8,6.5933,0.4998
608.06,1421.1,6.5918,0.49987
2673.4,678.34,6.6471,0.49926
2753.6,1184.9,6.6201,0.49946
2468.3,1121,6.6204,0.4995
2168.3,1522.9,6.594,0.49974
403.33,597.75,6.6367,0.49955
394.46,224.84,6.67,0.49929
617.9,1414,6.5928,0.49987
640.61,933.48,6.6194,0.49965
1537.6,1475.7,6.5932,0.49979
1617.6,1151,6.6132,0.49963
554.26,598.72,6.638,0.49952
248.39,420.6,6.6473,0.4995
1931,1493.7,6.594,0.49975
609.12,1360.4,6.5954,0.49985
543.28,1057.4,6.6118,0.49973
2206.2,821.13,6.6347,0.49941
990.53,689.23,6.6361,0.49949
373.72,587.09,6.637,0.49955
579.99,1511.3,6.5856,0.49993
1285.1,795.13,6.6306,0.49951
310.11,1063.9,6.61,0.49978
1506.2,1415.2,6.5978,0.49975
2255.9,943.68,6.6279,0.49946
424.25,234.6,6.6692,0.49929
2428.9,1130.6,6.619,0.49951
2025.9,524.85,6.6519,0.49929
1211.7,372.06,6.6596,0.49929
2774.9,1048.5,6.6273,0.4994
2185.5,564,6.6503,0.49929
1805.9,1416.8,6.5987,0.49973
1325.7,1469.1,6.5925,0.49981
1464.5,404.67,6.6577,0.49929
429.44,1420,6.5908,0.49991
696.01,347.65,6.6583,0.49934
2134.4,1419.5,6.6006,0.49969
2140.2,935.73,6.6275,0.49947
557.31,526.53,6.6429,0.49948
777.14,227.31,6.6731,0.49922
616.65,644.52,6.6355,0.49953
761.64,272.85,6.6672,0.49927
802.69,610.69,6.6391,0.49948
2232.3,1151.1,6.6164,0.49955
1590.7,795.66,6.6324,0.49948
1002,702.96,6.6346,0.4995
412.53,1021.3,6.6128,0.49974
2643.1,444.86,6.662,0.49915
460.62,1342.3,6.5952,0.49987
427.67,1387.1,6.5928,0.49989
1845.6,1217.7,6.6106,0.49963
1123.2,1013.6,6.618,0.49962
1553.2,1415.5,6.5973,0.49975
2102.2,844.68,6.6326,0.49944
747.94,647.25,6.6363,0.49951
594.6,657.23,6.6345,0.49954
2381.6,573.42,6.6504,0.49927
1871.1,1402.3,6.5995,0.49972
832.3,711.25,6.633,0.49953
2771.1,1061.5,6.6268,0.49941
429.62,223.74,6.6702,0.49928
753.37,1453.2,6.5908,0.49987
1950.7,1374.1,6.602,0.49969
2776.7,730.35,6.6446,0.49927
522.36,658.68,6.634,0.49955
2632.7,1168.7,6.6192,0.49949
1908.7,1104.1,6.6173,0.49957
2052.5,1237.5,6.6104,0.49962
814.32,1384,6.5954,0.49983
454.25,1394.6,6.5924,0.49989
908.9,326.85,6.6623,0.49929
2127.8,1437.1,6.5991,0.4997
667.41,1379.4,6.5944,0.49985
778.87,581.01,6.6404,0.49948
374.47,212.8,6.671,0.49929
540.61,1604.4,6.5789,0.49998
2424.4,1157.3,6.6174,0.49953
1773.6,1470.3,6.5948,0.49976
2134.2,1408.5,6.6006,0.49969
2065.7,930.61,6.6281,0.49948
399.33,585.01,6.6372,0.49955
763.15,667.79,6.6351,0.49952
644.37,986.96,6.6162,0.49968
2106.2,1187.1,6.6134,0.49959
1585.7,438.11,6.6558,0.49929
766.99,576.85,6.6409,0.49947
758.53,599.48,6.6393,0.49949
782.12,667.08,6.6348,0.49952
257.19,424.84,6.6468,0.4995
2643.1,778.31,6.6406,0.49932
2155.4,1532.9,6.5923,0.49975
2056.8,1407.6,6.6001,0.4997
257.82,527.39,6.6391,0.49956
1742.2,1382.5,6.6003,0.49972
2479.1,1037.7,6.6247,0.49947
1604.8,765.23,6.6338,0.49947
1582.1,818.84,6.6306,0.49949
2699.3,1441.5,6.6036,0.4996
797.14,634.53,6.6375,0.4995
619.73,1448.5,6.59,0.49989
2764.7,1077.9,6.6256,0.49942
872.22,1362.5,6.5969,0.49981
2443,714.61,6.6423,0.49933
592.34,1067.9,6.6114,0.49972
2121.9,1441.2,6.5989,0.4997
2714.8,1377.6,6.608,0.49956
1794,1399.3,6.5994,0.49972
1889.1,866.15,6.6302,0.49947
2735.2,1361.9,6.6092,0.49955
577.82,639.55,6.6353,0.49954
411.29,1416.9,6.5906,0.49991
779.7,1476.2,6.5894,0.49988
2657.3,1077.9,6.6238,0.49945
1779.4,1459.8,6.5954,0.49975
395.63,592.04,6.6362,0.49955
372.65,213.44,6.6707,0.49929
2469.5,1040.2,6.624,0.49947
2647.7,1148.1,6.6204,0.49948
1230.6,1597.9,6.5829,0.49989
570.59,615.95,6.6363,0.49953
1278,703.31,6.6356,0.49947
620.5,1483.9,6.5876,0.49991
2635.4,1148.1,6.6202,0.49948
639.52,262.78,6.6668,0.49928
625.01,1493.5,6.5871,0.49991
840.63,1493.1,6.5883,0.49988
2349.2,1526.4,6.5944,0.49972
612.12,565.03,6.6404,0.49949
977.22,710.93,6.6337,0.49951
2095.2,1239.4,6.6103,0.49961
2136.7,1551.1,6.5914,0.49976
666.07,1512.5,6.5857,0.49992
1501.9,1378.8,6.5992,0.49974
432.15,607.55,6.6359,0.49955
2339.6,708.61,6.6415,0.49935
2781.4,728.48,6.645,0.49926
1886.1,1436,6.5975,0.49973
424.65,599.85,6.6361,0.49955
1628.5,823.4,6.6304,0.49949
277.37,542.5,6.638,0.49956
531.29,635.55,6.6352,0.49954
792.14,690.05,6.6337,0.49953
541.96,595.25,6.6377,0.49952
2022.2,1443.9,6.5979,0.49972
398.09,1386.1,6.5918,0.4999
2683.8,762.31,6.6413,0.49931
647.03,987.11,6.6161,0.49968
517.66,855.97,6.622,0.49965
2100.8,1212,6.6118,0.4996
2354,1532.3,6.5939,0.49972
655.38,1627.9,6.5773,0.49998
2479.7,1083.7,6.6216,0.49949
2815.2,505.52,6.6592,0.49914
764.91,1425.7,6.5919,0.49986
340.01,1380.8,6.5916,0.49991
1826.8,1242.4,6.609,0.49964
585.5,644.44,6.6351,0.49954
1801.5,1498.2,6.5928,0.49977
2128.9,1417.7,6.5997,0.49969
414.97,220.71,6.6701,0.49929
2668.2,782.95,6.6405,0.49932
667.99,1363.2,6.595,0.49984
382.9,544.33,6.6394,0.49953
2638.5,1033.7,6.6262,0.49943
2032,1116.2,6.6169,0.49957
