1804.4,558.36,6.7877,0.49834
792.24,285.06,6.7811,0.49845
943.7,280.56,6.777,0.49846
925.93,281.24,6.7756,0.49847
731.83,274.57,6.77,0.49853
1953.5,176.22,6.7817,0.49834
2151.8,221.21,6.7735,0.49839
1995.8,247.6,6.7689,0.49843
901.73,274.79,6.7631,0.49856
2025.5,248.53,6.7652,0.49846
2211.7,222.72,6.768,0.49842
645.18,296.49,6.7541,0.49865
635.2,290.49,6.7529,0.49866
561.27,253.7,6.7566,0.49864
831.41,206.63,6.7633,0.49856
627.05,290.6,6.7517,0.49867
2273.5,244.62,6.7601,0.49847
2293,228.19,6.7596,0.49847
521.07,231.6,6.7504,0.49869
1626.1,1211.2,6.6871,0.49909
575.49,307.23,6.7372,0.49878
567.34,286.52,6.7387,0.49877
488.11,248.69,6.742,0.49875
566.2,305.18,6.7355,0.49879
2370.5,235.76,6.7501,0.49853
1828.6,1331.6,6.676,0.49916
1792.1,1249.7,6.6793,0.49913
2804.8,1304,6.677,0.49903
754.11,283.97,6.724,0.49885
2486,236.3,6.7349,0.49862
2651,1419.4,6.6596,0.49919
741.67,289.81,6.7198,0.49888
2801.6,1352.5,6.6651,0.49912
642.14,1494.2,6.6378,0.49953
2280,300.03,6.7216,0.49874
591.44,606.78,6.6867,0.49915
638.41,1517.8,6.633,0.49956
2555.4,708.48,6.6907,0.49895
2628.3,1453.9,6.6491,0.49927
513,292.26,6.7099,0.49898
512.32,293.42,6.7092,0.49898
587,771.92,6.6741,0.49925
616.2,768.42,6.6737,0.49925
2542.9,250.17,6.723,0.4987
1742,1461.6,6.638,0.49944
608.08,633.9,6.6787,0.49921
2539.6,736.93,6.6829,0.49901
2569.7,726.86,6.6827,0.49901
661.52,443.89,6.6894,0.49911
602.26,505.58,6.6842,0.49916
572.89,508.76,6.6836,0.49917
2569.9,930.63,6.6699,0.49911
471.54,354.6,6.6945,0.4991
2572.5,266.45,6.7156,0.49875
2578.2,254.44,6.7169,0.49874
2466.2,470.4,6.6964,0.49891
563.18,805.07,6.6633,0.49933
2580.9,255.13,6.7162,0.49874
611.2,1005,6.6522,0.49941
2564.8,742.09,6.6784,0.49904
2570,725.12,6.6794,0.49903
333.19,291.85,6.6963,0.4991
2562.8,731.21,6.6775,0.49905
1460.2,1323.3,6.6374,0.49945
1438.4,1326.9,6.637,0.49946
569.84,820.94,6.6591,0.49936
2514.5,618.89,6.683,0.49901
2321.3,960.19,6.6623,0.49919
579.25,1034.3,6.647,0.49945
598.57,817.19,6.6587,0.49936
617.88,1206.2,6.6374,0.49952
2589,273.78,6.7102,0.49879
2550.8,756.98,6.6739,0.49908
587.62,824.32,6.6574,0.49937
702.29,726.17,6.6641,0.4993
1651.5,1442.9,6.6284,0.49951
2542.9,758.92,6.6731,0.49908
567.45,812.72,6.6575,0.49937
1654.8,1493.2,6.6245,0.49954
2553.8,385.06,6.6974,0.49889
1741.7,1035.5,6.6516,0.49932
2571.3,730.88,6.6736,0.49908
595.93,810.93,6.6567,0.49937
556.43,821.86,6.6556,0.49939
2541.1,749.44,6.6717,0.49909
2350.5,309.92,6.7022,0.49888
587.67,856.45,6.6532,0.4994
2375.9,974.92,6.6583,0.49922
2555.9,283.94,6.705,0.49883
579.97,700.75,6.661,0.49934
587.8,1236,6.6313,0.49957
595.1,1028.4,6.6427,0.49948
2506.6,274.43,6.7056,0.49883
2597.2,959.29,6.6588,0.49919
615.43,1206,6.6326,0.49956
578.29,686.4,6.6611,0.49934
2550.6,758,6.6692,0.49911
750.94,797.73,6.6558,0.49936
747.56,746.72,6.6585,0.49934
587.98,686.71,6.6606,0.49934
549,693.83,6.6597,0.49935
2589.6,981.58,6.6565,0.4992
1408.6,1352.6,6.6279,0.49953
2565.2,394.81,6.693,0.49892
2359.9,317.35,6.6985,0.4989
2565.5,746.37,6.6687,0.49911
2567.2,1157.7,6.646,0.49929
557.93,880.75,6.6482,0.49944
632.7,338.44,6.6863,0.49913
583.75,834.02,6.6509,0.49942
607.22,1237.4,6.629,0.49959
558.37,696.55,6.6585,0.49936
2549.4,650.37,6.6738,0.49907
603.79,1016.6,6.6409,0.49949
2562.4,961.14,6.6562,0.49921
563.87,821.19,6.6511,0.49942
1772.6,1124.8,6.6418,0.49939
558.32,886.16,6.6471,0.49945
553.54,825.74,6.6502,0.49943
1461.6,1363.1,6.6253,0.49954
587.13,1228.8,6.6282,0.49959
550.15,724.09,6.6554,0.49938
543.28,547.84,6.6665,0.4993
2570.6,290.88,6.7002,0.49886
2582.9,775.44,6.6647,0.49914
2576.5,398.72,6.6905,0.49894
1582.9,384.09,6.6854,0.49907
547.22,688.89,6.6569,0.49937
2384,410.99,6.688,0.49898
2560.2,948.76,6.655,0.49922
2586.6,972.03,6.654,0.49922
605.13,1045.5,6.6373,0.49952
585.86,683.72,6.6574,0.49936
597.71,1073.2,6.6356,0.49953
557.12,688.5,6.6567,0.49937
2303,1015.3,6.6491,0.49929
626.39,339.35,6.6838,0.49915
2546.7,793.3,6.6629,0.49916
340.35,936.67,6.6403,0.49953
715.97,764.02,6.6534,0.49938
323.37,305.78,6.6829,0.4992
565.69,1040.2,6.6366,0.49953
575.72,1037.1,6.6368,0.49953
2569.2,970.77,6.653,0.49923
542.2,538.17,6.6656,0.49931
2324.5,1017.1,6.6485,0.4993
582.42,828.17,6.6479,0.49944
2567.2,936.48,6.6544,0.49922
592.58,826.82,6.6479,0.49944
1671.6,1488.6,6.6163,0.4996
792.33,434.58,6.6748,0.49921
546.2,677.15,6.656,0.49938
571.57,567.44,6.6632,0.49932
1308.2,1606.8,6.6054,0.49971
2568,954.49,6.6532,0.49923
597.83,1076.2,6.6341,0.49955
432.66,438.95,6.6711,0.49928
2585.2,1172.7,6.6414,0.49932
1422.6,1359.9,6.6227,0.49957
2352.5,1018.6,6.6476,0.4993
606.91,1231,6.6253,0.49961
577.46,1062.2,6.6343,0.49955
2568.3,764.14,6.6632,0.49915
320.64,641.53,6.6552,0.49942
2556.9,763.09,6.6627,0.49916
1220.2,1213.4,6.6298,0.49952
567.84,1066.9,6.6337,0.49955
2582.4,410.68,6.6865,0.49897
2559.2,781.7,6.6615,0.49917
2079.6,384.16,6.6855,0.49903
570.2,554.79,6.6632,0.49932
575.66,693.55,6.6544,0.49939
1159.8,1515.3,6.6103,0.49968
2584.6,960.28,6.6522,0.49924
647.95,477.89,6.6693,0.49926
432.84,440.41,6.67,0.49928
2582.1,766.22,6.6623,0.49916
1497.4,392.52,6.6813,0.4991
2366.3,371.84,6.6877,0.49898
2551.4,762.27,6.6625,0.49916
1220,1219,6.6288,0.49953
2592.9,962.01,6.6517,0.49924
2538.8,526.63,6.6773,0.49905
694.8,746.17,6.6517,0.4994
2372.6,1021.2,6.6465,0.49931
551.42,558.45,6.662,0.49933
2560.4,648.87,6.6688,0.49911
2597.8,387.91,6.6875,0.49896
571.43,1094.7,6.6311,0.49957
2550.1,294.33,6.6962,0.4989
1205.2,1384.5,6.6185,0.49961
770.33,825.3,6.6474,0.49942
990.25,403.26,6.6768,0.49917
569.57,543.4,6.6629,0.49932
1056.4,414.11,6.6759,0.49918
1924.7,388.81,6.683,0.49906
2561.1,802.37,6.6591,0.49919
2445.1,240.81,6.7019,0.49887
1406.1,1235,6.6282,0.49952
2543.5,764.95,6.6613,0.49917
2552.2,768.04,6.6611,0.49917
2586.2,804.82,6.6591,0.49918
319.1,539.25,6.6601,0.49938
2587.9,413.98,6.6846,0.49898
239.77,548.41,6.6581,0.49941
588.65,1225.1,6.6234,0.49963
580.32,1247.6,6.6221,0.49964
551.04,546.89,6.6618,0.49933
616.86,1214.4,6.6241,0.49962
1392.2,519.98,6.6696,0.4992
2544.1,769.14,6.6604,0.49918
2557.2,821.54,6.6576,0.4992
2582,1159.1,6.6394,0.49934
2761.9,799.97,6.6615,0.49914
1761.2,1077,6.6383,0.49942
2394.1,317.44,6.6914,0.49895
249.52,862.2,6.6388,0.49956
579.7,559.97,6.6607,0.49934
1070.1,404.68,6.6759,0.49917
1141.4,1485,6.6104,0.49968
2536.8,652.12,6.6669,0.49913
2815.3,762.57,6.6636,0.49911
646.05,489.1,6.6659,0.49929
697.02,476.81,6.6674,0.49927
1325,399.9,6.6776,0.49914
2321.2,1056.2,6.6425,0.49934
2447,236.55,6.7009,0.49887
327.12,551.05,6.6583,0.49939
2450.6,244.14,6.7003,0.49888
649.64,478.47,6.6669,0.49928
320.24,601.65,6.6548,0.49942
328.21,610.1,6.6543,0.49942
321.04,632.84,6.6528,0.49944
2318.5,1122.3,6.6387,0.49937
1419.7,1243.8,6.6265,0.49954
353.95,381.43,6.6714,0.49929
628.21,413.82,6.672,0.49924
248.07,832.81,6.6399,0.49955
417.52,415.24,6.6692,0.49929
596.56,1045.3,6.6323,0.49956
2802.5,786.28,6.6617,0.49913
2530.3,498.71,6.6766,0.49905
1304.7,401.21,6.6769,0.49915
642.37,425.82,6.6703,0.49926
2575.6,311.73,6.693,0.49892
580.23,1231.4,6.6217,0.49964
2475.6,565.38,6.6716,0.4991
2602.2,389.59,6.6854,0.49897
605.3,1022.8,6.6332,0.49955
2738.5,360.18,6.69,0.49892
572.24,872,6.6408,0.49949
2573.8,314.21,6.6928,0.49892
2291.5,794.25,6.6559,0.49924
602.57,882.26,6.6404,0.49949
1827,404.87,6.6789,0.4991
2767.6,1199.9,6.6388,0.49931
378.91,1509.7,6.6026,0.49982
2596.3,970.07,6.6482,0.49927
572.93,1099.7,6.6286,0.49959
511.83,567.12,6.6587,0.49936
240.37,545.22,6.6564,0.49943
543.1,582.06,6.6578,0.49936
319.86,573.41,6.6559,0.49941
2571.4,966.51,6.6481,0.49927
1243.7,1405.4,6.6149,0.49964
574.02,890.99,6.6394,0.4995
2560.7,638.91,6.6668,0.49912
2228.9,388.99,6.6825,0.49904
575.67,687.6,6.6512,0.49941
1845.6,394.84,6.6796,0.49909
2297.8,1059.3,6.6409,0.49936
600.27,847.72,6.6417,0.49948
2297.8,1062.6,6.6407,0.49936
794.82,439.73,6.6695,0.49925
2527,515.66,6.6743,0.49907
2337.4,743.74,6.6585,0.49921
329.47,644.59,6.6509,0.49945
2501.3,516.05,6.674,0.49908
1138.1,507.05,6.6665,0.49924
2295.7,388.73,6.6825,0.49903
2818.8,795.67,6.6603,0.49913
2285.9,745.6,6.6579,0.49922
2554.2,1157.2,6.6373,0.49936
1702.1,496.97,6.6702,0.49917
592.53,707.14,6.6494,0.49942
643.22,495.89,6.6637,0.49931
596.28,1028.5,6.6318,0.49956
2720.5,857.56,6.6557,0.49919
601.81,867.6,6.6402,0.49949
1391.6,401.86,6.6761,0.49915
320.87,604.75,6.653,0.49944
1300.6,415.49,6.6741,0.49917
1527.4,1379.9,6.6173,0.4996
2583.2,990.26,6.6463,0.49928
2527.5,640.01,6.6656,0.49914
568.58,1038.5,6.6308,0.49957
585.73,1275.8,6.6178,0.49967
1547.4,411.17,6.6757,0.49914
1657.8,1495.4,6.6102,0.49965
2557.6,824.51,6.655,0.49922
643.26,429.53,6.6686,0.49927
2011,393.97,6.6798,0.49908
2825.3,906.11,6.6538,0.49918
1654.7,398.68,6.6775,0.49912
2358.8,388.61,6.6824,0.49903
1784.7,1148.1,6.6321,0.49947
2769.2,839.33,6.6565,0.49917
1154.9,407.43,6.674,0.49918
1366.4,1285.5,6.6219,0.49957
2811.3,923.78,6.6525,0.4992
2367.4,1123.1,6.6371,0.49938
767.57,784.71,6.6461,0.49943
1760.8,397.97,6.6779,0.49911
2051.8,393.82,6.6798,0.49907
594.1,725.55,6.6477,0.49944
1240.5,405.67,6.6743,0.49917
2591,952.9,6.648,0.49927
1695.6,1035.6,6.638,0.49943
2087.8,1022.5,6.641,0.49937
329.52,634.52,6.6505,0.49945
233.09,545.15,6.6549,0.49944
1273.2,934,6.6402,0.49944
2595.7,990.67,6.6455,0.49929
622.64,1426.6,6.6085,0.49974
2596.8,403.79,6.6824,0.499
2381.2,379.25,6.6825,0.49902
585.97,1274.7,6.6173,0.49968
2590.1,1184.4,6.6349,0.49937
736.03,467.49,6.6659,0.49928
2531,658.01,6.6638,0.49915
972.48,537.64,6.6626,0.49929
569.25,538.6,6.6593,0.49935
2726.4,476.51,6.6778,0.49901
2578.8,1146.6,6.6369,0.49936
2754.1,383.24,6.6854,0.49895
610.48,1226.1,6.62,0.49965
1199,407.56,6.6734,0.49918
2012,1026.8,6.6398,0.49939
816.01,1452.9,6.6076,0.49973
538.89,289.87,6.6807,0.49919
2395.5,1353.8,6.6233,0.49948
1134.6,409.57,6.6728,0.49919
319.88,548.63,6.6555,0.49942
1676.1,400.5,6.6764,0.49913
2532.8,534.24,6.6714,0.49909
1976.7,494.25,6.6703,0.49915
1151.5,1248.5,6.6218,0.49959
2332.4,391.02,6.6808,0.49904
390.56,1511.6,6.6003,0.49984
2509.8,505.13,6.6731,0.49908
1786.2,399.09,6.6769,0.49912
1612.7,401.22,6.6757,0.49914
240.67,538.91,6.6546,0.49944
653.18,478.23,6.664,0.4993
1413.5,404.65,6.6744,0.49916
1106.2,1289.4,6.6189,0.49962
355.32,1096.8,6.6243,0.49965
2265.2,750.58,6.6556,0.49924
2499.8,299.62,6.6904,0.49895
1480.2,403.69,6.6747,0.49915
579.87,1039.8,6.6293,0.49958
1371.4,1244.1,6.6231,0.49956
2771.3,867.1,6.6536,0.4992
1056.8,423.66,6.6703,0.49922
2458.2,534.83,6.6701,0.49911
2583.7,832.58,6.6532,0.49923
2218.5,393.47,6.6795,0.49906
1831.5,410.06,6.6756,0.49912
603.05,1091.5,6.6265,0.4996
2165,394.69,6.679,0.49907
558.49,697.56,6.6479,0.49944
2806.3,818.73,6.6566,0.49916
1134.7,1514.6,6.6045,0.49973
566.1,734.74,6.6454,0.49946
2741.8,1455.2,6.6194,0.49947
1784.3,1084.3,6.6338,0.49945
258.99,878.44,6.6341,0.4996
1151.3,1441.1,6.6095,0.49969
2037.1,396.72,6.6779,0.49909
1459,404.98,6.674,0.49916
2540,519.21,6.6717,0.49909
634,564.52,6.6572,0.49936
1331.2,1304.9,6.6186,0.4996
2184.7,394.7,6.6788,0.49907
1176.9,410.06,6.672,0.4992
328.91,588.85,6.6519,0.49944
2538.8,644.5,6.6634,0.49915
1031.9,412.8,6.6709,0.49922
2570.2,988.89,6.6438,0.4993
1893.4,399.22,6.6767,0.49911
2477.4,548.02,6.6692,0.49912
587.24,694.1,6.6481,0.49943
2587.6,1185.9,6.6334,0.49938
2570.1,953.74,6.6457,0.49929
2344.4,800.35,6.6527,0.49926
2364.9,1122.2,6.6353,0.49939
2555.7,510.4,6.6722,0.49908
240.53,479.38,6.6581,0.49941
322.34,627.24,6.6493,0.49946
2445.4,1391.2,6.6203,0.4995
565.49,717.76,6.6461,0.49945
2485.3,294.65,6.6903,0.49895
586.82,572.1,6.6553,0.49938
1456.6,1288.6,6.6199,0.49958
2528.8,506.71,6.6722,0.49909
2724.4,458.5,6.6776,0.49902
2547.3,523.75,6.6709,0.49909
2723.8,829.32,6.6543,0.4992
2254.8,393.46,6.679,0.49906
2556.2,954.6,6.6456,0.49929
1809.3,401.61,6.6758,0.49912
1261.5,1242.7,6.6216,0.49958
2808.8,860.64,6.6537,0.49919
593.58,697.15,6.6473,0.49944
2319.5,393.11,6.6794,0.49905
934.05,415.43,6.6696,0.49923
2563.9,1162.4,6.634,0.49938
1873.1,400.22,6.6761,0.49911
240.78,526.91,6.6543,0.49944
1152.5,1257.7,6.6199,0.49961
1438.1,405.93,6.6732,0.49917
1494.8,1608.2,6.5983,0.49975
1335.9,1196.7,6.6241,0.49956
1548.4,404.29,6.6739,0.49915
541.83,544.73,6.6567,0.49937
1286.3,409.25,6.6721,0.49919
477.07,327.19,6.6747,0.49924
580.6,557.06,6.6562,0.49937
1591.6,1497.5,6.6076,0.49967
2765,407.93,6.6819,0.49897
750.26,818.71,6.6416,0.49947
2288.7,393.95,6.6789,0.49906
1069.6,962.88,6.6356,0.49949
2503.7,508.21,6.6715,0.4991
328.91,578.14,6.6519,0.49944
434.17,442.47,6.6628,0.49934
953.31,415.51,6.6694,0.49923
647.48,509.46,6.6599,0.49934
1420,397.81,6.6733,0.49917
1259.7,1330.4,6.616,0.49963
888.78,520.16,6.6607,0.49931
329.94,608.89,6.6498,0.49946
2487.2,289.38,6.6906,0.49895
2558.8,1162.7,6.6338,0.49938
321.05,567.66,6.6523,0.49944
2738.9,1452.7,6.6187,0.49947
907.17,423.17,6.6688,0.49924
450.73,784.09,6.6404,0.49951
1550.7,416.2,6.6723,0.49917
262.77,924.32,6.6306,0.49962
557.91,561.77,6.655,0.49938
609.96,1037.5,6.6281,0.49959
2271,805.26,6.6509,0.49928
2366.7,1062.1,6.6375,0.49938
2649.7,572.92,6.6683,0.4991
2810.7,901.74,6.6508,0.49921
2536.1,535.07,6.6694,0.49911
749.85,467.58,6.6635,0.4993
1998.5,399.63,6.6762,0.4991
420.72,453.57,6.6617,0.49935
2765,406.54,6.6815,0.49898
2319.2,753.01,6.6541,0.49925
2754.6,429.23,6.6793,0.499
2049.5,409.26,6.6753,0.49911
628.99,430.56,6.6654,0.4993
293.87,1176.9,6.6172,0.49972
1012.4,415.42,6.6693,0.49923
322.02,598.23,6.65,0.49946
614.09,378.89,6.6701,0.49926
557.46,547.94,6.6556,0.49938
2759.2,385.22,6.683,0.49897
320.55,531.89,6.6544,0.49942
716.81,765.87,6.6437,0.49946
1350.7,408.94,6.6717,0.49919
1181.9,402.85,6.6711,0.4992
1140.1,1392.6,6.6111,0.49968
2823,842.23,6.654,0.49918
2682.8,509.82,6.6728,0.49906
2772,869.46,6.6518,0.49921
2703.5,348.21,6.6854,0.49896
2570.6,939.56,6.6452,0.49929
1526.4,406.22,6.6729,0.49916
2240.8,386.65,6.6782,0.49907
241.11,511,6.6546,0.49944
2581.6,957.19,6.6447,0.4993
1388.7,1260.5,6.6201,0.49959
447.61,343.91,6.6714,0.49927
1238.5,1313.1,6.616,0.49963
629.88,614.55,6.6524,0.4994
2750.1,409.55,6.6806,0.49899
947.98,1562.4,6.5988,0.49979
558.85,577.57,6.6534,0.4994
617.94,1059.7,6.6262,0.4996
1129.7,1516.2,6.6025,0.49974
2773.3,908.31,6.6493,0.49923
247.32,568.92,6.6504,0.49947
1497.9,1385.2,6.6132,0.49963
234.4,532.24,6.6526,0.49946
1725.2,404.08,6.6737,0.49914
1747.5,403.75,6.6739,0.49914
2805.5,792.57,6.6562,0.49917
1980.1,400.56,6.6754,0.49911
2264.3,728.85,6.6546,0.49925
2215,1445,6.6135,0.49958
1258,1345.1,6.6139,0.49964
1917.8,401.54,6.6749,0.49912
619.85,1079.2,6.6249,0.49961
2550.5,1145.2,6.6337,0.49938
1052.3,415.54,6.669,0.49923
1352.5,1008.5,6.6334,0.49949
590.09,1275.3,6.6141,0.4997
2353.5,394.59,6.6781,0.49906
1303.8,422.55,6.6696,0.49921
1115.2,414.71,6.6694,0.49922
2263.3,407.24,6.6761,0.49908
2236.2,1445.1,6.6134,0.49958
331.69,640.51,6.6468,0.49948
2548.7,1163.9,6.6325,0.49939
1527.2,1378.3,6.6131,0.49963
334.57,666.26,6.645,0.49949
2384.1,393.96,6.6782,0.49906
2490.5,286.65,6.69,0.49895
449.22,362.48,6.6691,0.49929
973.47,416.88,6.6682,0.49924
2807.5,822.3,6.6542,0.49918
1778.1,1039.6,6.6346,0.49945
2728.5,921,6.6476,0.49925
1534.4,1460.4,6.608,0.49967
587.44,561.38,6.6541,0.49939
234.31,501.77,6.6543,0.49944
337.23,629.68,6.6473,0.49948
2582.5,1167,6.6325,0.49939
234.59,549.1,6.6511,0.49947
2079.6,399.9,6.6756,0.4991
1639.2,405.7,6.6726,0.49916
2207.6,397.72,6.6765,0.49909
1334.1,401.83,6.671,0.49919
872.04,428.29,6.6663,0.49926
2338,727.72,6.6546,0.49924
1162.3,404.99,6.6697,0.49921
620.05,1082.3,6.6242,0.49962
2522.1,512.15,6.6693,0.49911
338.73,661.91,6.6451,0.49949
2525.1,526.5,6.6683,0.49912
2155,398.53,6.6759,0.49909
1157.7,1251,6.6187,0.49961
623.49,1209.8,6.6175,0.49967
859.25,432.93,6.6656,0.49927
2174,389.76,6.6764,0.49909
2738.6,507.85,6.672,0.49906
1598.6,397.24,6.6726,0.49916
586.32,1223.1,6.6164,0.49968
234.12,444.33,6.6583,0.49941
2023.5,391.88,6.6753,0.49911
332.63,573.57,6.6507,0.49945
1374.8,410.43,6.6704,0.49919
2136.8,399.67,6.6755,0.4991
329.14,543.39,6.6524,0.49944
1683.4,1158.2,6.6265,0.49952
1317,1045.2,6.6302,0.49951
2288.8,1132.1,6.6315,0.49943
2286.8,729.87,6.6537,0.49926
2644.8,947.19,6.6447,0.49929
584.46,1050.7,6.6255,0.49961
2682,910,6.6472,0.49926
1305.7,1609.4,6.5949,0.49979
2825.4,884.91,6.6503,0.49921
2585.8,1166.9,6.6315,0.4994
1859.2,394.63,6.6739,0.49913
2311.2,387.42,6.6772,0.49907
2559.3,650.25,6.6604,0.49917
1244.4,1344.1,6.613,0.49965
704.89,850.76,6.6373,0.49951
997.02,408.67,6.6678,0.49924
1170.5,1253.6,6.6184,0.49962
1391.8,1171.8,6.6235,0.49956
1814.7,406.78,6.6728,0.49914
234.54,473.36,6.6556,0.49943
475.91,1169.4,6.6179,0.49968
2769.3,481.83,6.6737,0.49904
2363.3,1401.6,6.6159,0.49954
2606,411.94,6.6775,0.49903
1616.7,1474.8,6.6062,0.49968
2102.9,391.4,6.6753,0.4991
567.14,708.1,6.6437,0.49947
610.43,1437.8,6.6033,0.49978
2553.1,1183.1,6.6303,0.49941
241.61,454.72,6.6571,0.49942
2548.5,651.55,6.6596,0.49918
614.78,1213.5,6.6166,0.49968
2740.2,465.64,6.6744,0.49904
2373.1,386.71,6.6773,0.49906
1574.2,407.82,6.6712,0.49917
2561.9,667.16,6.6591,0.49918
911.22,1483.4,6.6023,0.49976
900.84,420.58,6.6663,0.49926
1222.8,1470.9,6.6047,0.49972
323.69,603.5,6.6477,0.49948
247.5,521.04,6.6521,0.49946
2325.2,807.39,6.649,0.49929
776.96,828.85,6.6382,0.49949
1836.1,404.99,6.6727,0.49914
1260.2,1311.7,6.6146,0.49964
618.81,1043.9,6.6253,0.49961
352.17,1099,6.6202,0.49969
2341.3,1130.4,6.6314,0.49943
1095.5,416.99,6.6676,0.49924
361.44,1101.2,6.62,0.49969
660.78,508.03,6.6576,0.49935
2563.4,1010.7,6.6396,0.49934
2758.7,888.72,6.6485,0.49924
1219.8,1131.1,6.6244,0.49956
2551,668.63,6.6584,0.49919
1130.8,1510.1,6.601,0.49976
2699,555.25,6.6674,0.4991
2823.4,828.4,6.6527,0.49919
2279.5,397.74,6.6757,0.49909
1284.7,1317.8,6.614,0.49964
2288,1130.1,6.6309,0.49943
553.49,550.04,6.6536,0.4994
241.84,500.59,6.6532,0.49945
2231.5,1442.9,6.612,0.49959
2703.6,582.37,6.6655,0.49911
1963.5,403.74,6.6732,0.49913
2812.2,926.45,6.6471,0.49924
2550,513.38,6.6683,0.49911
2646.7,1476.9,6.6134,0.49953
451.7,366.21,6.6673,0.4993
2563.3,1008,6.6395,0.49934
647.7,561.74,6.6538,0.49938
2520.5,524.65,6.6674,0.49912
775.6,805.8,6.6391,0.49949
1511.7,400.47,6.6707,0.49918
2765.2,457.12,6.6749,0.49903
1684.9,1065.8,6.6305,0.49948
2120.4,401.66,6.6741,0.49911
597.82,1221.9,6.6154,0.49969
725.73,852.63,6.6365,0.49951
477.37,349.02,6.6686,0.49929
1344,1250.8,6.6183,0.4996
2774.6,970.17,6.6439,0.49927
2422.7,493.68,6.6687,0.49913
725.43,807.36,6.6385,0.49949
264.96,912.24,6.6285,0.49964
1017.2,409.49,6.6671,0.49925
2328.8,388.29,6.6763,0.49908
337.47,601.99,6.6474,0.49947
241.76,471.74,6.6551,0.49944
2345.3,1052.6,6.6353,0.4994
463.04,1084.6,6.6216,0.49966
2759.8,961.58,6.644,0.49927
2811.2,888.44,6.6487,0.49922
581.62,1109.8,6.6212,0.49965
1623,398.86,6.6711,0.49917
1235.1,1434.7,6.6062,0.49971
1667.6,398.6,6.6714,0.49917
2809.7,848.23,6.6508,0.49921
2340.7,1127.6,6.6309,0.49943
261.27,857.78,6.6312,0.49962
2774.1,946.36,6.6449,0.49926
2547.4,687.85,6.6568,0.4992
2319.1,731.28,6.6525,0.49926
786.11,1071.8,6.6253,0.49959
2586.6,1152.5,6.6311,0.4994
1079,408.62,6.6672,0.49924
475.92,337.1,6.6699,0.49928
445.25,465.68,6.6577,0.49938
341.61,936.73,6.6279,0.49963
1137.4,1495.7,6.6015,0.49975
424.57,447.96,6.6588,0.49937
341.15,685.03,6.6419,0.49952
466.01,1116.8,6.6195,0.49967
2547.6,685.63,6.6568,0.4992
2522.5,500.73,6.6683,0.49912
2709.4,463.61,6.6738,0.49905
1269.3,414.62,6.6679,0.49922
2289.1,1101.9,6.6316,0.49943
743.07,471.45,6.6597,0.49933
639.02,1426.5,6.6031,0.49978
362.49,1099.4,6.6196,0.49969
1682.3,1157,6.625,0.49953
1296.2,1246.4,6.6176,0.49961
2552.5,1181,6.6293,0.49942
2728.1,900.14,6.6465,0.49926
626.6,1215.1,6.6154,0.49969
871.27,1453.2,6.6029,0.49976
634.39,1254.6,6.6129,0.4997
335.47,679.1,6.6421,0.49952
607.68,1262.2,6.6122,0.49971
1798,397.36,6.6718,0.49915
1290.1,1247.5,6.6173,0.49962
248.87,554.35,6.6487,0.49948
2585.9,1151.2,6.6308,0.4994
1030,1504.8,6.5997,0.49977
704.17,486.51,6.6581,0.49934
1399,1285.9,6.6157,0.49962
2758.1,864.85,6.6487,0.49924
2314.5,1080.7,6.6323,0.49942
1287.2,1585.4,6.595,0.49979
1151.6,1247,6.6168,0.49963
2058.6,1138.6,6.6279,0.49948
461.11,1052.9,6.6226,0.49965
2176.9,402.06,6.6737,0.49911
1251.4,406.04,6.6679,0.49922
592.49,1055.7,6.6232,0.49963
2605.4,414.66,6.6757,0.49905
1159.2,1010.5,6.6296,0.49953
2124.9,392.89,6.6738,0.49911
2636.4,957.92,6.6427,0.4993
390.5,1487.8,6.5968,0.49986
1238.3,1287.7,6.6147,0.49964
2825.7,870.35,6.6493,0.49922
235.2,491.61,6.6526,0.49946
1184.9,1249.1,6.6167,0.49963
2783.1,459.43,6.674,0.49903
1136.7,1513.3,6.6,0.49976
589.09,551.57,6.6522,0.4994
605.2,1441.9,6.6014,0.4998
247.49,463.68,6.6549,0.49944
2773.8,895.18,6.647,0.49925
1777.3,398.68,6.6711,0.49916
310.26,337.96,6.6664,0.49933
1711.5,1126.3,6.6263,0.49952
962.66,562.75,6.6541,0.49935
278.51,968.02,6.6244,0.49967
1100.6,409.31,6.6665,0.49924
2762,433.79,6.6755,0.49902
621.75,1045,6.6237,0.49962
2586.3,949.27,6.6422,0.49931
1691.3,399.42,6.6705,0.49917
850.48,1485.4,6.6001,0.49978
2759.8,925.67,6.6449,0.49926
629.18,1399,6.6041,0.49977
2536.4,490.04,6.6693,0.49911
438.02,684.85,6.6423,0.4995
1249.1,1231.7,6.6174,0.49962
2347.9,389.3,6.6751,0.49908
2729.2,958.44,6.6427,0.49929
460.44,1031.3,6.6233,0.49964
1350.8,1249.9,6.6168,0.49961
2548.8,637.72,6.6586,0.49919
2270.9,411.16,6.6727,0.49911
2549.7,500.94,6.6677,0.49912
2802.4,764.65,6.6548,0.49918
355.31,926.78,6.6277,0.49963
412.99,459.69,6.6572,0.49939
854.55,1488.1,6.6,0.49979
337.43,574.2,6.648,0.49947
2658.6,582.92,6.6636,0.49914
463.51,978.91,6.6266,0.49962
2594.9,963.08,6.6404,0.49933
1273.7,406.23,6.6675,0.49922
2551.7,550.28,6.6646,0.49914
595.58,1074.6,6.6216,0.49964
2523.8,528.07,6.6658,0.49914
1969.4,396.05,6.672,0.49914
2268.3,390.79,6.6743,0.4991
1523.7,1381.4,6.6097,0.49966
1713.5,399.55,6.6703,0.49917
630.26,1414.2,6.6029,0.49978
1948.5,396.4,6.6718,0.49914
1154.9,1329.7,6.6109,0.49968
607.9,1244.9,6.6123,0.49971
796.64,1185.3,6.6175,0.49965
2747.4,536.73,6.6673,0.49909
2556.7,1289.9,6.6218,0.49948
603.15,1409.6,6.6029,0.49979
618.33,365.7,6.6667,0.49929
1262.6,1250.3,6.616,0.49963
1403.4,1200.3,6.6195,0.49959
960.52,412.69,6.6648,0.49927
1690.5,1092.1,6.6273,0.49951
440.38,715.58,6.6401,0.49952
1261.2,1368.5,6.6089,0.49968
270,957.5,6.6246,0.49967
2568.9,636.75,6.6588,0.49919
820.91,451.09,6.661,0.49931
1251.3,1233.3,6.6168,0.49962
942.93,413.03,6.6646,0.49927
284.15,1000.8,6.6222,0.49968
2480.3,221.17,6.6937,0.49892
1537.1,402.12,6.6689,0.49919
402.39,445.64,6.6573,0.49939
1272.5,1269.2,6.6151,0.49963
2286.1,390.88,6.674,0.4991
1333.8,982.76,6.6309,0.49951
357.79,952.26,6.6259,0.49964
267.61,917.11,6.6265,0.49965
2774.8,932.77,6.6441,0.49927
776.47,828.75,6.6363,0.49951
2698.9,537.14,6.6664,0.49911
483.24,346.19,6.6672,0.4993
387.69,1442.1,6.5988,0.49985
2413.3,1391.3,6.6145,0.49955
1117.8,1433.9,6.6043,0.49973
596.13,1077.1,6.621,0.49965
248.51,494.04,6.6516,0.49946
2779.6,435.11,6.6748,0.49903
529.91,362.57,6.666,0.4993
262.95,926.46,6.6258,0.49966
2728.4,507.77,6.6686,0.49908
1449.1,403.94,6.6679,0.49921
2555.5,1147,6.6297,0.49942
438.21,666.59,6.6426,0.4995
1264.2,1314.1,6.612,0.49966
401.54,1496.8,6.5951,0.49987
2749.4,394.28,6.6781,0.49901
236.45,524.11,6.6491,0.49948
1362.2,405.37,6.6673,0.49922
1317.5,1243.8,6.6166,0.49962
2299.8,1381.6,6.6135,0.49957
242.99,457.82,6.6541,0.49944
1228.1,417.57,6.6657,0.49924
1263.6,1329.9,6.6108,0.49967
405.01,1506.9,6.5946,0.49988
1139.7,1332.5,6.6099,0.49968
602.97,909.69,6.6305,0.49957
1507.7,1401.4,6.6081,0.49967
409.09,1513.1,6.5939,0.49988
1406.6,404.82,6.6674,0.49922
2577.6,656.11,6.6567,0.4992
423.49,461.44,6.6563,0.49939
2073.7,395.07,6.6718,0.49913
980.73,412.8,6.6643,0.49927
2201.7,393.04,6.6727,0.49911
352.69,948.14,6.6255,0.49964
1888.2,398.16,6.6705,0.49916
1442.5,1233.6,6.6172,0.49961
2245,1384.9,6.6127,0.49958
638.52,1253.2,6.6112,0.49972
1210.7,1266,6.6141,0.49965
341.76,655.5,6.6418,0.49952
598.9,1095.3,6.6196,0.49966
1143.1,1304.7,6.6114,0.49967
598.13,1098.2,6.6194,0.49966
390.65,1460.3,6.5971,0.49986
1494.8,403.74,6.6678,0.49921
530.83,361.97,6.6656,0.4993
2733.5,533.98,6.6665,0.4991
986.12,1209.3,6.6165,0.49964
2273.6,718.75,6.6513,0.49928
610.45,1266.4,6.6102,0.49973
1312.2,1244.2,6.6163,0.49962
1028.2,1442.7,6.602,0.49975
396.82,1443,6.5982,0.49985
1398.2,1473.9,6.6019,0.49973
248.48,446.1,6.6546,0.49944
2770.2,526.76,6.6673,0.49909
1561.9,402.72,6.6681,0.4992
2801.6,962.82,6.6422,0.49928
609.28,1248.3,6.6111,0.49972
472.57,1150.7,6.6156,0.4997
2335.7,716.72,6.6517,0.49927
821.18,1471.7,6.5992,0.49979
1523.1,1495.7,6.6018,0.49972
2767.7,446.66,6.673,0.49904
475.22,1092.5,6.6187,0.49968
905.47,1452.4,6.601,0.49977
249.05,511.33,6.6496,0.49948
477.95,1124,6.617,0.49969
395.55,1496.7,6.5945,0.49988
1825.1,399.37,6.6697,0.49917
2474.6,221.69,6.6926,0.49893
468.98,1569.9,6.5901,0.4999
2529.1,545.64,6.6633,0.49916
2787,463.37,6.672,0.49905
718.88,484.09,6.6563,0.49936
2481.9,238.36,6.6905,0.49895
1210.5,409.06,6.6654,0.49924
480.66,1155.1,6.6153,0.4997
2088.2,1052.8,6.6307,0.49945
498.14,345.15,6.6666,0.4993
640.91,1394.8,6.6028,0.49978
1784.1,1105.3,6.6256,0.49952
2547.1,502.89,6.6663,0.49913
443.67,747.04,6.6371,0.49954
668.19,506.18,6.6542,0.49938
1473.6,404.55,6.6672,0.49921
2053.7,395.92,6.6711,0.49914
1161.2,1375.2,6.607,0.49971
350.42,1004,6.622,0.49967
2238.2,393.03,6.6724,0.49911
1169.7,1390.1,6.6059,0.49971
385.84,1413.8,6.5997,0.49984
2678.2,536.48,6.6657,0.49912
397.94,1395.9,6.6008,0.49983
1037.4,1186.5,6.6171,0.49964
2559.5,823.35,6.6461,0.49929
638.44,1235.1,6.6117,0.49971
2529.5,547.9,6.6629,0.49916
1071.4,1009.5,6.6271,0.49955
1390.7,1085.9,6.6245,0.49955
1780.6,1126.6,6.6247,0.49952
1931.5,398.36,6.6701,0.49916
753.36,812.48,6.6358,0.49951
2310.2,1102.2,6.6293,0.49945
2537,640.5,6.6569,0.4992
2536.7,638.19,6.6571,0.4992
728.84,831.63,6.6347,0.49952
2580.2,1150.9,6.6288,0.49942
2254.7,1383.8,6.6121,0.49958
1305.1,965.85,6.6303,0.49951
2576.5,640.31,6.6569,0.4992
612.73,743.21,6.6383,0.49951
388.74,1430.4,6.5984,0.49985
250.1,542.96,6.6471,0.4995
1652.3,402.02,6.6681,0.49919
2368.6,390.6,6.6732,0.4991
331.95,532.21,6.649,0.49946
2094,395.79,6.671,0.49914
1755.2,1067.5,6.6275,0.4995
2459.1,1351.6,6.6156,0.49954
263.27,910.28,6.6255,0.49966
556.14,260.84,6.6755,0.49922
396.56,1375.6,6.6017,0.49982
1159,1313.2,6.6102,0.49968
624.31,904.5,6.6292,0.49958
324.19,523.4,6.6494,0.49946
1250.5,1068.7,6.6246,0.49956
2362.1,1099.2,6.6296,0.49944
389.41,1432.2,6.5981,0.49985
1327,1317.5,6.611,0.49966
348.11,965.22,6.6236,0.49966
2550.3,1177.5,6.6267,0.49944
2222.1,393.71,6.6719,0.49912
2728.7,1451.1,6.6127,0.49952
2738.5,559.62,6.6639,0.49912
341.32,625.01,6.6427,0.49951
2580.7,673.54,6.6546,0.49922
1630.4,1482,6.6017,0.49971
648.96,1253.1,6.6103,0.49972
480.58,1612.3,6.5857,0.49994
1225.9,1091.5,6.6227,0.49958
629.29,1391.4,6.602,0.49979
2150.8,395.3,6.6712,0.49913
397.02,1497.2,6.5938,0.49989
448.1,353.15,6.6647,0.49932
1995,397.87,6.67,0.49915
340.01,594.5,6.6446,0.4995
1263.5,1319.6,6.6104,0.49967
2025.9,1053.9,6.6296,0.49947
403.4,1487.5,6.5945,0.49988
642.67,1410,6.6013,0.4998
449.02,696.54,6.6394,0.49952
596.01,912.7,6.6283,0.49959
1321.8,946.83,6.631,0.49951
352.8,924.74,6.6256,0.49964
2359.4,1383.2,6.6128,0.49957
2733,492.6,6.6681,0.49909
2584,807.53,6.6466,0.49928
1040.4,1442.3,6.6011,0.49976
357.05,941.48,6.6249,0.49965
309.97,1213.6,6.6096,0.49978
2825.6,826.32,6.649,0.49922
538.39,287.23,6.6721,0.49925
538.28,287.96,6.6721,0.49925
2487.1,239.68,6.6894,0.49896
733.37,480.08,6.6558,0.49936
2646.3,599.08,6.6603,0.49916
623.84,886.35,6.6297,0.49957
2240.6,1399.2,6.6109,0.4996
1386.9,406.59,6.6657,0.49923
2256.3,1437.9,6.6086,0.49961
398.2,1433,6.5977,0.49985
896.96,1441.1,6.6012,0.49977
954.86,496.98,6.6566,0.49933
2773.7,996.03,6.639,0.49931
468.46,1076.1,6.6185,0.49968
2774.6,472.79,6.6701,0.49906
481.43,1143.4,6.615,0.49971
1166.3,1459.4,6.6006,0.49976
2626.7,638.23,6.6574,0.49919
1020.6,1503.3,6.5967,0.4998
1322.1,407.98,6.6651,0.49924
453.09,756.85,6.6356,0.49955
1143.8,1411.4,6.6035,0.49973
576.78,920.38,6.6281,0.49959
2548.7,501.69,6.6655,0.49914
729.79,785.14,6.6362,0.49951
1073.3,1011,6.6262,0.49956
2361.4,1134.9,6.6269,0.49946
2169.3,395.26,6.6708,0.49913
371.01,1116.5,6.6153,0.49972
639.24,1238.7,6.6106,0.49972
339.75,617.75,6.6424,0.49951
1401.2,1389,6.6066,0.49969
1013.6,1463.9,6.5993,0.49978
606.91,764.02,6.6363,0.49952
617.5,373.38,6.6638,0.49931
932.01,527.86,6.6542,0.49935
2585.1,825.41,6.6453,0.49929
2301.2,819.34,6.6436,0.49933
2307.2,1379.6,6.6119,0.49958
2308.2,392.52,6.6719,0.49911
1913.6,399.51,6.6689,0.49917
2742.4,1204.3,6.6274,0.49941
836.74,448.75,6.659,0.49932
2587.9,1014,6.6353,0.49937
735.71,1194.8,6.6141,0.49969
452.61,704.88,6.6387,0.49953
2583.3,790.22,6.6472,0.49927
706.2,814.75,6.6344,0.49953
477.87,1066.2,6.619,0.49968
2638.7,368.42,6.6768,0.49904
474.22,1139.5,6.6149,0.49971
2778,489.17,6.6687,0.49907
800.85,1191.1,6.6147,0.49967
2745,499.25,6.6675,0.49909
2572.6,1133.2,6.6287,0.49942
1125.8,412.3,6.6634,0.49927
1351,1271.8,6.6128,0.49965
713.14,761.47,6.638,0.4995
341.75,675.46,6.6392,0.49954
2560.4,1129.6,6.6284,0.49943
2760.3,986.83,6.6387,0.49931
1850.5,400.47,6.6683,0.49918
616.94,1405.3,6.6008,0.4998
954.24,490.24,6.6565,0.49933
640.72,1421.7,6.6003,0.4998
608.78,1425,6.5995,0.49981
2702.1,1490.7,6.6089,0.49956
2561.4,995.59,6.6355,0.49937
338.81,587.74,6.644,0.4995
448.43,1306.8,6.6057,0.49978
1742.4,402.25,6.6675,0.49919
2733.6,601.75,6.6603,0.49915
2358.2,1383.4,6.6122,0.49957
1086.9,945.04,6.6295,0.49954
258.81,830.81,6.6287,0.49964
2786.6,448.6,6.6716,0.49905
1148.8,411.79,6.6634,0.49927
2582.1,780.94,6.6482,0.49927
1783.5,1067.4,6.6267,0.49951
2558.7,1146.3,6.6272,0.49943
2785.6,849.63,6.6465,0.49925
2585.5,1135.6,6.6281,0.49942
2214.6,1444.9,6.6068,0.49963
339.33,641.47,6.6405,0.49953
1292,1155.8,6.6188,0.4996
447.63,779.09,6.6339,0.49956
2827.3,867.22,6.6462,0.49924
2745,1296.9,6.6215,0.49945
1406.9,1251.1,6.6145,0.49963
2513.2,493.88,6.6659,0.49914
985.48,1387.2,6.604,0.49974
2310.7,1109.6,6.6271,0.49946
1463.8,1170.6,6.6189,0.49959
2781.4,423.9,6.6734,0.49904
552.74,548.8,6.6495,0.49943
586.85,554.43,6.649,0.49943
2715.1,973.05,6.6386,0.49932
341.94,650.15,6.6399,0.49953
336.12,1171,6.6113,0.49976
2588,1017.1,6.6348,0.49937
1430.1,1386.7,6.6064,0.49969
2782.8,497.56,6.6675,0.49908
2701.4,1047.2,6.6341,0.49936
2760.9,950.51,6.6404,0.4993
356.08,1043.2,6.6185,0.4997
1191.5,1395.3,6.6042,0.49973
472.4,1108.3,6.6162,0.4997
2362.6,1106.3,6.6276,0.49945
1064.4,413.32,6.6626,0.49928
1366,1225.3,6.6151,0.49963
596.48,895.18,6.6283,0.49959
1149.6,1412.5,6.603,0.49974
1460.3,1106.6,6.6226,0.49956
782.43,801.97,6.6351,0.49952
2018.4,398.39,6.669,0.49916
2729.8,979.75,6.6383,0.49932
397.99,1414.1,6.5981,0.49985
1247.3,938.53,6.63,0.49952
2547.6,639.3,6.6556,0.49921
923.91,425.86,6.6608,0.4993
893.21,1441.2,6.6004,0.49978
757.01,828.22,6.6334,0.49953
1317.5,1038.1,6.625,0.49955
1176,1358.7,6.6062,0.49971
615.13,1432.8,6.5989,0.49982
407.02,1443.2,6.5963,0.49986
476.37,1061.6,6.6185,0.49968
579.97,930.94,6.6266,0.4996
2729.1,489.05,6.6674,0.49909
610.48,1077.1,6.6184,0.49966
2575.5,1150.9,6.6268,0.49944
639.96,1220.4,6.6108,0.49972
1100.9,1182.9,6.6159,0.49964
2667.6,927.01,6.6405,0.49932
2760.8,912.71,6.6422,0.49929
2564.9,639.89,6.6555,0.49921
1751.3,1128.4,6.6227,0.49954
2560,806.92,6.6453,0.49929
1270.3,1474.3,6.5993,0.49976
1781,1163.2,6.6206,0.49956
955.67,493.86,6.6557,0.49934
2594,845.59,6.6435,0.4993
612.14,1231.1,6.61,0.49973
363.26,1022.1,6.6194,0.49969
2753.1,1256.7,6.6233,0.49944
1262.1,1144.8,6.619,0.4996
283.61,966.84,6.6211,0.49969
591.8,936.19,6.6258,0.49961
456.51,787.77,6.633,0.49957
2059,396.33,6.6692,0.49915
2785.5,438.71,6.6719,0.49905
1295.3,1284.3,6.611,0.49966
268.6,954.99,6.6217,0.49969
2716.2,1102,6.6313,0.49938
1321.7,1007.5,6.6268,0.49954
1296,1237.2,6.6143,0.49964
2421.3,1379.8,6.6128,0.49956
452.86,728.78,6.6363,0.49954
1152.1,1419.7,6.6024,0.49974
566.75,757.02,6.6361,0.49953
2525.4,505.52,6.664,0.49915
1210,1331.4,6.6077,0.4997
2794.7,474.54,6.6689,0.49907
2734.5,905.55,6.6417,0.49929
2573.6,642.53,6.6553,0.49921
579.6,770.48,6.6347,0.49954
790.39,1500.9,6.5955,0.49983
640.51,1087.5,6.6178,0.49967
1393.5,1148.7,6.619,0.49959
1489.7,1462.1,6.6013,0.49973
2761.1,949.06,6.64,0.4993
336.93,546.3,6.6465,0.49948
556.75,283.91,6.6711,0.49926
2760.8,914.15,6.6418,0.49929
1614.7,1504.8,6.5985,0.49974
2548.4,642.34,6.6549,0.49922
2749.5,515.6,6.6655,0.49911
796.54,1505.7,6.5946,0.49983
2578,1153.3,6.6266,0.49944
404.76,1414.5,6.5977,0.49985
2601.3,298.32,6.6827,0.499
1248.4,946.89,6.6294,0.49952
2729.7,981.43,6.6377,0.49933
1011.4,1183.2,6.6153,0.49965
1051.1,1308.9,6.6085,0.4997
624.55,1264.4,6.6079,0.49975
1782.7,1134.5,6.6217,0.49955
2546.4,1131.8,6.6274,0.49943
1589.5,404.56,6.6656,0.49922
2298.8,771.96,6.6448,0.49932
1588,1465.2,6.6016,0.49972
1610,1506.8,6.5986,0.49974
796.66,1506.6,6.5944,0.49983
779.38,1507.2,6.5943,0.49984
372.65,959.59,6.6222,0.49967
490.53,1172.5,6.6119,0.49973
362.1,998.11,6.6204,0.49968
1823,474,6.6615,0.49923
413.86,1495.6,6.5924,0.49989
2547.9,1376.7,6.6135,0.49954
1372.8,1385.7,6.6053,0.4997
444.9,406.3,6.6583,0.49937
546.26,261.8,6.6734,0.49924
1011.7,1457.3,6.5989,0.49978
451.71,344.75,6.6641,0.49933
2766.3,584.34,6.6609,0.49914
477.62,1038.6,6.6193,0.49967
2279.7,1374.1,6.6113,0.49959
1766.2,402.71,6.6666,0.4992
1098.1,1185.4,6.6151,0.49965
1248.2,1376.4,6.6049,0.49972
2224,1443.1,6.606,0.49963
430.32,468.32,6.653,0.49942
636.22,1382.7,6.6012,0.4998
1363.6,1007.8,6.6266,0.49954
347.58,918.65,6.6242,0.49966
1373.3,1246.9,6.6131,0.49964
2338.2,1046.5,6.6301,0.49944
1142.1,1329,6.6072,0.49971
2792.8,473.37,6.6688,0.49907
712.01,865.93,6.6303,0.49956
1303.5,409.76,6.6634,0.49925
1541.1,1510.6,6.5977,0.49975
479.06,519.65,6.6493,0.49944
302.66,339.46,6.6622,0.49937
1431.9,1475.8,6.5993,0.49975
339.08,611.06,6.6414,0.49952
1571.8,1376.4,6.6064,0.49968
772.8,474.49,6.6551,0.49936
2699.8,871.67,6.6429,0.49929
411.47,1432,6.596,0.49987
1024.9,1350.8,6.6053,0.49973
1045.6,414.72,6.6614,0.49929
596.87,877.29,6.6283,0.49959
2364.5,1079.2,6.6281,0.49945
306.41,1088.9,6.6146,0.49974
1138.3,1287.8,6.6098,0.49969
1369,1121.2,6.6199,0.49959
2343.5,1064.8,6.6289,0.49944
1364.6,1251.2,6.6133,0.49964
588.37,359.31,6.6635,0.49931
2267.4,1439.6,6.6064,0.49963
341.68,644.79,6.6397,0.49953
2568.4,1015.5,6.6333,0.49939
456.76,775.49,6.633,0.49957
407.65,1433.1,6.5961,0.49987
2750.5,1012.7,6.6362,0.49933
1390.3,559.73,6.6524,0.49933
2314.3,1048.4,6.6295,0.49944
737.03,1080.3,6.6193,0.49964
337.93,580.62,6.6432,0.49951
2586.7,999.46,6.6342,0.49938
1353.7,1267.3,6.6119,0.49965
1072.1,1461.2,6.5981,0.49978
1714.2,1070.6,6.6248,0.49953
2569.7,844.25,6.6425,0.49931
523.71,1561.5,6.5882,0.49991
2526.5,503.94,6.6635,0.49916
242.69,269.34,6.6681,0.49933
622.6,1097.7,6.6173,0.49967
756.48,1194,6.6127,0.49969
340.73,558.64,6.6449,0.49949
781.01,1505.1,6.5941,0.49984
238.24,492.9,6.6481,0.49949
2561,693.68,6.6511,0.49925
483.18,985.64,6.6218,0.49965
2269.3,1397.6,6.6095,0.4996
417.75,1485.5,6.5924,0.49989
2729.3,852.89,6.6441,0.49928
2300.7,795.08,6.6429,0.49934
2765.6,870.75,6.6434,0.49928
346.23,790.9,6.6308,0.4996
871.68,435.22,6.6583,0.49933
2727.9,342.31,6.6783,0.49901
2595.1,1384.8,6.6128,0.49954
412.28,1469.8,6.5936,0.49988
760,839.86,6.6317,0.49955
634.69,1263.7,6.6081,0.49974
785.48,1470.7,6.5958,0.49982
1012.8,1482.1,6.5963,0.4998
1108.4,412.45,6.6617,0.49928
1038.1,1160.2,6.6157,0.49965
399.27,1469.2,6.5935,0.49989
2285.7,1068.6,6.6281,0.49946
1116.3,1522.1,6.5943,0.49981
390.56,1393.7,6.5982,0.49985
2562.1,978.35,6.6349,0.49937
333.99,523.13,6.6471,0.49948
319.34,353.87,6.6602,0.49938
2558.3,1147.1,6.6257,0.49945
1013.7,1472.8,6.5968,0.4998
559.04,283.56,6.6704,0.49926
2526.5,1282.5,6.6178,0.49951
546.94,261.36,6.6728,0.49925
365.2,887.13,6.6257,0.49964
1323,1210.8,6.6144,0.49964
1243.3,1462.2,6.5994,0.49976
2782,496.84,6.6664,0.49909
2748.6,1015.1,6.6354,0.49934
287.67,300.19,6.6659,0.49934
461.68,800.94,6.6314,0.49958
2560.1,790.11,6.6451,0.49929
398.71,1395.2,6.5981,0.49985
2280,393.11,6.6698,0.49913
2060.5,1115.7,6.6241,0.49951
2715.7,1099.7,6.6304,0.49939
1724.4,402.28,6.6658,0.49921
917.07,1417.3,6.5998,0.49978
2790.6,486.73,6.667,0.49909
2481.1,519.67,6.6614,0.49918
726.89,805.83,6.6331,0.49954
741.14,1471.8,6.5952,0.49983
361.63,918.82,6.6237,0.49966
2658.1,728.46,6.65,0.49924
1349.3,1242.5,6.6129,0.49965
2512.4,563.26,6.6585,0.4992
2489.4,238.44,6.6876,0.49897
2366.3,1046.7,6.6295,0.49944
1826.8,481.8,6.6604,0.49924
239.2,523.87,6.6455,0.49951
2680.2,1257.9,6.6208,0.49947
541.25,283.69,6.6701,0.49927
253.62,281.87,6.6664,0.49934
2573.9,518.86,6.6625,0.49916
362.04,1081.5,6.615,0.49972
588.62,751.65,6.6347,0.49954
2519.1,506.7,6.6627,0.49916
2713.9,1118.8,6.6292,0.4994
625.49,1246.2,6.608,0.49974
812.37,458.75,6.6559,0.49935
385.36,1117.6,6.613,0.49974
1153.1,1333.7,6.6065,0.49971
367.26,1040.7,6.6172,0.49971
326.37,512.37,6.6474,0.49948
621.56,1420.3,6.598,0.49982
754.06,1507.8,6.5931,0.49985
1028.8,1498.5,6.5953,0.49981
647.29,1379.1,6.6007,0.4998
297.8,1012.1,6.6175,0.49972
858.58,440.24,6.6573,0.49934
620.81,1389.9,6.5998,0.49981
753.78,1506.8,6.5932,0.49985
587.7,734.64,6.6355,0.49953
1395.6,1121.3,6.6193,0.49959
465.37,513.93,6.6489,0.49944
2579.7,692.08,6.6511,0.49925
1323.9,1281.6,6.6099,0.49967
1250.1,1372.8,6.6042,0.49972
1549.1,1461.3,6.6004,0.49973
451.77,680.79,6.6378,0.49953
2554.4,1132.3,6.6264,0.49944
2559.4,828.99,6.6434,0.49931
1168.8,1383.6,6.6035,0.49973
1045.6,1306.8,6.6073,0.49971
2557.4,782.31,6.646,0.49929
2546.9,1330.2,6.6147,0.49953
468.08,1016.8,6.6193,0.49967
737.52,840.17,6.6306,0.49956
2800.7,711.34,6.6527,0.4992
1623,1487.8,6.5985,0.49974
1748.7,1109.4,6.6221,0.49955
744.86,1500.8,6.5939,0.49984
2351.8,770.88,6.6441,0.49933
826.44,1428.5,6.5986,0.4998
1512.3,1401,6.604,0.4997
238.45,466.59,6.6493,0.49948
1286.2,996.62,6.6257,0.49955
1310,1322.1,6.6074,0.49969
2580.6,1122.6,6.6276,0.49943
615.36,1097.8,6.6157,0.49968
2733.4,445.77,6.6694,0.49908
2253.6,1401.2,6.6078,0.49962
1378.7,484.31,6.6572,0.4993
2692.1,1324.7,6.6171,0.49949
2078.9,1147.4,6.6219,0.49952
452.29,799.38,6.6308,0.49959
627.55,870.89,6.628,0.49959
2723.9,362.18,6.676,0.49903
2548.2,1162.1,6.6242,0.49946
763.67,472.85,6.6539,0.49937
446.42,708.4,6.6359,0.49955
1171.9,1410.4,6.6015,0.49975
916.6,1435.6,6.5981,0.49979
786.79,1440.4,6.5971,0.49981
266.93,839.8,6.6263,0.49965
2735,1261.7,6.6211,0.49946
401.89,1387.6,6.5982,0.49985
408.39,1469.6,6.5929,0.49989
2730.2,947.14,6.6382,0.49932
1243,1466.4,6.5984,0.49977
606.51,864.31,6.6289,0.49958
607.13,587.06,6.6446,0.49946
1379.5,488.06,6.6569,0.4993
454.3,677.47,6.6379,0.49953
2798.4,720.64,6.6517,0.4992
412.88,1460,6.5935,0.49989
1297.8,954.28,6.6279,0.49953
1241.6,1338.7,6.606,0.49971
1428.4,560.35,6.6515,0.49934
1174.1,1319.9,6.6066,0.49971
1826.9,478.13,6.66,0.49924
919.75,528.47,6.6511,0.49938
795.72,1509.4,6.5924,0.49985
777.38,825.91,6.6324,0.49954
577.28,869.25,6.6283,0.49959
466.5,974.45,6.6214,0.49966
1746.7,1137.1,6.6203,0.49956
2729.3,855.25,6.6431,0.49928
2339.9,1101.1,6.6261,0.49947
2539.2,1329.7,6.6143,0.49954
630.07,1580.3,6.5865,0.49991
2347,1071.5,6.6277,0.49945
1270.5,1470.1,6.5976,0.49977
1180.9,1137.1,6.6169,0.49963
2687.4,1212.6,6.6227,0.49945
2270.8,1435,6.606,0.49963
1273.9,1044.5,6.6228,0.49957
959.66,502.96,6.6535,0.49936
472.38,1280.6,6.6048,0.49979
2519.9,505.75,6.6622,0.49917
738.09,1507.8,6.5925,0.49985
649.38,1274.9,6.606,0.49976
416.38,1512.9,6.5898,0.49991
2450.9,1360.4,6.6116,0.49957
511.64,1412.2,6.5971,0.49984
663.07,1380,6.5999,0.4998
1234.9,1253.3,6.611,0.49967
2244.3,1419.7,6.6063,0.49963
248.98,470.86,6.6491,0.49948
2734.9,905.55,6.64,0.49931
251.54,484.52,6.6477,0.49949
2499.6,223.38,6.6888,0.49896
341.16,557.65,6.6437,0.4995
1100.2,993.31,6.6244,0.49957
1034.7,1121.7,6.6172,0.49963
613.22,1058.7,6.6174,0.49967
2580.4,1132.5,6.6262,0.49944
791.75,463.39,6.6545,0.49936
2715.4,1203.7,6.624,0.49944
417.64,1458.7,6.5931,0.49989
742.45,1441.1,6.5964,0.49982
2577.5,997.44,6.6331,0.49939
334.59,507.23,6.6473,0.49948
2546.5,506.58,6.6622,0.49916
1714.1,1166.1,6.6181,0.49958
2677.1,648.72,6.6541,0.49921
398.6,1374.7,6.5984,0.49985
2730.5,397.17,6.6728,0.49905
899.88,427.31,6.658,0.49933
403.11,1364.9,6.599,0.49984
753.24,1449.7,6.5959,0.49983
2728.9,1189.4,6.6247,0.49943
798.72,1448.4,6.5962,0.49982
485.23,987.84,6.6205,0.49966
519.72,1508.3,6.5908,0.49989
2570.9,1135.4,6.6257,0.49944
739.39,1505.5,6.5926,0.49985
486.56,1077.7,6.6153,0.4997
1313.7,950.41,6.6278,0.49953
478.17,1562.6,6.5867,0.49993
2708.8,1060.5,6.631,0.49938
2639.7,1100.4,6.6285,0.49941
643.29,1069.5,6.6169,0.49967
2696.7,671.59,6.6529,0.49921
263.03,581.71,6.6407,0.49954
597.01,1107.6,6.6153,0.49969
2674.7,623.69,6.6555,0.4992
2214.1,395.19,6.6682,0.49915
1381.4,494.32,6.6562,0.49931
610.6,1121.3,6.6139,0.4997
1088.9,1229,6.611,0.49968
1713.8,1137.4,6.6194,0.49957
2353.9,793.92,6.6421,0.49934
785.85,1197,6.6113,0.4997
357.54,914.62,6.6229,0.49966
361.91,1126.2,6.6117,0.49975
408.59,1459.6,6.5931,0.49989
783.89,1464,6.5955,0.49983
1466,1085.9,6.621,0.49957
1881,1362.3,6.6074,0.49965
508.49,1451.2,6.5944,0.49987
718.26,807.1,6.632,0.49955
2760.4,1186.3,6.6252,0.49942
2640,1084.3,6.6289,0.49941
642.09,1049.6,6.6179,0.49967
362.62,1128,6.6116,0.49975
2621.1,662.14,6.6525,0.49923
642.69,1425.9,6.5968,0.49983
288.92,296.7,6.6649,0.49935
342.34,615.28,6.64,0.49953
345.05,863.81,6.6254,0.49965
1258.2,1291.5,6.6082,0.49969
2287.9,1139,6.623,0.4995
489.71,1109.2,6.6134,0.49972
2577.9,825.72,6.6421,0.49932
2512.2,1336,6.6135,0.49955
1164.4,1473.5,6.5963,0.49979
2656.4,1087.5,6.6292,0.49941
1192,897.1,6.6295,0.49953
2749.9,572.98,6.6592,0.49916
312.47,1201,6.6071,0.4998
2767.3,594.59,6.6585,0.49916
2456.9,318.76,6.6771,0.49906
455.59,717.82,6.6347,0.49956
2546,1128.6,6.6256,0.49945
2734.5,945.86,6.6373,0.49933
359.9,1032.1,6.6165,0.49971
1296.8,992.85,6.6248,0.49956
1754.5,1071,6.6234,0.49954
1267.3,1204.4,6.613,0.49965
625.1,929.97,6.624,0.49962
632.04,1579.6,6.586,0.49992
472.35,1340,6.6004,0.49982
2350.9,743.54,6.6449,0.49932
2683.7,1383,6.6125,0.49953
495.27,1160.7,6.6109,0.49974
1134.4,1320.5,6.606,0.49972
1588.2,1504.8,6.5966,0.49976
2295.7,1049.1,6.6278,0.49946
1374.2,1386.9,6.6033,0.49972
1018.4,1452.2,6.5968,0.4998
2774,799.14,6.6462,0.49925
1175.4,1404.3,6.6007,0.49975
371.5,1080.8,6.614,0.49973
357.02,994.76,6.6183,0.4997
522.61,1506.4,6.5907,0.49989
1155.1,1452.2,6.598,0.49978
700.21,499.66,6.6506,0.4994
894.59,434.55,6.6572,0.49933
1474.6,1190.7,6.6155,0.49962
254.12,480.04,6.6472,0.49949
274.81,747.74,6.6307,0.49962
1181,1445.8,6.5981,0.49977
366.75,993.68,6.6182,0.4997
1040.6,1132.8,6.6156,0.49965
757.6,1464.6,6.5949,0.49983
1350.3,523.88,6.6535,0.49933
773.48,866.49,6.6287,0.49957
2291.2,1388.5,6.6083,0.49961
1015.6,554.21,6.6495,0.49938
787.97,1489,6.593,0.49985
1247.3,917.28,6.6284,0.49953
656.18,1236,6.6075,0.49975
762.79,783.97,6.6333,0.49953
406.18,1430.1,6.5945,0.49988
360.03,1029.9,6.6164,0.49971
2813.4,845.8,6.6441,0.49926
627.19,1228.1,6.6077,0.49975
1503.9,1204.4,6.6143,0.49962
463.19,1230,6.6063,0.49978
2810.1,985.33,6.6366,0.49932
2703.9,565.15,6.6589,0.49917
408.84,1363.5,6.5982,0.49985
2558,1316.2,6.6145,0.49953
1343.2,970.74,6.6264,0.49954
2337.4,1081.3,6.6261,0.49947
2571.7,631.73,6.6538,0.49923
377.04,959.38,6.62,0.49968
411.03,1470.5,6.5919,0.4999
1284.3,1231.2,6.6114,0.49966
2744.1,820.78,6.6442,0.49927
2283.7,1096.9,6.6248,0.49948
2554.7,1128.8,6.6253,0.49945
1081.3,1272.5,6.6083,0.4997
1224.5,1466.9,6.597,0.49978
2066.3,1081.1,6.6243,0.49951
781.67,784.1,6.6332,0.49953
418.35,1485.4,6.5909,0.4999
2708.6,1390.6,6.612,0.49953
1399,1278,6.6096,0.49967
1344.4,1294.3,6.6083,0.49968
1265.6,1298.7,6.6078,0.49969
363.33,947.12,6.6204,0.49968
811.25,1167.6,6.6121,0.49969
1412.7,1087.5,6.6199,0.49959
785.47,1128.1,6.6146,0.49968
788.99,1193.8,6.611,0.4997
2727.7,380.55,6.6734,0.49905
415.8,1591.3,6.5835,0.49996
1509,1200.2,6.6142,0.49962
409.58,1428.9,6.5942,0.49988
2553.6,675.54,6.65,0.49926
256.21,541.24,6.6425,0.49953
622.45,374.09,6.6601,0.49934
619.5,1228.7,6.6073,0.49975
1368.4,1474.3,6.5972,0.49977
619.64,731.33,6.6345,0.49954
787.86,1498.5,6.592,0.49985
560.42,595.2,6.6431,0.49948
744.3,1489.9,6.5923,0.49986
764.96,855.55,6.6289,0.49957
2566.3,551.35,6.658,0.49919
2571.7,1184.7,6.6222,0.49947
2537.2,1474.5,6.6042,0.49962
764.04,1448.8,6.5952,0.49983
372.99,1072.9,6.6141,0.49973
2604.5,1366.1,6.6118,0.49955
1310.5,1145.1,6.6161,0.49962
330.28,688.04,6.6345,0.49958
1343.5,740.34,6.6395,0.49944
1191.6,1410.3,6.6003,0.49976
295.42,1073.2,6.613,0.49975
2762.4,552.32,6.6601,0.49915
365.09,952.49,6.62,0.49969
1360.3,1227.4,6.6119,0.49965
462.88,716.68,6.6339,0.49956
1273.2,1134.7,6.6164,0.49962
1340,1042.7,6.6217,0.49958
2732.6,1012.9,6.633,0.49936
1403.3,1231.1,6.6117,0.49965
357.7,992.17,6.618,0.4997
2085.5,1120.9,6.6215,0.49953
1194.7,1420.6,6.5992,0.49976
491.6,1137.1,6.6117,0.49973
2429.4,1363.8,6.6105,0.49958
744.05,1499.6,6.5915,0.49986
1174.7,1346.8,6.6037,0.49973
327.45,1267.4,6.6026,0.49983
492.97,1112.5,6.6125,0.49972
450.85,739.64,6.6327,0.49957
458.82,747.89,6.6323,0.49957
926.26,529.48,6.6499,0.49939
580.55,590.84,6.6427,0.49948
2273.7,1435.7,6.6043,0.49964
780.61,468.83,6.6529,0.49938
2300.4,791.54,6.6414,0.49935
464.99,746.05,6.6321,0.49958
348.25,871.55,6.6244,0.49965
2620.2,1106.9,6.6272,0.49943
2563.2,1210.1,6.6202,0.49949
741.39,1464.7,6.5943,0.49984
1111.3,1031.9,6.6209,0.4996
1682.3,1076.8,6.6219,0.49955
2247.6,1408.6,6.6058,0.49964
2831.2,914.36,6.6398,0.49929
2305.2,1394.9,6.6071,0.49962
1410.6,1231.3,6.6118,0.49965
1393.2,1109.6,6.6187,0.4996
1598.6,1456.3,6.5988,0.49974
754.37,1509.3,6.5908,0.49987
352.59,563.53,6.6421,0.49951
369.86,1044.7,6.6151,0.49972
479.6,1401,6.596,0.49986
1553.2,1457.5,6.5991,0.49974
771.03,816.9,6.6305,0.49955
1067.5,1287,6.6068,0.49971
251.35,538.32,6.6424,0.49953
789.2,1479.2,6.593,0.49985
364.21,1066.8,6.6139,0.49973
762.25,1140.8,6.6128,0.49969
2572,1165.2,6.6226,0.49947
2211.1,1396.4,6.6067,0.49963
784,1103.8,6.6154,0.49967
469.06,813.43,6.6285,0.4996
1163.8,1056.9,6.6198,0.49961
2706.9,1460.7,6.6072,0.49957
2546,1314.1,6.6143,0.49954
282.69,962.19,6.6181,0.49972
352.42,655.01,6.6361,0.49956
1784.6,1148,6.6184,0.49957
2090.2,1458.7,6.6017,0.49968
2803.3,1123.4,6.6284,0.49939
1466.7,1118.5,6.618,0.4996
1150.9,1044.1,6.6203,0.4996
519.33,1602.1,6.5824,0.49996
1246,1299.5,6.6066,0.4997
393.95,1372.7,6.5972,0.49986
342.67,379.33,6.6559,0.49941
1260.2,1297.9,6.6071,0.4997
964.38,1547.1,6.5896,0.49986
2359.9,1352.6,6.6103,0.49959
407.09,1395.9,6.5958,0.49987
518.93,1429,6.5949,0.49986
1687.7,1097.8,6.6207,0.49956
607.34,366.23,6.6602,0.49934
463.4,770.01,6.6309,0.49958
274.19,790.8,6.6275,0.49964
1130.9,1398.6,6.6007,0.49976
2816.9,930.97,6.6385,0.4993
1071.4,1359.7,6.6022,0.49975
303.22,467.2,6.6484,0.49947
486.64,1194.1,6.6082,0.49976
2720.8,959.08,6.6353,0.49935
400.66,1363.5,6.5978,0.49985
1233,1384.6,6.6014,0.49974
1835.6,1363.3,6.6059,0.49967
2469.3,1476.2,6.6032,0.49963
2775.5,795.96,6.6454,0.49926
515.52,1507.6,6.5895,0.4999
318.31,1310.5,6.6002,0.49985
2747,1267.7,6.6192,0.49947
745.25,1480.3,6.5925,0.49985
373.24,1064.8,6.614,0.49973
458.6,674.66,6.6359,0.49955
522.73,1363.4,6.5987,0.49983
336.85,1191.1,6.6068,0.49979
2563.4,960.45,6.6334,0.49939
1686.3,1131.5,6.6187,0.49958
476.07,1272.2,6.6038,0.4998
1785.7,1135.7,6.6189,0.49957
2626.7,417.41,6.668,0.49911
481.86,405.53,6.6557,0.49939
517.52,1408.4,6.596,0.49985
1252.1,936.06,6.6268,0.49954
2080.5,414.73,6.6649,0.49919
2200.1,1417.5,6.605,0.49965
2729.1,992.29,6.6339,0.49936
349.43,592.84,6.6397,0.49953
1543.9,1404.5,6.602,0.49972
1090.1,751.02,6.6368,0.49948
365.32,1070,6.6134,0.49974
1165.3,1076.7,6.6184,0.49962
1223.3,901.26,6.6288,0.49953
1436.6,1371.4,6.6033,0.49972
252.38,432.86,6.6501,0.49947
2682.2,959.47,6.6347,0.49936
653.94,1412.3,6.5965,0.49983
1301.5,956.57,6.626,0.49955
508.3,1409.7,6.5957,0.49986
2829.3,783.5,6.6465,0.49924
1788.5,1074.6,6.6219,0.49954
1708,1095.6,6.6205,0.49956
641.72,1112,6.6132,0.4997
1193.6,1412.3,6.5993,0.49976
2360.3,1120.6,6.6233,0.49949
2670.2,626.37,6.6535,0.49921
1546.7,1415.3,6.6015,0.49972
790.72,1459.2,6.594,0.49984
657.52,1217.8,6.6075,0.49974
811.28,1446.8,6.5949,0.49983
2756.3,528.73,6.6613,0.49914
339.63,545.9,6.6428,0.49951
354.27,660.49,6.6354,0.49957
1037.5,1454.6,6.5961,0.4998
472.14,1443.1,6.5933,0.49988
491.82,1082,6.6136,0.49972
2311.3,1109.8,6.6234,0.49949
2694.9,946.63,6.6355,0.49935
2240.6,1373,6.608,0.49962
530.84,373.62,6.6591,0.49936
2598.4,1298,6.6159,0.49952
2549.4,1144.5,6.6231,0.49947
957.88,1536.1,6.5895,0.49986
279.64,917.37,6.62,0.4997
1435.4,1107.8,6.6185,0.4996
1161,1069.8,6.619,0.49961
1082.2,1429,6.5975,0.49979
471.67,1004.5,6.6178,0.49969
2566.6,1391.6,6.6099,0.49957
1879.5,1359.9,6.6061,0.49966
808.69,1507.5,6.5907,0.49986
1389.6,1204.2,6.6124,0.49965
719.38,836.9,6.6289,0.49957
351.85,904.79,6.6219,0.49967
480.67,1550,6.586,0.49993
626.35,1285.4,6.6034,0.49978
481.92,814.47,6.6278,0.49961
2279.2,793.14,6.6405,0.49936
303.43,336.98,6.6594,0.49939
602.9,756.08,6.6329,0.49955
2237.4,1426.8,6.6039,0.49965
689.61,506.28,6.6487,0.49942
1128.2,1610.7,6.5847,0.49988
2302.6,746.05,6.643,0.49934
1721,1077.1,6.6212,0.49956
2749.6,830.14,6.6428,0.49928
791.45,1428.8,6.5958,0.49982
487.32,1174.3,6.6087,0.49976
1273.4,1281.1,6.6074,0.49969
303.2,334.17,6.6591,0.49939
715.97,833.25,6.6289,0.49957
2443,1370.6,6.609,0.49959
746.55,1460.3,6.5934,0.49985
293.32,1029.3,6.6145,0.49974
1201.2,1366.6,6.6019,0.49974
2353.3,789.51,6.6412,0.49935
1076,1328.4,6.6038,0.49974
1148.1,1507.3,6.5931,0.49982
1763.5,1093,6.6207,0.49956
2340.6,1135,6.622,0.4995
2536.5,536.09,6.6578,0.4992
248.68,504.97,6.6444,0.49952
282.86,978.58,6.6169,0.49973
1426.3,1176.3,6.6143,0.49963
2332.7,1132.4,6.622,0.4995
1239.8,1362.6,6.6023,0.49974
1069.9,1287,6.6062,0.49972
1161.1,1212.6,6.6109,0.49968
2532.3,1326.9,6.6128,0.49955
2632.4,1114.8,6.6255,0.49944
470.84,1427.1,6.5941,0.49987
806.42,1181.4,6.6106,0.49971
517.2,1602.2,6.5822,0.49996
2816,803.83,6.6448,0.49925
1070,1487.4,6.5933,0.49982
2361.7,1118.1,6.623,0.49949
332.94,606.17,6.6387,0.49954
2309.9,1121.3,6.6225,0.4995
2657.3,607.06,6.6547,0.49921
1296,1281.7,6.6078,0.49969
511.09,1367,6.5985,0.49983
1118.8,1450.3,6.5965,0.49979
2434.4,1344.1,6.6109,0.49958
566.37,1546.8,6.5863,0.49992
617.39,1392.1,6.5972,0.49983
2750.4,363.19,6.674,0.49904
1077.1,1180.6,6.6123,0.49967
2539.1,1315.8,6.613,0.49955
532.85,339.89,6.6618,0.49933
642.86,1413.8,6.5956,0.49984
2692.4,1015.1,6.6314,0.49938
1331.3,1292.9,6.6072,0.49969
1305.2,1131.9,6.6157,0.49963
1015.5,1094.3,6.6166,0.49964
2455.9,1333.9,6.6111,0.49957
498,1143.8,6.61,0.49974
329.06,1267.3,6.6018,0.49984
2313.1,1094.5,6.6239,0.49949
2825.4,721.72,6.6499,0.49921
1444,1253.6,6.6096,0.49966
1339.4,1114,6.6168,0.49962
1326.6,1252.1,6.6091,0.49968
2518.1,241.5,6.6844,0.49899
2617.1,304.91,6.6783,0.49903
283.58,960.39,6.6174,0.49972
412.72,1456.1,6.5916,0.4999
1303.9,1310.6,6.6059,0.4997
2531.6,303.83,6.6775,0.49905
1416,563.93,6.6488,0.49936
2777.1,421.56,6.6689,0.49907
462.57,740.89,6.6319,0.49958
1081.3,1158.6,6.6129,0.49967
376.21,1069.3,6.6127,0.49974
1788.6,1107.8,6.6198,0.49956
555.47,352.77,6.6603,0.49934
2714,1297,6.6164,0.4995
516.76,1601.4,6.5821,0.49996
720.73,789,6.6311,0.49955
910.36,1452.9,6.5946,0.49982
472.79,1284,6.6021,0.49981
787.66,867.21,6.6272,0.49958
468.98,776.47,6.6294,0.4996
2701,661.65,6.6519,0.49922
2305.5,820.98,6.6383,0.49938
268.52,824.42,6.6247,0.49967
303.09,1079.3,6.6114,0.49976
2588.4,981.04,6.6319,0.49939
491.39,1106.4,6.6122,0.49973
1059.4,1315.3,6.6043,0.49973
2519.2,1322.8,6.6122,0.49956
2571.3,1402.1,6.6081,0.49958
1502.1,1148,6.6161,0.49961
2071,1487.6,6.5986,0.49971
1297.5,1277.1,6.6077,0.49969
2706.8,1054.3,6.63,0.49939
416.07,1455.6,6.5913,0.4999
2592.1,1482.2,6.6036,0.49962
2228.7,468.79,6.6605,0.49921
1057.8,1284.2,6.6058,0.49972
2772.6,577.88,6.6575,0.49916
1127,937.45,6.625,0.49957
344.29,543.21,6.6427,0.49951
454.98,770.55,6.6298,0.49959
2071.3,1487.1,6.5988,0.4997
1239,1254.4,6.6087,0.49969
2223,1414.7,6.6046,0.49965
591.98,719.52,6.6337,0.49955
728.65,827.37,6.6295,0.49957
2264.5,502.01,6.6586,0.49922
358.61,630.78,6.6367,0.49956
602.18,943.4,6.6214,0.49964
1554.6,1451.7,6.5986,0.49974
1835.9,486.25,6.6571,0.49927
401.43,1149.1,6.6089,0.49977
2559,304.48,6.6775,0.49904
1453.3,1175.6,6.6138,0.49963
2751,370.25,6.6729,0.49905
487.63,1039,6.6152,0.4997
1444,1104,6.618,0.4996
2402.1,1325.4,6.6113,0.49958
2715.4,574.88,6.657,0.49918
529.97,1507.7,6.5886,0.49991
2348.1,1045.9,6.6265,0.49946
775.36,841.41,6.628,0.49957
372.87,1038.2,6.6146,0.49973
352.2,623.92,6.637,0.49955
2830.9,830.88,6.6431,0.49926
2785.2,1117,6.6273,0.4994
2699.4,668.38,6.6511,0.49923
482.1,1550.9,6.5854,0.49994
570.82,709.63,6.6347,0.49954
255.44,684.48,6.6323,0.49961
2715.6,992.9,6.6328,0.49937
360.72,662.73,6.6346,0.49957
2286.2,822.75,6.6381,0.49938
2716.5,959.84,6.6346,0.49935
614.69,1272.9,6.6041,0.49978
300.57,1051.2,6.6126,0.49976
518.35,1366.8,6.5981,0.49984
2794.6,447.79,6.6671,0.49909
487.29,1009.2,6.6166,0.49969
1230.2,1457.8,6.5958,0.49979
1491.6,1256.3,6.6096,0.49966
1748,1161.5,6.6162,0.49959
592.94,595.39,6.6419,0.49948
2307,1136.4,6.6209,0.49951
885.57,1431.5,6.596,0.49981
498.57,1148.3,6.6096,0.49975
1106.6,1336.8,6.603,0.49974
2567.5,1017.9,6.6295,0.49942
277.27,826.38,6.6241,0.49967
2807.2,979.25,6.6349,0.49933
2593.7,1298.1,6.6151,0.49953
1267.7,961.98,6.6243,0.49956
2297.7,822.5,6.6381,0.49938
537.61,350.34,6.6598,0.49935
357.31,600.3,6.6384,0.49954
2742.5,523.67,6.6606,0.49915
659.02,1431.6,6.5941,0.49985
621.73,715.47,6.6339,0.49954
765.91,1508,6.5897,0.49987
1238.5,1362.9,6.6021,0.49974
2728,369.3,6.6727,0.49905
2719.5,612.84,6.6543,0.4992
2787.9,398.49,6.6705,0.49906
899.54,1451.6,6.5946,0.49982
405.86,1290.2,6.6006,0.49983
2816.9,850.4,6.6416,0.49928
788.89,784.94,6.6314,0.49954
1269.9,1134.9,6.6151,0.49963
2817.4,889.19,6.6394,0.4993
1219.6,1421.3,6.5982,0.49977
396.86,1373.2,6.5961,0.49987
891.81,1415.3,6.5964,0.49981
2456.6,1475.3,6.602,0.49964
2783.4,452.51,6.6659,0.4991
1376.8,1387.3,6.6013,0.49974
1023.5,1161.8,6.6119,0.49968
2358.5,1133,6.6213,0.4995
824.02,1418,6.5962,0.49982
497.81,1166.5,6.6086,0.49975
582.35,577.1,6.6421,0.49948
410.78,1529.6,6.5862,0.49994
2714.3,643.41,6.6519,0.49922
762.54,1442.8,6.5944,0.49984
2780.3,896.43,6.6384,0.49931
1306.1,982.33,6.6231,0.49957
490.02,1048.2,6.6147,0.49971
2776.9,778.41,6.6452,0.49926
1465.8,741.54,6.6383,0.49944
374.26,1032.8,6.6141,0.49973
2308.3,1123.5,6.6217,0.49951
1284.6,977.8,6.6236,0.49957
1515.6,1192.8,6.6132,0.49963
2812.5,775.35,6.6459,0.49925
2415.4,1385.1,6.607,0.49961
488.66,1456,6.5912,0.49989
2644.7,757.84,6.6447,0.49929
1025.7,552.95,6.6474,0.4994
1168,1345.6,6.6025,0.49974
369.98,1008.4,6.6156,0.49972
1411.1,1249.5,6.609,0.49967
249.77,498.61,6.6437,0.49952
1253.5,1250.1,6.6085,0.49969
465.64,740.16,6.6309,0.49958
1083.6,433.71,6.6567,0.49932
1176.6,1335.3,6.6031,0.49974
324.78,1262.3,6.6017,0.49984
2715.9,573.99,6.6567,0.49918
987.9,751.88,6.635,0.4995
738.72,869.47,6.6262,0.49959
518.31,1494.1,6.5892,0.4999
2734.5,978.54,6.6332,0.49936
282.53,922.34,6.6187,0.49971
416.16,1449.1,6.5916,0.4999
2277.9,1374.9,6.6065,0.49963
1071.6,1243.1,6.6078,0.49971
406.43,1291.9,6.6004,0.49983
1065.7,1527.3,6.5903,0.49984
467.88,770.34,6.6291,0.4996
289.2,1021.3,6.614,0.49975
366.46,897.11,6.6214,0.49967
1435.5,1168.8,6.614,0.49963
1293.1,1023.7,6.621,0.49959
2694.2,545.05,6.6584,0.49917
1443.9,1119.2,6.6163,0.49961
2364.7,1090.9,6.6237,0.49948
1610.7,1484.6,6.5954,0.49977
2363.1,1105.9,6.6228,0.49949
2286.6,1388.2,6.6062,0.49963
329.73,499.4,6.645,0.4995
2665.9,716.81,6.6475,0.49926
360.67,891.97,6.6216,0.49967
2285.3,1084.5,6.6234,0.49949
481.23,1605.7,6.5808,0.49998
2555,660.18,6.649,0.49927
1246.6,1410.2,6.5984,0.49977
1340.9,523.18,6.6509,0.49935
2751.9,830.25,6.6418,0.49929
2731.5,943.63,6.6353,0.49935
2551.6,1176.7,6.6202,0.49949
581.96,562.18,6.6428,0.49948
2464.2,1318,6.6117,0.49957
1106.6,1207.1,6.6102,0.49969
2547.6,632.68,6.6515,0.49925
748.82,1428.8,6.5945,0.49984
1243.1,1354.9,6.6018,0.49974
1278.1,1351.5,6.6022,0.49974
788.68,1101.7,6.6139,0.49968
1252.7,1209.1,6.6103,0.49967
2746.6,551.29,6.6584,0.49916
1246.1,1379.8,6.6006,0.49975
2521.8,241.41,6.6836,0.499
443.43,1259.2,6.603,0.49981
1272.5,1189.4,6.6118,0.49966
396.28,1361,6.5965,0.49987
2758.6,503.98,6.6615,0.49914
1147.7,1367.4,6.6005,0.49976
2688.4,1320.7,6.6141,0.49952
1109.8,1207,6.6101,0.49969
517.61,1394.7,6.5954,0.49986
529.68,1482.8,6.5896,0.4999
2766.4,912.11,6.637,0.49933
257.37,510.67,6.6426,0.49953
2365.8,1079.3,6.6242,0.49948
1773.3,1148.2,6.6167,0.49959
2579.2,304.74,6.677,0.49904
517.2,1471.7,6.5905,0.49989
1206,1366.5,6.601,0.49975
2589.2,963.43,6.632,0.49939
1148.1,1286,6.6053,0.49972
508.8,1116.7,6.6106,0.49974
725.79,819.14,6.6283,0.49958
1181.1,1006.6,6.6212,0.49959
413.75,1337.4,6.598,0.49985
522.92,1394.8,6.5954,0.49986
2717.4,938.32,6.6352,0.49935
474.2,690.48,6.6337,0.49956
345.56,1171.5,6.6064,0.4998
461.74,1313.3,6.5996,0.49983
791.1,789.93,6.6305,0.49955
1718.4,1110,6.6181,0.49958
2761.6,1349.8,6.6131,0.49951
810.68,1127.4,6.6126,0.49969
494.28,1087.1,6.6123,0.49973
2439.6,1479,6.6017,0.49965
2334,791.57,6.6397,0.49936
795.9,842.26,6.6278,0.49957
2293.2,1095.6,6.6227,0.4995
1540.7,1386.7,6.6012,0.49972
642.39,1438.1,6.5931,0.49986
1420.6,1267.4,6.608,0.49968
634.18,1441.4,6.5928,0.49986
630.3,1288.2,6.6021,0.49979
2062.6,1500.4,6.5971,0.49972
1733,1506.3,6.595,0.49976
2693.4,546.61,6.6579,0.49918
2688,1027.8,6.6299,0.4994
1416.2,1368.3,6.6016,0.49973
316.86,365.45,6.6555,0.49942
1487.9,1280.2,6.6077,0.49968
1111.5,1325.9,6.6028,0.49974
468.18,1212.5,6.605,0.49979
598.64,1048,6.6156,0.49969
2683.8,701.45,6.648,0.49926
1055.2,1190.1,6.61,0.49969
510.83,1393.4,6.5952,0.49986
1174.5,1408.1,6.5983,0.49977
520.21,349.99,6.6592,0.49936
1345.4,523.34,6.6507,0.49935
475.86,1443.3,6.5919,0.49989
381.3,1095.4,6.6107,0.49976
2790.9,549.44,6.6591,0.49915
2765.3,403.52,6.6694,0.49907
2018.5,1149.4,6.6179,0.49956
1147.6,1437.3,6.5959,0.49979
1523.6,1149.5,6.6147,0.49962
255.29,565.75,6.6392,0.49956
2114.5,1476.6,6.5988,0.4997
540.23,351.28,6.659,0.49936
1487.3,1272.1,6.608,0.49968
272.73,617.53,6.6359,0.49958
2676.8,605.87,6.6536,0.49921
464.55,711.11,6.6321,0.49958
315.13,1027,6.6132,0.49975
2604.6,827.45,6.6394,0.49933
2588.1,789.54,6.6419,0.49932
1057.4,1190,6.61,0.49969
1056.1,1320,6.603,0.49975
462.48,1284.4,6.6008,0.49982
2591.4,695.62,6.6468,0.49928
2793,1162.9,6.624,0.49942
526.77,1437.4,6.5922,0.49988
2742.5,593.78,6.6556,0.49919
1812.9,1501.9,6.5954,0.49975
612.07,1218.3,6.6063,0.49976
2575.7,1130.9,6.6226,0.49947
2436.8,396.13,6.6671,0.49914
2394.9,433.48,6.6634,0.49917
2711.5,1047.1,6.6296,0.49939
2616.2,1263.4,6.6157,0.49952
258.78,515.75,6.6419,0.49953
269.79,819.46,6.6236,0.49968
1119,1014.8,6.6198,0.49961
477.71,1611,6.58,0.49998
2530.8,1277.9,6.6138,0.49954
2780.3,932.18,6.6358,0.49933
1285.7,1154.6,6.6134,0.49965
1436,1170,6.6131,0.49964
2557.2,941.01,6.6332,0.49939
2730,1163.4,6.6232,0.49944
1125.5,1451.6,6.595,0.4998
378.44,1043.6,6.6129,0.49974
1068.1,1204.4,6.6096,0.49969
2505.5,1321.4,6.6114,0.49957
355.08,629.66,6.6357,0.49956
364.23,697.14,6.6317,0.49959
1385.8,1015.9,6.6211,0.49958
2683.8,703.06,6.6477,0.49926
497.86,1117.9,6.6104,0.49974
311.93,1049,6.6122,0.49976
2789,477.59,6.6634,0.49912
2751.5,1236.3,6.6192,0.49947
620,914.52,6.6219,0.49964
1022,452.35,6.6538,0.49935
2624.3,309.17,6.6765,0.49904
2205.7,872,6.6339,0.49942
552.38,253.21,6.6695,0.49927
424.55,1481.8,6.5888,0.49992
2282.1,1110.7,6.6214,0.49951
374.17,919.54,6.6193,0.49969
2706.6,607.76,6.6537,0.49921
2499.7,238.07,6.6837,0.499
449.43,657.88,6.6353,0.49955
2582.4,676.93,6.6477,0.49927
2782.9,382.4,6.6712,0.49906
421.63,1455.7,6.5904,0.49991
403.12,1579.4,6.5819,0.49998
2713.3,1296.9,6.6152,0.49951
2101.5,723.31,6.6421,0.49936
808.63,1461,6.5927,0.49985
1339.1,430.46,6.6577,0.4993
483.11,783.92,6.6278,0.49961
1557.6,1352.6,6.6031,0.49971
1305.5,1267.2,6.6067,0.4997
294.42,1066.3,6.6111,0.49977
2658.2,1380.1,6.6093,0.49956
2754.8,473.2,6.6632,0.49912
2798.2,1128.6,6.6257,0.49941
2730.4,476.68,6.6629,0.49913
1188.9,1042.7,6.6186,0.49961
411.03,1361.4,6.5961,0.49987
355.82,1158,6.6065,0.49979
773.89,863.7,6.6258,0.49959
507.2,1086,6.6117,0.49973
1431.9,1366.8,6.6014,0.49973
496.27,1506.9,6.5872,0.49992
2828,737.15,6.6475,0.49923
2549.6,1270.8,6.6142,0.49954
2626.5,311.5,6.6761,0.49904
745.99,833.77,6.6274,0.49958
2807.2,770.96,6.6452,0.49925
1775.4,1135.8,6.6168,0.49959
2827.1,753.79,6.6465,0.49924
671.27,1427.4,6.5935,0.49985
241.75,465.05,6.6456,0.49951
380.89,1082,6.611,0.49975
2542.4,301.23,6.6766,0.49905
2759.5,564.31,6.6567,0.49917
1223.2,835.44,6.6299,0.49952
2633.4,963.66,6.6325,0.49938
353.65,599.02,6.6374,0.49955
1722.4,1106.6,6.6178,0.49958
1199.1,1254.2,6.6068,0.4997
2623.8,658.66,6.6496,0.49925
2089.9,1093,6.6206,0.49953
1150.5,1320.3,6.6027,0.49974
249.42,390.77,6.6513,0.49946
2426.3,1453.1,6.6021,0.49965
1282.2,1050.3,6.6184,0.49961
2310.6,1106.3,6.6217,0.4995
894.72,433.59,6.6539,0.49936
859.47,1434.7,6.5944,0.49983
893.05,1424.4,6.5949,0.49982
1538.1,1513.2,6.5926,0.49979
725.86,790.58,6.6293,0.49957
2658.6,1138.2,6.6227,0.49946
262.06,453.21,6.6464,0.4995
2580.1,790.41,6.6408,0.49933
777.23,833.02,6.6275,0.49958
249.92,469.03,6.645,0.49951
1874.3,421.3,6.6612,0.49923
2580.7,807.69,6.6398,0.49933
577.54,609.28,6.6389,0.49951
466.31,686.83,6.6331,0.49957
485.79,1545.9,6.5847,0.49995
2347.8,782.43,6.6402,0.49936
1108.8,1594.3,6.5844,0.49989
2561.7,312.36,6.6749,0.49906
1129.4,1051,6.6178,0.49962
2660.5,607.57,6.653,0.49922
1478.4,871.02,6.6296,0.49951
2311.5,1096.2,6.6222,0.4995
2294.3,1083.6,6.6227,0.4995
2667.9,349.42,6.6725,0.49907
2632.7,1385.5,6.6085,0.49957
524.36,1449.3,6.5913,0.49989
333.85,367.27,6.6545,0.49942
421.83,1512.2,6.5862,0.49994
2231.1,425.4,6.6624,0.49919
2555.3,1281.8,6.6134,0.49954
2553.3,1274.6,6.6147,0.49953
2295.3,1127.8,6.6207,0.49951
530.02,1460,6.5903,0.49989
1320.5,990.27,6.6217,0.49958
1017.7,1487.2,6.5913,0.49984
1012.1,1495,6.5912,0.49984
527.87,1493,6.5884,0.49991
2782.2,368.42,6.6721,0.49905
1118.4,1317.6,6.6033,0.49974
648.66,1575.1,6.5834,0.49994
1542.9,1387.4,6.6005,0.49973
2672,1141.5,6.6226,0.49946
2688.8,995.74,6.631,0.49939
2704.6,582.54,6.6549,0.4992
2666.7,926.83,6.6346,0.49936
1715.1,1134.6,6.6164,0.49959
464.73,689.31,6.6332,0.49957
342.01,1230.7,6.6025,0.49983
520.17,1483.9,6.5889,0.49991
260.84,575.77,6.6374,0.49957
1095.4,1494.4,6.5912,0.49984
1178.4,1068.6,6.6171,0.49963
2217.6,1415.9,6.6025,0.49966
2290,785.98,6.6395,0.49937
2796.2,428.46,6.6669,0.49909
514.85,1424.4,6.5927,0.49988
903.71,1451.7,6.593,0.49984
2363.2,1092.9,6.6226,0.49949
1211.6,1394.6,6.5983,0.49977
2580.3,643.91,6.6493,0.49926
481.15,1318.1,6.5986,0.49984
1286.2,1087.4,6.6162,0.49962
2348.5,743.62,6.6417,0.49935
2765.8,499.4,6.6611,0.49914
1087.8,1097.8,6.6147,0.49965
398.16,1358.4,6.5958,0.49987
1229.5,1017.6,6.6198,0.4996
2529.9,323.32,6.6739,0.49907
1261.4,1270.3,6.6059,0.49971
526.49,1471.2,6.5897,0.4999
1460.6,1103.7,6.6166,0.49961
788.64,832.56,6.6275,0.49958
1612.7,1476.4,6.595,0.49977
1284.1,1594.6,6.5851,0.49987
1588.3,426.08,6.659,0.49927
2723.1,642.66,6.6514,0.49922
1573.9,1391.4,6.6012,0.49972
2648.5,1030.4,6.6285,0.49941
1079.9,1122.6,6.6136,0.49966
592.62,778.97,6.6287,0.49959
289.77,923.54,6.6177,0.49972
1410.3,1018.7,6.6206,0.49958
1996.8,724.7,6.641,0.49938
2719,545.3,6.6572,0.49918
537.36,346.51,6.6591,0.49936
516.8,1438.8,6.5917,0.49989
1723.5,1075.1,6.6195,0.49957
2523.4,290.94,6.6771,0.49905
2375.4,1334.5,6.6086,0.4996
2706,884.4,6.6372,0.49934
822.79,464.79,6.651,0.49939
1224.3,875.12,6.6277,0.49954
2218.2,1371.5,6.6057,0.49964
418.12,547.66,6.6413,0.49951
2126,1472.6,6.5986,0.4997
2064.4,1483.6,6.5973,0.49972
2748.7,456.76,6.6642,0.49912
2193.9,525.32,6.6545,0.49926
1322.3,1067.7,6.6177,0.49961
1286.3,1146,6.6129,0.49965
648.81,1116.5,6.6108,0.49972
1556.7,1355.8,6.6023,0.49971
789.88,843.25,6.6268,0.49958
2766.4,946.76,6.6341,0.49935
2749.2,526.28,6.6587,0.49916
2331.5,744.51,6.6414,0.49935
1240.2,1442.5,6.5953,0.49979
285.24,872.98,6.6204,0.4997
2700.7,1001.7,6.6302,0.49939
281.05,918.29,6.6182,0.49972
770.28,1169.1,6.6087,0.49973
1836.5,1360.1,6.6036,0.49969
1331.2,1214.6,6.6094,0.49967
1415.9,1246.2,6.6083,0.49968
2032.6,1062.4,6.6218,0.49953
942.58,1385.8,6.5976,0.4998
2644.6,746.82,6.6437,0.49929
1287.4,1327.2,6.603,0.49973
2298,764.07,6.64,0.49936
485.27,1370.2,6.5953,0.49986
648.54,1574.8,6.5831,0.49994
797.51,1194.2,6.6076,0.49973
404.91,1148.6,6.6074,0.49978
319.98,1070.6,6.6102,0.49977
2782.7,368.82,6.6719,0.49905
1325.9,1443.7,6.5955,0.49978
766.82,1162,6.6095,0.49972
2209.5,1326.1,6.6081,0.49962
1011.2,1496.8,6.5907,0.49985
1795,733.11,6.6392,0.49941
2340.4,1026.6,6.6257,0.49947
259.17,285.79,6.6613,0.49938
2308.7,810.38,6.6373,0.49938
1239.8,1328.9,6.6026,0.49973
528.05,1483.5,6.5887,0.49991
2333.8,816.01,6.6371,0.49938
355.5,1179.1,6.6051,0.4998
1163.4,1073.9,6.6164,0.49963
1482.4,1450.9,6.5967,0.49976
2543.6,1290.9,6.6124,0.49955
1601.6,1462.7,6.5959,0.49976
2525.5,1263,6.6148,0.49954
1679.4,733.97,6.6385,0.49942
2253.3,1385,6.6044,0.49965
1245.2,1399.6,6.5984,0.49977
356.65,391.65,6.6522,0.49943
1107.5,1435.2,6.5949,0.49981
2280.9,1431.2,6.6017,0.49966
2551.5,551.97,6.6547,0.49922
397.03,403.98,6.6521,0.49943
2063.4,1119.6,6.6188,0.49955
2538.9,1295.3,6.6125,0.49955
2571.8,1176.1,6.6195,0.49949
516.82,1180,6.6061,0.49977
1441.9,1081,6.6175,0.4996
403.86,1416.5,6.5922,0.4999
472.94,1367.7,6.5952,0.49986
1883.8,515.54,6.6534,0.49929
267.66,822.21,6.6229,0.49968
534.75,1504.7,6.5872,0.49992
1357.9,1202.2,6.6104,0.49967
438.19,1511.1,6.586,0.49994
2691.9,1469.9,6.603,0.49961
1209.2,1195.6,6.6095,0.49968
626.03,1383.8,6.596,0.49984
2832.5,869.69,6.6392,0.49929
747.99,1133,6.6107,0.49971
558.86,1593.7,6.581,0.49996
1203.2,1449.7,6.595,0.4998
1259.2,447.31,6.6547,0.49933
2801.4,453.44,6.6645,0.4991
563.7,264.2,6.6675,0.49929
1793.3,515.18,6.6525,0.49931
2532.9,327.52,6.6734,0.49908
2745.3,1258,6.6173,0.49949
2292.5,1409.4,6.603,0.49965
1789.5,1119.6,6.6171,0.49958
608.16,1212.9,6.6053,0.49977
1787.1,437.82,6.6583,0.49926
1267,1114.7,6.6143,0.49964
2314.6,1081.5,6.6224,0.4995
2400.2,446.86,6.6614,0.49919
2555.8,644.03,6.6486,0.49927
1107.8,1504.7,6.5906,0.49984
482.59,754.5,6.6287,0.4996
1187.9,1315.3,6.603,0.49974
2566.6,536.22,6.6557,0.49921
2789.7,1234.8,6.6189,0.49946
2103.3,1477.3,6.5974,0.49971
464.54,652.23,6.6345,0.49956
1787.3,1122.5,6.6169,0.49958
2700.9,1039.2,6.628,0.49941
343.11,496.33,6.6436,0.4995
1256.6,919.62,6.6247,0.49956
1398.9,1169.3,6.6123,0.49965
2306.3,1380.5,6.6048,0.49964
1017.4,1190.9,6.6089,0.4997
2540.3,1302,6.6115,0.49956
1116,1216.3,6.6078,0.4997
2801.3,759.66,6.645,0.49926
1150.9,1126.9,6.6132,0.49966
1354.8,1187.8,6.6115,0.49966
1156.2,1074.8,6.6157,0.49964
2608.4,1113.2,6.623,0.49946
514.98,1146.9,6.6077,0.49976
1452.9,1086.1,6.6167,0.49961
1306.5,1252.1,6.607,0.4997
2757.5,839.87,6.6398,0.49931
2781.7,851.43,6.6392,0.49931
2477.4,536.83,6.6552,0.49923
2699.6,1057.7,6.6269,0.49942
1684.8,1110.2,6.6169,0.49959
2061.6,1504.3,6.5959,0.49973
1276.8,1183.2,6.6103,0.49967
1224.9,1315.6,6.6026,0.49974
1515.8,1389.7,6.5999,0.49974
2763.9,1164.4,6.6223,0.49944
793.34,1440.2,6.5931,0.49985
2746.2,587.83,6.655,0.49919
534.01,1546.8,6.5838,0.49995
2626.2,312.22,6.6748,0.49905
520.07,1461.2,6.5898,0.4999
268.77,782.35,6.6245,0.49967
894.32,1433.2,6.5936,0.49983
635.7,936.19,6.6199,0.49965
2423,1381.3,6.6056,0.49962
266.78,288.08,6.6609,0.49939
2564.6,521.59,6.6566,0.49921
1165.8,1092.2,6.6151,0.49964
883.66,454.6,6.6517,0.49938
2764.8,529.72,6.6582,0.49916
1473.2,1103.5,6.6161,0.49961
410.75,1358.4,6.5951,0.49987
2720.7,989.61,6.6307,0.49938
1157.5,1360.1,6.5999,0.49976
530.62,1439.5,6.5912,0.49989
2362.5,1101.8,6.6215,0.4995
2277.4,1157.7,6.6179,0.49954
379.07,981.45,6.6154,0.49972
723.93,858.44,6.625,0.4996
2777.9,825.75,6.6408,0.49929
1434.4,1286.4,6.6053,0.4997
2705.5,1438.9,6.6049,0.49959
2284.5,1106.7,6.6206,0.49952
2181.7,431.49,6.6608,0.49921
338.03,1171.5,6.6051,0.49981
986.47,1055.3,6.616,0.49965
747.18,820.68,6.6272,0.49958
2261.4,1364.7,6.6053,0.49964
1111.6,1592.6,6.5838,0.49989
525.74,1381.5,6.5944,0.49986
2220.3,1415.6,6.6022,0.49967
374.56,968.83,6.6156,0.49972
571.61,1593,6.5808,0.49996
675.94,1400.4,6.5942,0.49985
371.56,731.46,6.6291,0.49961
346.02,515.71,6.6423,0.49951
513.39,1382.2,6.5946,0.49986
2423.4,1402.3,6.605,0.49963
1028.1,1437.8,6.5939,0.49982
2725.8,1046.2,6.6276,0.49941
383.26,1283.8,6.5993,0.49985
478.45,1287.1,6.5996,0.49983
2229.1,1396.5,6.6035,0.49966
1362,1202.6,6.6096,0.49967
653.33,719.49,6.6325,0.49955
1119.3,1365.4,6.5989,0.49977
921.22,1429.4,6.5943,0.49982
1317.7,976.37,6.622,0.49958
1125,1529.3,6.5882,0.49986
793.65,762.05,6.6312,0.49955
1284.2,1022.6,6.619,0.4996
1546.2,1372.8,6.6007,0.49973
1436.4,1103.3,6.6158,0.49962
384.58,1079.8,6.6099,0.49976
1101.6,451.08,6.6532,0.49935
1111.3,967.44,6.6214,0.4996
2821.8,748.98,6.6457,0.49925
522.1,1205,6.6048,0.49978
265.2,517.77,6.6407,0.49954
305.59,488.22,6.6437,0.49951
2582.9,660.56,6.6475,0.49927
378.13,1007,6.6136,0.49973
1247.4,1397.8,6.5975,0.49977
909.74,1432,6.5936,0.49983
849.48,1410.5,6.5946,0.49983
261.72,547.97,6.6385,0.49956
2476.5,538.51,6.6549,0.49923
2650.5,1074,6.6251,0.49944
2309,798.19,6.6375,0.49938
1062.9,1099.8,6.6136,0.49966
2216.4,1372.9,6.6049,0.49965
542.27,1437.6,6.5909,0.49989
1308.6,1206.8,6.6095,0.49968
350.33,526.28,6.6412,0.49952
2728.2,1033.3,6.6289,0.4994
2522.4,497.83,6.6581,0.4992
586.63,1543.9,6.5841,0.49994
2226,1434.8,6.6005,0.49968
1187.9,1190.5,6.6092,0.49969
2690.6,943.84,6.6329,0.49937
1355.8,744.2,6.6353,0.49947
434.82,1455,6.5891,0.49992
389.21,1351.4,6.5953,0.49988
1156.9,1431.2,6.5952,0.4998
1260.4,1015.3,6.6192,0.4996
2598.1,774.33,6.6409,0.49932
374.51,1251.7,6.6008,0.49983
270.84,299.55,6.6599,0.49939
820.21,1196.2,6.6069,0.49973
1974.6,1019.4,6.6232,0.49952
252.97,530.25,6.6396,0.49956
381.3,1059.1,6.6112,0.49975
1468.2,1080.4,6.6172,0.4996
575.96,551.73,6.6421,0.49948
2646.9,1370,6.6088,0.49957
2104.4,419.28,6.6618,0.49921
2083.7,1148,6.6165,0.49957
1196.9,1341,6.6007,0.49975
2219.8,640.67,6.6458,0.49932
2732.3,972.25,6.632,0.49937
483.26,1474.2,6.5885,0.49992
627.52,1433.2,6.5921,0.49987
2690.5,961.9,6.6319,0.49938
2004.3,1053.5,6.6216,0.49953
1157,1462.6,6.5928,0.49982
801.41,856.76,6.6254,0.49959
1266,1587.6,6.5843,0.49988
2434.5,399.67,6.6651,0.49915
649.54,1401.9,6.5938,0.49985
2724.2,1163.5,6.6215,0.49946
2723.7,576.06,6.6543,0.4992
2314.1,1360.2,6.6057,0.49963
1029.8,1462.5,6.5931,0.49983
1510.8,443.04,6.6559,0.4993
1437.6,1169.9,6.6117,0.49965
1117.6,1603.5,6.5828,0.4999
904.31,1447.5,6.5928,0.49984
2803.4,759.45,6.6447,0.49926
1070.9,1218.2,6.6072,0.49971
2573.1,1024.1,6.6272,0.49943
424.33,1472.6,6.5883,0.49993
266.12,671.62,6.6306,0.49962
438.01,1480.8,6.5873,0.49993
2787.9,383.33,6.6695,0.49907
1198,1379.3,6.5986,0.49977
348.82,513.32,6.6427,0.49951
1193.2,921.8,6.6237,0.49957
2562,998.38,6.6288,0.49942
473.86,784.74,6.6267,0.49962
522.41,1481.2,6.5882,0.49991
2713.3,529.02,6.6576,0.49918
615.71,575.68,6.6403,0.49949
2786.8,1250.6,6.6175,0.49948
1469.9,1145.9,6.613,0.49964
1325.2,1179.3,6.6108,0.49966
474.43,1243.3,6.6017,0.49981
427.77,1394.9,6.5927,0.49989
694.44,1335.6,6.5987,0.49981
1206.4,969.05,6.6218,0.49959
2601,1379.4,6.607,0.49959
796.55,1161,6.6089,0.49972
2778.7,811.42,6.6412,0.49929
2778.3,583.59,6.6549,0.49918
484.85,1486.3,6.5876,0.49992
2059.9,1481.5,6.5967,0.49972
432.36,1428.1,6.5905,0.49991
475.2,1244.5,6.6016,0.49981
1232,945.77,6.6229,0.49958
604.8,549.59,6.6423,0.49948
1280.5,908.8,6.6252,0.49956
393.58,1081.4,6.6096,0.49976
472.63,357.57,6.656,0.49939
953.37,454.01,6.6517,0.49937
1296.5,942.07,6.6234,0.49957
2221.2,1375.7,6.604,0.49965
2749,444.06,6.6643,0.49912
2729.7,348.5,6.6723,0.49906
1064.2,1435.9,6.5939,0.49982
2297,1399,6.603,0.49965
561.83,253.27,6.6681,0.49928
2703.4,962.48,6.6316,0.49938
1500.1,1394.3,6.5997,0.49974
446.45,1525.4,6.5846,0.49995
286.2,960.24,6.6152,0.49974
1712.7,1075.7,6.6184,0.49958
2267.2,1369.4,6.6051,0.49964
1024,1154.3,6.6106,0.49969
2746.5,899.02,6.6359,0.49934
2674.2,1471.6,6.6026,0.49961
2365.4,1075.2,6.6225,0.49949
2371.3,837.77,6.6356,0.49939
2191.4,1416.2,6.6016,0.49967
623.59,773.62,6.6283,0.49959
347.31,532.5,6.6408,0.49953
1980.7,1174.6,6.6146,0.49959
2754,551.5,6.6561,0.49918
491.54,1529.7,6.5842,0.49995
2563.2,507.42,6.6571,0.4992
750.19,844.69,6.6254,0.4996
2360,773.12,6.639,0.49937
1260.4,873.78,6.6266,0.49955
1269.4,1280.5,6.6046,0.49972
606.14,705.65,6.6327,0.49955
2280.9,1121.4,6.6193,0.49953
2297.4,1092.5,6.6216,0.49951
750.43,1440.2,6.5923,0.49986
2705.6,883.47,6.6358,0.49935
1095.6,888.96,6.6249,0.49957
409.02,1359.1,6.5948,0.49988
370.37,832.71,6.6225,0.49967
1698.7,1076.1,6.6182,0.49958
1591.5,1513,6.5921,0.49979
856.11,447.57,6.6511,0.49939
2352.7,1090.6,6.6221,0.4995
1289.4,974.11,6.6216,0.49958
1230.6,1256.9,6.6062,0.49971
2067.5,1053.6,6.6216,0.49953
2540.7,522.6,6.6557,0.49922
1400.1,746.34,6.6349,0.49947
365.81,780.87,6.6253,0.49964
2197.8,1077.7,6.6211,0.49952
2644.7,1369.5,6.6084,0.49957
2298.8,745.58,6.64,0.49936
2721.7,636.17,6.6501,0.49923
2792.3,448.67,6.6639,0.49911
2729.1,1011.4,6.6294,0.49939
508.48,351.5,6.6569,0.49938
2287.5,1417.3,6.6016,0.49966
356.45,885.07,6.6198,0.49969
2778.8,918.28,6.6353,0.49934
1171.8,1297.1,6.6027,0.49974
994.92,755.08,6.6322,0.49952
1399.3,1141.2,6.6131,0.49964
2603.7,1116.3,6.6218,0.49947
1277.1,1296.3,6.6037,0.49972
792.03,1456.4,6.5912,0.49986
1157.3,1412.2,6.596,0.49979
374.82,413.09,6.6502,0.49945
2223.4,642.22,6.6454,0.49933
2575.7,677.09,6.646,0.49929
491.67,1569.8,6.5815,0.49997
280.41,954.23,6.6152,0.49974
1132.8,1214.8,6.6072,0.49971
1200.5,1457.7,6.5929,0.49981
1219.4,1258,6.6056,0.49971
1184.3,1435.7,6.5946,0.4998
2765,553.28,6.6563,0.49918
530.87,1454.6,6.5898,0.4999
1012.3,573.03,6.6429,0.49944
469.8,483.9,6.6452,0.49947
635.84,937.33,6.6192,0.49966
595.92,923.07,6.6195,0.49966
924.07,1409,6.5951,0.49982
519.57,1435.7,6.5908,0.49989
1268.9,964.81,6.6216,0.49958
2725.4,470.24,6.6617,0.49914
1508.9,1147.6,6.6133,0.49963
793.82,1441.3,6.5922,0.49985
740.92,821.18,6.6265,0.49959
2329.9,1104.9,6.62,0.49952
2304.9,1093.4,6.6208,0.49951
387.76,1008.9,6.613,0.49974
1441.4,1139.7,6.6133,0.49964
288.4,982.84,6.6137,0.49975
2541.2,1279.9,6.6124,0.49955
1264.1,1331.7,6.601,0.49975
499.33,1480.1,6.5874,0.49992
794.54,1153.5,6.6088,0.49972
742.01,834.52,6.6257,0.49959
2740.3,359.67,6.6711,0.49907
752.33,868.53,6.6236,0.49961
2525.6,1197.3,6.6165,0.49952
472.48,755.09,6.628,0.49961
1072.8,1228.4,6.606,0.49972
611.41,754.18,6.6289,0.49958
1160.9,1094.8,6.6137,0.49965
532.88,1476.5,6.5883,0.49991
2721.7,1368.9,6.6093,0.49955
2213.4,1424.3,6.6009,0.49968
1260.6,954.53,6.6223,0.49958
1093.9,1394.5,6.597,0.49979
1044.4,1404.2,6.5954,0.49981
2697.2,1387.6,6.6076,0.49957
2776,405.65,6.6674,0.49909
2241.5,1422.1,6.6012,0.49967
1151.9,965.28,6.621,0.4996
1177.2,1169.4,6.6101,0.49968
1136.4,1074,6.6151,0.49965
2720,1370.5,6.6092,0.49955
1952.1,435.35,6.6584,0.49925
2538.5,1292.3,6.6115,0.49956
383.63,921.52,6.6175,0.4997
2365,1150.5,6.6181,0.49953
824.96,1218,6.6055,0.49975
2433.9,1379.4,6.605,0.49962
2588.5,1392.4,6.6061,0.4996
1029.4,1132.8,6.6109,0.49969
621.61,876.32,6.622,0.49964
2307.5,414.88,6.6626,0.49919
2224.3,1404.8,6.6021,0.49967
572.5,282.51,6.6646,0.49931
2511.6,1306.4,6.61,0.49958
2717.7,1376.8,6.609,0.49956
1240.5,1595.9,6.5833,0.49989
623.15,894.77,6.621,0.49964
503.63,356.64,6.656,0.49938
2690.2,982.76,6.6301,0.49939
265,487.8,6.6421,0.49953
2733.5,879.41,6.6363,0.49934
2091.3,1167.9,6.6152,0.49958
319.96,1036.5,6.6116,0.49976
1285.6,1300,6.6029,0.49973
2653,387.69,6.6672,0.49911
1080.3,1175.7,6.6092,0.4997
2510,214.97,6.6846,0.49899
490.33,1574.8,6.5811,0.49997
529.77,1460.3,6.589,0.4999
365.39,1183.4,6.6038,0.49981
632.58,1574.8,6.5816,0.49995
527.97,1438,6.5905,0.49989
2176.9,657.2,6.6444,0.49934
1090.4,1252.1,6.6047,0.49973
1180.8,449.63,6.6529,0.49935
534.94,1461.2,6.589,0.4999
2580.3,976.24,6.6288,0.49942
1800.5,536.15,6.65,0.49933
796.27,1181.2,6.6071,0.49973
624.18,366.75,6.6563,0.49937
1219.9,1268.3,6.6043,0.49972
1170.9,1077.9,6.6146,0.49965
2628.5,1285,6.6124,0.49954
2555.1,1339.2,6.6084,0.49958
277.89,826.01,6.6212,0.49969
1292.5,1278.1,6.6041,0.49972
2673.1,1363.4,6.6087,0.49956
325.85,1035.3,6.6113,0.49976
1390.8,1177.1,6.6106,0.49966
984.92,1530.8,6.5865,0.49988
249.89,397.64,6.6493,0.49948
2061.7,1149.4,6.6158,0.49957
2361.1,818.2,6.6356,0.49939
1233.5,1061.3,6.6163,0.49963
2719.5,1096.1,6.6239,0.49944
1279.7,679.84,6.6379,0.49946
1291.6,1265.7,6.6047,0.49971
317.3,1048.1,6.6104,0.49977
1499.6,1250.6,6.6068,0.49968
1363.3,532.17,6.6474,0.49938
2591.2,806.94,6.6387,0.49934
1251,1462.3,6.5926,0.49981
1203.6,1436,6.5941,0.4998
1222.3,1330.2,6.6012,0.49975
1019.2,1473.1,6.5911,0.49984
253.94,444.9,6.6452,0.49951
748.57,1103,6.6111,0.49971
1306.3,1086.4,6.6151,0.49963
1613.9,427.08,6.6577,0.49928
2429.5,1342.8,6.6069,0.49961
2374.1,427.03,6.6615,0.49919
1507.8,1094.3,6.6158,0.49961
2574.4,847.71,6.6358,0.49937
651.02,615.35,6.6373,0.49951
1484.2,1289,6.6045,0.4997
2048.6,1511.5,6.5938,0.49975
1123.4,1245.7,6.6053,0.49972
791.62,1503.4,6.5876,0.49989
1428.8,1232.1,6.6073,0.49968
2067.8,1106.2,6.6181,0.49955
471.65,638.08,6.6347,0.49955
313.16,1058.6,6.6093,0.49978
314.58,522.4,6.6405,0.49953
536.67,1597.4,6.5793,0.49998
2289,764.41,6.6383,0.49938
2737.6,1268.8,6.6147,0.49951
2301.3,1119.7,6.6189,0.49953
470.93,725.71,6.6293,0.4996
751.16,1480.1,6.5891,0.49988
508.02,1049.3,6.6117,0.49973
2791.2,886.82,6.6365,0.49933
1764.9,1120,6.6156,0.4996
1144.2,1468.7,6.5916,0.49983
2789.5,384.3,6.6687,0.49907
794.98,1478.7,6.5894,0.49987
2309.7,775.04,6.6379,0.49938
2510.8,1402.1,6.6043,0.49962
2027.5,1083,6.6192,0.49955
2199.8,1396.8,6.6022,0.49967
794.87,857.19,6.6244,0.4996
2753.4,574.26,6.6543,0.49919
264.12,406.95,6.6482,0.49949
1314.4,1258.9,6.6052,0.49971
755.4,1141.7,6.6088,0.49973
2641.5,679.55,6.646,0.49928
306.42,1034.3,6.6104,0.49977
1201.3,1436.7,6.594,0.49981
1812.9,1131.4,6.6148,0.4996
1022.3,1496.1,6.5889,0.49986
610.92,735.31,6.6295,0.49958
1227.4,1197.1,6.6081,0.49969
524.03,1204.2,6.6039,0.49979
1236.7,941.44,6.6225,0.49958
1081.4,1356.4,6.5985,0.49978
537.78,1595.7,6.5794,0.49998
1346.4,1092.5,6.6145,0.49963
2361.8,795.47,6.637,0.49938
1023.6,1311.9,6.6008,0.49977
1305.9,1122.4,6.613,0.49965
2684.9,1103.9,6.6229,0.49945
2567.5,1236.8,6.6142,0.49954
2701.3,1050.9,6.6264,0.49942
2829.4,716.2,6.6466,0.49924
483.33,725.74,6.629,0.4996
1096.4,1340.2,6.5992,0.49977
461.49,769.57,6.6266,0.49962
478.72,985.58,6.615,0.49971
2561.8,1157.9,6.6185,0.4995
2308.3,1065.2,6.6218,0.4995
968.54,1528.6,6.5864,0.49988
1040.2,1368.6,6.5971,0.49979
2656.4,389.45,6.6666,0.49911
332.36,1292.8,6.5972,0.49987
1138.9,1523,6.588,0.49986
656.93,1371.5,6.5955,0.49984
2765.7,552.22,6.6558,0.49918
1807,860.65,6.6299,0.49948
1506.8,1035.2,6.6187,0.49959
2544.2,631.67,6.6482,0.49927
1518.2,1459.2,6.5938,0.49978
2706.3,1156.7,6.621,0.49946
1233.3,1194.5,6.6086,0.49969
540.72,1381.1,6.5933,0.49987
2581.4,958.59,6.6294,0.49942
1597.9,441.43,6.6555,0.4993
2712.6,1429.6,6.6047,0.49959
526.04,1520.7,6.5847,0.49994
2684,638.33,6.6492,0.49925
342.1,1173.4,6.6034,0.49982
1270.9,1358.3,6.5989,0.49976
541.93,282.06,6.6639,0.49932
1261.9,434.19,6.6548,0.49933
2002.4,853.69,6.6314,0.49946
2713.2,518.29,6.6574,0.49918
1389.6,1253.5,6.6061,0.4997
472.68,352.86,6.6558,0.49939
459.2,1270.8,6.5994,0.49983
1050.2,1100.2,6.6124,0.49967
2361.6,785.13,6.6375,0.49938
2354.4,820.31,6.6354,0.49939
2289.4,1028.5,6.6236,0.49949
1428.8,445.01,6.6543,0.49932
1210.8,667.99,6.6375,0.49946
1696.6,1123,6.6149,0.49961
2617.5,1130.8,6.6209,0.49948
731.99,821.2,6.6258,0.49959
2375.8,1344.3,6.6065,0.49962
2785.6,1011.4,6.6297,0.49938
2239.8,437.85,6.6595,0.49922
404.16,1289.5,6.5979,0.49985
425.65,1323.1,6.5962,0.49986
2779.7,406.54,6.6664,0.49909
1338.4,1236.7,6.6067,0.4997
453.08,646.03,6.6337,0.49957
1392.2,1148.5,6.6114,0.49966
501.21,1577,6.5805,0.49998
1260.7,1578.9,6.5842,0.49988
2280,842.9,6.6337,0.49941
2050.4,1150.2,6.6153,0.49958
531.47,1407.1,6.5917,0.49988
2705.1,1181.7,6.6188,0.49948
2780.2,966.6,6.6315,0.49937
2546.5,1292.4,6.611,0.49956
1331.7,1197.1,6.6089,0.49968
762.7,1462.2,6.5903,0.49987
271.88,728.46,6.6262,0.49966
1073.6,1341.9,6.5988,0.49978
1316.1,1034.6,6.6173,0.49962
493.26,1004.3,6.6136,0.49972
2772.6,524.62,6.6574,0.49917
1465.3,1485,6.5923,0.4998
2755.5,457.09,6.662,0.49913
1526.6,429.77,6.6565,0.49929
1064.6,1168.2,6.609,0.4997
2374.1,1024.1,6.6243,0.49948
1317.2,1595.3,6.5828,0.49989
2754.7,412.98,6.6655,0.49911
1416.4,1269.9,6.6053,0.4997
451.91,629.49,6.6346,0.49956
1792.4,1497.7,6.593,0.49977
2596.4,578.54,6.6519,0.49924
382.4,851.61,6.6211,0.49967
2321.1,1337.5,6.606,0.49963
1362.2,531.66,6.647,0.49938
1766.4,1107.1,6.616,0.49959
256.21,422.16,6.6468,0.4995
2612.1,1315.2,6.61,0.49956
2559,680.9,6.6455,0.49929
1682.4,1511.9,6.591,0.4998
2693.9,603.21,6.6513,0.49923
1266.9,985.04,6.6197,0.4996
2550.9,497.87,6.6571,0.4992
1215.2,1097.9,6.6136,0.49965
2333.5,1077.6,6.6207,0.49951
1381.8,1105.9,6.614,0.49964
375.15,1202.8,6.602,0.49983
1135.6,1525.1,6.5875,0.49986
1318.2,1036.3,6.6172,0.49962
2067.4,1055.9,6.6205,0.49954
1238,1010.8,6.6186,0.49961
2824.2,882.85,6.6365,0.49932
1281.1,996.72,6.6193,0.4996
1816.3,1104.1,6.616,0.49959
664.15,1575.6,6.5816,0.49995
2766,980.33,6.6304,0.49938
1175.3,1103.8,6.6126,0.49966
2745,479.24,6.6601,0.49915
2645.9,662.37,6.647,0.49927
