1097.3,577.38,6.8068,0.49826
1337.4,262.33,6.7673,0.4985
1344,262.93,6.7631,0.49853
1487.7,194.71,6.7675,0.49848
1670.7,266.13,6.7567,0.49855
1351.9,266.17,6.7551,0.49858
2204.1,1289.8,6.6842,0.49906
2194,1346.6,6.6733,0.49914
1673.1,277.78,6.7355,0.49869
1675.1,277.55,6.7351,0.4987
1036.8,1313.2,6.6612,0.49932
1729.2,303.76,6.7287,0.49874
1729.4,306.15,6.7275,0.49875
1284.6,1429.9,6.6525,0.49937
1257.9,1456.7,6.6446,0.49942
1594.6,1489.7,6.6418,0.49942
1000.6,1246.5,6.6531,0.49937
2774.3,1518.4,6.6478,0.49926
1571.3,747.41,6.6836,0.49909
2772.5,1506.2,6.6467,0.49926
1518.2,755.99,6.68,0.49912
1533.7,761.84,6.6792,0.49913
1580.6,777.28,6.6774,0.49914
1043.4,1285.7,6.6448,0.49943
1128.8,691.85,6.6777,0.49917
2640.6,860.37,6.6764,0.49905
1537.8,1529.3,6.6294,0.49951
1521.7,775.51,6.6726,0.49918
1518.1,981.14,6.6607,0.49927
1677.1,426.06,6.6956,0.49899
1569.1,790.42,6.671,0.49919
1186.2,721.56,6.6725,0.4992
1118.6,663.2,6.6753,0.49918
1550.5,793.28,6.6696,0.4992
1158.4,725.48,6.6707,0.49922
2768.3,824.63,6.6757,0.49903
2385.2,193.21,6.7219,0.49872
1041.5,1435.7,6.629,0.49955
1180.1,680.22,6.673,0.4992
1498.2,794.68,6.6674,0.49922
1525.6,1004.1,6.6559,0.4993
1562.7,788.96,6.668,0.49921
2540.9,1354.7,6.6422,0.49933
2755.8,830.6,6.6737,0.49905
1678.6,439.04,6.6909,0.49902
1088.8,729.6,6.6675,0.49924
2486.2,942.54,6.6637,0.49916
1774.4,377.82,6.6951,0.49898
1772.1,376.16,6.6953,0.49898
1031.7,1447.3,6.6253,0.49958
1493.2,789.14,6.6654,0.49923
1502.3,993.82,6.6538,0.49932
1692.6,329.92,6.699,0.49896
2469.9,950.84,6.6618,0.49918
1142.6,1105.7,6.6454,0.49941
1497.8,677.44,6.671,0.49919
2115.3,1038.5,6.6541,0.49927
2627.5,899.88,6.6657,0.49913
1464.5,534.11,6.6798,0.49912
1146.7,698.39,6.6673,0.49924
2087.7,524.53,6.6835,0.49905
1120,986.39,6.6508,0.49937
2291.9,1004,6.6559,0.49924
1479.6,682,6.669,0.4992
2789.2,1336.2,6.6419,0.49929
2255.9,563.68,6.6805,0.49905
2283.4,872.36,6.6624,0.49919
1511,546.78,6.6775,0.49913
1544,694.91,6.6681,0.49921
2771.1,841.99,6.6687,0.49908
1138,1112.4,6.6426,0.49943
1495.4,988.92,6.6511,0.49934
2109.6,891.65,6.6605,0.49922
1479.1,543.8,6.6772,0.49914
2473.5,811.72,6.6668,0.49914
1511.9,1012.4,6.6497,0.49935
1628.9,328.77,6.6954,0.49899
1510,997.13,6.6497,0.49935
1505,1220.2,6.6373,0.49945
2513.4,1398.2,6.6331,0.4994
2771.7,1264.8,6.6441,0.49927
1542.7,1044.3,6.647,0.49937
1542,1025.6,6.6478,0.49936
2762.8,737.5,6.6726,0.49905
2517.9,1370.1,6.6343,0.49939
2494,1306.6,6.6377,0.49936
1486.3,1220.2,6.6363,0.49946
2298.9,879.41,6.6597,0.49921
1167,691.85,6.664,0.49926
2769.6,1281.1,6.6426,0.49929
2076.3,544.42,6.6781,0.49909
1618.8,325.35,6.6943,0.49899
2630.1,757.63,6.669,0.4991
2634.6,804.18,6.6666,0.49912
2282.8,916.41,6.657,0.49923
2735.9,875.62,6.6634,0.49913
1198,1134.3,6.6389,0.49946
2757.5,688.06,6.6743,0.49904
1491,682.12,6.6656,0.49923
2476.3,856.11,6.6614,0.49918
1142.6,1476,6.6174,0.49963
2096.5,564.65,6.676,0.4991
2777.4,1374.2,6.6356,0.49934
2093.9,636.98,6.671,0.49914
2456,831.18,6.6621,0.49918
2505,1400.7,6.6305,0.49942
2597.4,936.73,6.6575,0.4992
2759.9,1340.8,6.6369,0.49933
2076.7,546.47,6.6767,0.4991
1806.6,678.38,6.6668,0.4992
2177.4,1562,6.6171,0.49956
2032.9,566.7,6.6748,0.49912
1692.6,341.91,6.6911,0.49901
1537.3,1017.1,6.6457,0.49938
2587.5,786.24,6.6651,0.49914
2102.5,1062,6.6463,0.49933
1524.1,711.58,6.6625,0.49925
2082.2,575.14,6.6739,0.49912
2117.2,938.43,6.6527,0.49928
2705.2,1522.5,6.6231,0.49945
2618.7,813.94,6.6635,0.49915
2722.6,888.06,6.6606,0.49915
1488.3,673.54,6.664,0.49924
1189.5,1019.5,6.6435,0.49942
1929.8,608.93,6.6703,0.49916
1946.7,981.44,6.6489,0.49932
1473.1,532.39,6.6729,0.49917
1498.9,274.82,6.696,0.49899
1551.7,1043.2,6.6432,0.4994
2736.5,887.06,6.6603,0.49915
1537.1,682.38,6.6634,0.49924
2296.6,889.38,6.656,0.49924
1551.7,1025.1,6.6441,0.49939
2552.8,459.01,6.6846,0.49899
2246.9,584.26,6.6736,0.49911
2457.7,869.96,6.6582,0.49921
2722.1,883.11,6.6604,0.49915
1104.3,1064.3,6.6392,0.49946
1538.1,701.44,6.6618,0.49925
2302.1,1494.1,6.6201,0.49952
2084,582.59,6.6724,0.49913
1166.8,761.44,6.6563,0.49932
2099.2,946.61,6.651,0.4993
2591,824.96,6.6614,0.49916
2772.6,874.7,6.6606,0.49914
2581.2,943.76,6.6549,0.49922
2679.8,392.12,6.6904,0.49893
1521.4,541.66,6.6716,0.49918
2288.8,935.28,6.653,0.49926
1941.8,638.53,6.6677,0.49918
1474.7,550.4,6.6706,0.49919
1458.6,548.83,6.6704,0.49919
1948,951.27,6.6499,0.49932
1075.4,749.74,6.6557,0.49933
1944.3,609.86,6.6689,0.49917
2729.1,773.27,6.6655,0.49911
2297.3,925.52,6.6527,0.49926
2750.9,1294.1,6.6368,0.49933
1548.7,1069.1,6.6402,0.49942
1933.1,638.65,6.6667,0.49919
2298.3,1562.7,6.6146,0.49956
2572,797.26,6.6618,0.49916
1506.7,557.08,6.6695,0.49919
1520.8,1245.8,6.63,0.4995
2625.7,925.68,6.6554,0.49921
1557.5,552.81,6.6699,0.49919
1941.6,703.5,6.6625,0.49922
1522.2,1227.5,6.631,0.49949
2098.8,1065,6.6435,0.49935
1888.1,631.8,6.6665,0.49919
2424.7,886.51,6.6551,0.49923
722.29,1370.9,6.6178,0.49966
2477.7,1328.3,6.6313,0.49941
2752.6,762.88,6.6655,0.49911
2046.1,1084.4,6.6416,0.49937
2620.2,827.36,6.6603,0.49917
1797.1,646.54,6.6653,0.49921
1139.3,764.07,6.6543,0.49934
1446.5,1555,6.6091,0.49967
2095,645.45,6.6665,0.49917
2616.2,780.43,6.6625,0.49915
1472.3,697.85,6.6597,0.49927
2407.3,893.3,6.6542,0.49924
2096.3,980.12,6.6471,0.49933
1500.1,275.81,6.6931,0.49901
1016.7,1400.5,6.6172,0.49964
1796.9,667.59,6.663,0.49922
1012.3,1415.4,6.616,0.49965
2410.2,1002.1,6.648,0.49929
2768.7,782.25,6.6633,0.49912
2227.2,1046.7,6.6442,0.49934
2772.4,881.48,6.6581,0.49916
1801.7,658.42,6.6637,0.49922
1472.9,1221.1,6.63,0.4995
2685.1,394.13,6.6882,0.49894
2641,891.9,6.6555,0.4992
1933.2,602.02,6.668,0.49918
1555.3,870.23,6.6492,0.49935
2158.8,1565.8,6.6115,0.4996
1938.2,1107.4,6.6384,0.49941
2039.5,604.98,6.6676,0.49917
1505.9,862.57,6.6491,0.49935
2638.5,847.12,6.6575,0.49919
1805.2,755.64,6.6571,0.49927
1165,1153.1,6.6317,0.49951
1528.5,849.42,6.6501,0.49934
2049.4,671.68,6.6633,0.4992
337.56,1538.5,6.6024,0.49983
1930.4,598.31,6.6678,0.49918
2094.2,643.16,6.6653,0.49918
1101.6,764.27,6.6525,0.49935
1505.6,845.82,6.6496,0.49935
1938.2,612.85,6.6663,0.49919
2279,1031.1,6.6445,0.49933
2242.1,918.99,6.65,0.49929
2289.2,1525.7,6.6146,0.49956
1104.7,768.55,6.6516,0.49936
2772.7,835.98,6.6592,0.49915
2766.6,885.79,6.6565,0.49917
1942.3,705.74,6.6601,0.49924
2232,510.66,6.6744,0.4991
1523.3,566.4,6.6665,0.49922
2773.5,814.96,6.6608,0.49914
1952,667.72,6.6621,0.49922
928.8,1349.6,6.6177,0.49964
1497.2,1010.7,6.6401,0.49942
1169.2,779.25,6.6508,0.49936
1457.2,544.45,6.6673,0.49921
2765.4,885.17,6.6562,0.49918
2569.8,1464.5,6.6205,0.49949
2736.8,887.68,6.6559,0.49918
2562.4,461.55,6.6802,0.49902
2424.3,1004.6,6.646,0.4993
2041.7,612.26,6.666,0.49918
1190.7,1123.4,6.6323,0.49951
1799.3,697.24,6.6592,0.49925
2720.9,905.89,6.6543,0.4992
1106.7,799.79,6.6493,0.49938
1891.6,664.34,6.6617,0.49923
1122,1482.4,6.6104,0.49968
1470.9,688.63,6.6578,0.49929
1501.6,285.58,6.6901,0.49903
2219.2,616.37,6.6664,0.49916
2727.8,735.06,6.6637,0.49912
2700.3,1508.8,6.6187,0.49948
2103.9,590.97,6.6673,0.49917
1168.3,756.9,6.6515,0.49936
911.75,1351,6.6168,0.49965
2105.3,599.19,6.6665,0.49917
1401.2,581.19,6.6639,0.49924
1938.7,1024,6.641,0.49938
2290.5,1042.3,6.6422,0.49935
475.58,295.44,6.6812,0.49919
2221.3,1431.4,6.6196,0.49953
2735.8,856.88,6.6562,0.49918
2460.8,982.62,6.6471,0.49929
1757.1,690.98,6.6586,0.49926
1893.1,669.83,6.6607,0.49923
2038.2,585.51,6.6669,0.49918
1495.5,850.28,6.6479,0.49936
1673.3,721.89,6.6562,0.49928
2404.4,542.82,6.672,0.4991
2655.1,423.09,6.6829,0.49899
2713,744.41,6.6624,0.49914
1951,658.19,6.6615,0.49922
2678.6,1519.3,6.6168,0.4995
1506.1,553.53,6.6659,0.49922
2090,605.95,6.6656,0.49918
1678.3,805.73,6.6512,0.49932
1949.4,645.01,6.6623,0.49922
2092.8,1010.1,6.6423,0.49936
1678.4,805.06,6.6511,0.49932
2091.7,1027.9,6.6412,0.49937
1805.6,758.13,6.6545,0.49929
1687.6,493.22,6.6708,0.49917
1553.1,1044,6.6369,0.49944
2629.6,946.45,6.6497,0.49925
1671.9,702.39,6.6573,0.49928
2474,967.23,6.647,0.49929
2465.9,984.13,6.6465,0.4993
2405.6,871.14,6.6517,0.49926
2639.6,916.4,6.6513,0.49924
2575.8,849.33,6.6544,0.49922
965.87,1381.6,6.6151,0.49966
1483.1,1232,6.6261,0.49953
2359,563.88,6.6695,0.49913
1098.8,1052.5,6.6339,0.4995
2093.8,961.89,6.6443,0.49935
2092.9,992.41,6.6426,0.49936
2478.3,954.18,6.6471,0.49929
2277,952.57,6.6461,0.49932
2101.7,999.14,6.6426,0.49936
2293.6,979.96,6.6445,0.49933
2640.7,880.78,6.6532,0.49922
1553.8,863.29,6.6461,0.49937
1801.8,1002.2,6.6407,0.4994
2422.5,869.47,6.6513,0.49926
2109,618.23,6.6639,0.49919
2668.7,1531,6.6149,0.49952
1075.3,1469.2,6.6095,0.49969
1504.6,1037.3,6.636,0.49945
1552.2,1065.7,6.6347,0.49946
1479.2,1015.3,6.6372,0.49945
2524.5,494.57,6.6748,0.49907
2293.6,963.34,6.6448,0.49933
2207.5,625.53,6.6636,0.49919
1018.6,1408.2,6.6121,0.49968
2095.4,636.82,6.6621,0.49921
2224.2,929.31,6.6462,0.49932
1694.1,496.19,6.6692,0.49918
2615.9,801.4,6.6563,0.4992
1937,658.95,6.6599,0.49924
2206.8,621.92,6.6638,0.49918
402.03,1181,6.6209,0.49967
2752.1,721.9,6.6627,0.49913
1104.7,754.25,6.649,0.49938
601.75,1520.5,6.6017,0.4998
1514.1,1222.6,6.6256,0.49953
2466.6,1319.7,6.6257,0.49946
1526.1,1260.2,6.6235,0.49955
2422.5,868.91,6.6506,0.49927
393.03,1172.1,6.621,0.49967
1529.5,1225.9,6.6253,0.49954
2093.5,626.96,6.6623,0.49921
1490.2,1234.5,6.6243,0.49955
1410.1,607.99,6.6597,0.49928
2636.9,901.8,6.6504,0.49924
1486.5,569.92,6.6622,0.49925
251.05,322.89,6.6726,0.4993
2284.1,1536.4,6.61,0.4996
2089.5,1051.1,6.638,0.4994
2094.9,632.93,6.6618,0.49921
2756.6,1295.3,6.63,0.49938
2632.6,933.04,6.6492,0.49925
2617.6,799.18,6.6559,0.4992
2408.9,544.35,6.6696,0.49912
2099.8,604.45,6.6638,0.49919
1543.7,1030,6.6359,0.49945
1759.6,721.39,6.6543,0.49929
2476.8,949.57,6.6462,0.4993
1502.9,1058,6.6338,0.49947
1543.8,847.57,6.6458,0.49938
2293.5,1534.4,6.6102,0.4996
2760.3,830.66,6.6559,0.49918
1482.5,1217.8,6.6251,0.49954
2274.6,990.01,6.6423,0.49935
1527.4,1243.6,6.6238,0.49955
1899,738,6.6539,0.49929
2108.8,989.9,6.6411,0.49937
1884,1126.9,6.6322,0.49946
1142.7,1520.3,6.6047,0.49973
2046.3,629.34,6.6612,0.49922
1638.2,764.86,6.6508,0.49933
2762,1294.1,6.6299,0.49938
2635.5,857.14,6.6522,0.49923
1407.5,610.96,6.6589,0.49928
2042.1,981.34,6.6409,0.49938
2675.5,410.14,6.6816,0.49899
2468.1,1337.8,6.6236,0.49947
2755.5,799.73,6.6568,0.49917
2435.4,1315,6.6246,0.49947
1535.1,1244,6.6231,0.49955
2036,950.99,6.643,0.49936
1893,647.23,6.6589,0.49925
294.56,1118.9,6.6216,0.49969
2389.1,458.91,6.6748,0.49908
2112.7,628.4,6.6613,0.49921
2391.3,206.96,6.7007,0.49888
1764,785.15,6.6498,0.49933
1522,725.08,6.6519,0.49933
2234.5,1374.7,6.62,0.49953
2577.1,860.33,6.6514,0.49924
1940.1,686.46,6.6565,0.49926
1547.8,601.66,6.66,0.49926
1478.5,1021.9,6.6349,0.49946
1504,1023,6.6347,0.49946
1162.7,1066.1,6.6309,0.49952
2086.9,1070.6,6.6358,0.49941
1486.2,557.77,6.6618,0.49925
1521.1,708.1,6.6527,0.49932
2297.5,970.01,6.6423,0.49934
1676,753.76,6.6508,0.49933
1379.7,368.45,6.677,0.49914
2757.9,1365.3,6.6256,0.49942
1679.6,725.63,6.6526,0.49931
2090.6,315,6.6852,0.49903
2469.2,901.54,6.648,0.49928
2239.5,957.99,6.6426,0.49935
909.43,1357.5,6.6125,0.49968
291.57,262.35,6.6788,0.49924
2579.3,954.9,6.6459,0.49929
1085.3,771.2,6.647,0.4994
296.41,1125.9,6.6205,0.49969
1498.4,703.91,6.6522,0.49933
353.47,1098.7,6.6225,0.49967
2470.5,1397.5,6.6199,0.4995
2276.8,1038.9,6.6387,0.49937
2036.9,1098.3,6.6336,0.49943
2737.2,844.5,6.6535,0.4992
2048.6,648.1,6.6589,0.49924
1155.4,780.5,6.6466,0.4994
2477.5,916.63,6.6461,0.4993
1637,746.32,6.6505,0.49933
1084.2,810.43,6.6438,0.49942
2423.3,946.17,6.6443,0.49932
803.34,1061.1,6.6285,0.49957
1670.2,1166.7,6.6274,0.49951
2773.3,858.12,6.6527,0.4992
2665.8,1525.8,6.6127,0.49953
476.63,291.78,6.6771,0.49922
1814.4,704.78,6.6538,0.49929
2700.7,397.08,6.6818,0.49899
2275,969.46,6.6418,0.49935
2031.5,575.32,6.6638,0.4992
1537.2,695.56,6.6527,0.49932
1764,788.88,6.6485,0.49934
1679,807.89,6.647,0.49936
2719.4,798.89,6.6554,0.49919
1755.6,1073.1,6.6328,0.49946
1222.2,1464.9,6.6069,0.4997
1896.4,688.14,6.6551,0.49928
1679.6,810.78,6.6468,0.49936
2456.6,982.59,6.6423,0.49933
865.71,365.36,6.6727,0.49922
2476.2,909.4,6.6464,0.49929
1943.5,715.97,6.6536,0.49929
2054,683.66,6.6563,0.49926
2423.6,929.84,6.6447,0.49931
1678.6,805.98,6.6468,0.49936
2771.2,809.85,6.6548,0.49918
1901,737,6.6521,0.4993
1942.8,699.25,6.6545,0.49928
2365.5,568.01,6.6655,0.49916
1940.3,672.89,6.656,0.49927
1488.5,688.67,6.6526,0.49933
514.42,309.08,6.6753,0.49923
2759.1,866.72,6.6514,0.49921
2728.4,913.95,6.6484,0.49924
2223.1,612.24,6.6614,0.4992
1806,765.26,6.6497,0.49933
612.47,1522,6.5989,0.49982
1535.7,1230,6.6221,0.49956
2619.9,912.44,6.6471,0.49927
1704.3,502.22,6.6656,0.49921
1536.4,567.13,6.6601,0.49926
2206.1,597.09,6.6623,0.4992
1371.3,542.78,6.6612,0.49927
2766.9,731.98,6.6589,0.49915
2716.3,747.11,6.6577,0.49917
2039.9,1010.9,6.6373,0.49941
1957.9,692.41,6.6547,0.49928
1465.3,1218.4,6.6226,0.49956
2731.5,739.06,6.6583,0.49917
2550.2,392.02,6.6797,0.49903
1538,582.64,6.6589,0.49927
1187.5,1071.6,6.6293,0.49953
2421,989.64,6.6409,0.49934
2737.2,881.13,6.6501,0.49923
2620.2,882.24,6.6485,0.49926
2220.4,1056.2,6.636,0.4994
2778,895.98,6.6496,0.49922
915.41,1619.5,6.5928,0.49984
2476.3,944.55,6.644,0.49931
2634.7,799.81,6.6532,0.49922
2596.6,922.67,6.6457,0.49928
2104.7,1052.7,6.6351,0.49942
2773.1,857.74,6.6515,0.49921
2636.4,873.77,6.6489,0.49925
1495.7,846.28,6.6429,0.4994
1677.8,1038.5,6.6337,0.49946
2227.5,907.9,6.6443,0.49934
2595.8,879.37,6.6479,0.49927
2773.4,843.68,6.6523,0.4992
2476,934.4,6.6442,0.49931
2595.1,871.19,6.6487,0.49926
2094.5,567.8,6.6634,0.4992
2468.7,1337,6.6216,0.49949
2247,546.99,6.6653,0.49917
1501,725.31,6.6494,0.49935
1224.7,1448.8,6.6069,0.4997
1798.9,1041.9,6.6337,0.49945
1084.2,1480.6,6.6042,0.49973
2271.7,1014.9,6.6381,0.49938
2645,901.31,6.6474,0.49926
2772.8,845.25,6.652,0.49921
1125.3,1066.2,6.6288,0.49954
2233,1063.6,6.6351,0.49941
2753.1,740.96,6.6576,0.49917
2714.4,761.92,6.6559,0.49919
2423.3,973.01,6.6414,0.49934
2637.3,875.58,6.6486,0.49926
2456.7,941.51,6.6434,0.49932
320.55,270.59,6.6764,0.49925
1797.1,1065.5,6.6322,0.49946
1775.3,1558.5,6.6023,0.4997
2116,637.46,6.6583,0.49923
2332,1430.3,6.6143,0.49956
2771.3,795.5,6.6546,0.49919
2457.2,917.79,6.6445,0.49931
720.2,344.27,6.6724,0.49923
2290.9,1010.6,6.6381,0.49938
2620.9,928.44,6.6454,0.49928
2218.7,909.91,6.6437,0.49934
2770.7,797.03,6.6543,0.49919
2757.6,819.38,6.6529,0.4992
2059.4,597.16,6.6603,0.49922
2580.5,823.21,6.6507,0.49925
2533.1,498.31,6.6705,0.4991
2552.6,392.21,6.6789,0.49903
1193.6,1145.8,6.6243,0.49957
1762,701.68,6.6522,0.49931
1641.6,832.6,6.6438,0.49938
2757.8,800.04,6.6541,0.49919
1566.7,576.03,6.6591,0.49927
2089.1,560.43,6.6635,0.4992
2688.8,346.56,6.6846,0.49897
1126.8,1060.9,6.6288,0.49954
2329,1425.1,6.6148,0.49956
2757.9,1293.2,6.6269,0.49941
2683.7,419.89,6.6778,0.49902
2628.1,863.41,6.6488,0.49926
1930.3,1089.4,6.6314,0.49946
2245.1,523.41,6.6665,0.49916
2222.1,968.11,6.6398,0.49937
2758.2,1293.1,6.6266,0.49941
1957.2,946.78,6.6392,0.4994
362.63,279.75,6.6755,0.49925
1679,794.96,6.646,0.49936
338.45,1379,6.6048,0.49981
2771.4,809.89,6.6534,0.4992
2668.4,429.35,6.6768,0.49903
2005.1,1533.9,6.6049,0.49966
1804.5,740.32,6.6498,0.49933
1487.6,891.25,6.64,0.49942
2637.5,860.5,6.6489,0.49925
1109.9,805.94,6.6421,0.49943
375.87,274.37,6.6759,0.49925
2774.8,728.3,6.658,0.49916
1117,1482.9,6.6035,0.49974
2587.4,434.76,6.6756,0.49905
1877.6,990.17,6.6368,0.49942
2417.4,1350.2,6.6196,0.49951
2260.5,1483.2,6.6099,0.4996
1099.6,816.97,6.6414,0.49944
2471.2,864.17,6.647,0.49929
2333.8,233.31,6.6938,0.49894
2620.4,867.23,6.6482,0.49926
2759.5,852.5,6.6507,0.49922
2767.5,734.86,6.6573,0.49917
2640.8,855.39,6.6491,0.49925
2754.4,739.18,6.6569,0.49917
2458,907.35,6.6447,0.49931
2036.3,1096,6.6313,0.49945
1931,1072.9,6.6318,0.49946
1488.1,548.94,6.6595,0.49927
1674.7,1093.9,6.6292,0.4995
2294.8,1014.2,6.6369,0.49939
2457,961.2,6.6415,0.49933
2256.6,1539.8,6.6052,0.49964
2052.8,657.94,6.6559,0.49926
1190.8,1102.9,6.6262,0.49955
1131.4,1095.6,6.6262,0.49956
2207.3,594.59,6.6608,0.49921
332.02,265.24,6.6761,0.49925
2160,296.87,6.6848,0.49902
2391.9,1371.4,6.6175,0.49953
309.99,766.51,6.6374,0.49956
314.91,1350.6,6.6059,0.49981
2781,840.07,6.6515,0.49921
1546.9,339.35,6.6775,0.49913
2734.6,866.04,6.6493,0.49924
2644.3,857.1,6.6487,0.49925
1959.5,692.29,6.6532,0.49929
1249.7,1416.4,6.6082,0.49969
2629.2,865.43,6.6481,0.49926
2735.6,913.85,6.6467,0.49926
2230.3,1506.7,6.6076,0.49962
2285.3,613.59,6.6596,0.49921
272.26,259.49,6.676,0.49927
1538.9,901.4,6.6391,0.49943
2247.6,1531.2,6.6054,0.49964
652.24,334.19,6.672,0.49924
1519.1,545.11,6.6604,0.49926
2053.6,664.67,6.6552,0.49926
1882.7,635.93,6.6566,0.49927
2255.4,263.06,6.689,0.49898
1805.1,727.21,6.6499,0.49932
1772.8,1562.4,6.6006,0.49971
1790.4,1147.6,6.6266,0.49951
2225.1,599.86,6.6603,0.49921
2593.4,939.52,6.6435,0.4993
2234.9,1368.1,6.6166,0.49955
327.15,1154.2,6.6167,0.49972
1150.3,825.48,6.6406,0.49944
281.64,254.24,6.6763,0.49926
1011.9,1399,6.6076,0.49971
2645.2,1525.3,6.6096,0.49956
2595.7,918.34,6.6447,0.49929
2736.7,912.46,6.6466,0.49926
1474.2,690.37,6.6502,0.49934
1526.9,1035.4,6.6312,0.49949
2426.3,977.95,6.6395,0.49935
2401.5,485.71,6.6693,0.49912
2054.4,681.25,6.654,0.49927
2063.2,695.65,6.6529,0.49928
2229.3,1504.6,6.6073,0.49962
408.61,290.14,6.674,0.49926
2765.4,800.01,6.653,0.4992
1766.4,787.48,6.6461,0.49936
1910.5,749.34,6.6487,0.49933
1706.7,470.36,6.6663,0.4992
2252.7,576.26,6.6617,0.4992
437.34,1244.6,6.6124,0.49973
1881.4,1116,6.6285,0.49949
2735.9,880.97,6.648,0.49924
2739.1,854.56,6.6498,0.49923
2582,971.86,6.6414,0.49932
2453.4,983.18,6.6396,0.49935
2106.2,1018.1,6.6352,0.49942
2735.7,865.08,6.6489,0.49924
1194,1145.4,6.6228,0.49958
1027.6,380.93,6.6693,0.49923
2769.8,731.07,6.6569,0.49917
2104.7,1035.5,6.6341,0.49942
2406.3,935.21,6.6418,0.49934
2290,250.85,6.6903,0.49897
2619.9,882.85,6.6464,0.49928
2123.3,617.21,6.6577,0.49924
2762.1,738.25,6.6562,0.49918
873.42,358.83,6.6703,0.49923
1899.7,710.35,6.651,0.49931
1642.7,833.85,6.6424,0.49939
2629.2,910.13,6.645,0.49929
1793.5,1099.8,6.6287,0.49949
1679.1,786.19,6.6453,0.49937
2232,1383.2,6.6147,0.49957
1747.1,1155.9,6.6253,0.49952
1528.2,557.6,6.6585,0.49928
1182.3,413.99,6.6675,0.49923
656.92,325.71,6.6719,0.49924
1021.6,391.39,6.6685,0.49924
797.99,347.8,6.6707,0.49924
2744.3,1292.9,6.6249,0.49942
1551.1,720,6.6479,0.49936
2212.3,624.26,6.658,0.49923
1953.2,696.21,6.6521,0.4993
2358.4,1356.2,6.6175,0.49953
2018.7,1375.1,6.6142,0.49959
1747.3,1023.8,6.6329,0.49946
423.32,284.47,6.674,0.49925
2575.7,468.47,6.6714,0.49909
2767.8,848.69,6.6498,0.49922
2734.6,833.71,6.6502,0.49923
726.07,336.83,6.6711,0.49924
2777.3,817.11,6.6519,0.49921
2758,819.14,6.6512,0.49922
2453.9,941.74,6.6413,0.49934
1110.1,770.49,6.6428,0.49943
1110.9,795.23,6.6413,0.49944
1529.4,855.86,6.6403,0.49942
2167.1,294.26,6.6838,0.49903
2629.7,879.61,6.6463,0.49928
2355.2,1373,6.6159,0.49955
2422.5,558.48,6.6634,0.49917
1173.7,779.75,6.6425,0.49943
2021.2,1375,6.6141,0.49959
1889.5,1136,6.6267,0.4995
1538.9,557.25,6.658,0.49928
328.89,935.24,6.6272,0.49963
1927.6,1108.2,6.6286,0.49948
1552,737.61,6.6467,0.49937
2211.5,608.8,6.6587,0.49922
2630.2,911.94,6.6444,0.49929
2111.4,680.51,6.6533,0.49927
2471.9,920.99,6.6424,0.49933
2274.2,1485.7,6.6078,0.49962
1102.7,1167.2,6.6208,0.4996
2731.7,1330.7,6.6224,0.49945
2210.6,1384.5,6.614,0.49957
2145.2,1415.1,6.6116,0.4996
830,1036.9,6.6263,0.49958
1134.5,1474.2,6.603,0.49974
2267,1033,6.6346,0.49941
370.46,1250.4,6.6108,0.49976
2326.1,1429,6.6123,0.49958
2457.4,952.86,6.6406,0.49934
1676.9,1073.9,6.6288,0.4995
2680.3,1497.9,6.6106,0.49955
2237.7,989.17,6.6367,0.49939
2423.4,954.46,6.6401,0.49935
2384.8,217.69,6.6946,0.49893
261.32,820.99,6.6324,0.49961
1507.4,851.72,6.6397,0.49942
1191.6,1164,6.6213,0.49959
1901.7,721.44,6.6496,0.49932
2768.1,864.37,6.6485,0.49923
2292.2,969.42,6.6383,0.49938
1945.3,700.17,6.6512,0.4993
2630.2,924.96,6.6434,0.4993
627.83,1526.9,6.5958,0.49984
2642.7,878.73,6.6462,0.49927
925.93,378.57,6.6684,0.49924
1882.5,1100.5,6.6284,0.49949
1003.8,389.4,6.6678,0.49924
2333.7,1374.7,6.6152,0.49955
335.39,1289.5,6.6081,0.49978
1481.5,1206.9,6.6203,0.49958
2259.7,1526.9,6.6046,0.49964
604.28,328.09,6.6708,0.49926
950,370.81,6.6688,0.49924
592.11,315.67,6.6716,0.49925
385.11,285.83,6.673,0.49927
2595.8,897.82,6.6445,0.49929
1755.9,1055.7,6.63,0.49948
1692.5,507.53,6.6623,0.49924
2405.6,959.96,6.6394,0.49936
1932.2,1058.4,6.6309,0.49946
1123.5,407.21,6.6669,0.49924
1109.8,393.47,6.6677,0.49923
2065.2,622.31,6.6564,0.49925
1751.1,687.9,6.651,0.49932
1955.6,736.02,6.6485,0.49932
2203.5,1398.6,6.6126,0.49958
2594,943.66,6.6419,0.49931
2637.8,832.29,6.6484,0.49926
1556.1,859.85,6.6392,0.49943
1471.1,355.56,6.6732,0.49917
2338.4,1359.7,6.616,0.49955
2205.1,585.67,6.6596,0.49922
2269.9,1038.6,6.6341,0.49941
1614.4,1473.9,6.6045,0.49969
2038.2,1035,6.6327,0.49944
2253.5,566.19,6.6612,0.4992
2778.4,895.16,6.6463,0.49925
2713.3,414.11,6.676,0.49903
2776.6,864.34,6.6484,0.49923
2766.9,802.51,6.6515,0.49921
1194.6,1161.9,6.621,0.49959
2780.1,792.7,6.6523,0.4992
2330.2,238.9,6.6909,0.49896
2738.9,841.57,6.6492,0.49924
1439.5,603.21,6.6537,0.49932
2068.4,649.7,6.6544,0.49927
2643.1,955.78,6.6413,0.49931
2346.4,1363.4,6.6165,0.49954
2474.3,919.64,6.6418,0.49933
2454.4,967.96,6.639,0.49935
2623.3,865.64,6.6463,0.49928
397.07,1197.5,6.6134,0.49973
2200.3,1533.6,6.6037,0.49966
2405.4,978.23,6.6381,0.49937
2757.5,1270.3,6.6254,0.49942
2781.2,838.47,6.6497,0.49922
2542.9,506.79,6.667,0.49913
1530.3,859.34,6.6391,0.49943
2585.4,486.35,6.6689,0.49911
2777.8,869.12,6.648,0.49924
2538.6,497.41,6.668,0.49912
2628.1,836.46,6.6477,0.49926
2732,757.76,6.6533,0.4992
1896.5,1318.8,6.6162,0.49958
2341.9,1401.2,6.6131,0.49957
2685.3,327.41,6.6834,0.49898
1680.3,774.48,6.6446,0.49937
2667.6,1511,6.6095,0.49956
2273,259.94,6.6876,0.49899
907.02,376.61,6.6678,0.49925
2411.1,1008.7,6.6367,0.49938
2238,988.13,6.6361,0.4994
2734.6,833.07,6.649,0.49924
336.05,1247.4,6.6097,0.49977
1671.5,1127,6.6251,0.49953
2409.7,514.43,6.6654,0.49915
1502.8,696.7,6.6478,0.49936
2588.5,867.16,6.6461,0.49928
809.58,1137.4,6.6199,0.49963
2467.5,1317.2,6.6191,0.49951
2404,1002.2,6.6366,0.49938
793.21,358.49,6.6686,0.49925
396.81,288.6,6.6722,0.49927
1112.3,786.02,6.6407,0.49945
2285.4,1029.4,6.634,0.49941
2142,307.24,6.6813,0.49905
2761.5,850.64,6.6484,0.49924
2769,851.02,6.6484,0.49924
1553,1041.8,6.6287,0.49951
1272.4,417.06,6.6659,0.49924
2375.4,1399.4,6.6132,0.49956
1791.7,1119.8,6.626,0.49951
1133.1,1157.6,6.6203,0.4996
1903.4,739.67,6.6476,0.49933
420.32,293.31,6.6718,0.49927
1511.7,1213.4,6.6192,0.49958
1212.5,408.59,6.6662,0.49924
975.79,1380.4,6.6066,0.49972
2415.4,924.03,6.641,0.49934
446.78,298.83,6.6714,0.49927
1808.3,757.17,6.6459,0.49935
2769.3,863.69,6.6475,0.49924
1686.4,792.61,6.6433,0.49938
2575.7,458.37,6.6706,0.49909
2569.2,431.31,6.6726,0.49908
2574.4,932.9,6.6414,0.49932
2036.1,1052.9,6.6309,0.49946
1482.2,553.76,6.6568,0.49929
2434,1313.4,6.6187,0.49952
2623.1,889.22,6.6443,0.49929
2255.7,565.87,6.6604,0.49921
1017.6,1390,6.606,0.49972
1176.5,807.06,6.6395,0.49945
1794.6,1088.8,6.6274,0.4995
1970.9,677.11,6.6511,0.4993
1482.2,553.15,6.6568,0.49929
2274,624.46,6.6573,0.49923
2768,815.59,6.6499,0.49922
2557.3,494.47,6.6677,0.49912
2471.7,935.58,6.6401,0.49934
1751.6,430.41,6.6673,0.49919
532.53,305.75,6.6711,0.49926
2125,624.4,6.6553,0.49926
1063.7,1479.7,6.6005,0.49976
2471.1,964.9,6.6385,0.49936
2747.4,1271.5,6.6244,0.49943
814.93,362.12,6.6679,0.49926
2419.6,1314.9,6.6186,0.49952
670.8,340.13,6.669,0.49926
2358.4,228.77,6.6913,0.49896
2721.1,889.93,6.6452,0.49927
486.83,306.56,6.6707,0.49927
2592.3,926.93,6.6416,0.49932
2761.9,873.26,6.6467,0.49925
2139,1436,6.6093,0.49962
329.34,274.25,6.6726,0.49928
1820.9,728.05,6.6474,0.49934
1668.5,1156.8,6.6228,0.49955
2127.8,651.83,6.6535,0.49927
310.02,269.85,6.6727,0.49928
2123.1,313.12,6.6797,0.49907
2454,928.08,6.6402,0.49934
2743,862.7,6.6469,0.49925
1949.8,1037.4,6.6309,0.49946
2378.8,580.43,6.6598,0.4992
2091.5,1552.6,6.6006,0.49969
372.53,283.37,6.6719,0.49928
2141.7,586.33,6.6581,0.49923
2463.2,1391.1,6.6139,0.49955
2725.2,761.86,6.6522,0.49921
352.33,1259.3,6.6083,0.49978
2687.5,325.81,6.6828,0.49898
966.25,385.37,6.6665,0.49925
1903.6,718.47,6.6484,0.49933
2271.7,1015.9,6.6341,0.49941
2645.4,876.09,6.6448,0.49929
2735.5,819.28,6.649,0.49924
2575.6,904.33,6.6425,0.49931
2221.1,279.61,6.6838,0.49903
1176.8,796.6,6.6397,0.49945
1538.8,1026.5,6.6295,0.4995
2423.4,973.98,6.6374,0.49937
2109.3,1059.7,6.6301,0.49946
2574.9,889.42,6.6432,0.49931
2734.8,820.72,6.6488,0.49924
2571.2,419.7,6.6733,0.49907
2276.6,994.44,6.635,0.4994
2294.2,903.52,6.6401,0.49936
2679.9,437.45,6.6725,0.49906
1942.4,1048.4,6.6303,0.49947
1669.8,1144.5,6.6232,0.49954
2646.5,874.89,6.6447,0.49929
1886.4,1051.9,6.6295,0.49948
2712.7,341.1,6.6817,0.49899
2035,1071.4,6.6293,0.49947
340.16,903.98,6.627,0.49963
2236.6,1004.1,6.6341,0.49941
2053.8,591.01,6.6573,0.49925
2157.9,1374,6.6124,0.49959
1521.9,282.15,6.6795,0.49911
1553.1,706.1,6.6465,0.49937
1950.7,1014.1,6.6318,0.49946
2636,1521.3,6.607,0.49958
2348.8,233.34,6.6901,0.49897
1521.5,262.93,6.6817,0.4991
2760.9,825.43,6.6488,0.49923
1956.7,1058.3,6.629,0.49948
1789.8,1133.4,6.6243,0.49953
2461,981.12,6.637,0.49937
605.18,1523.3,6.594,0.49986
1483.2,853.06,6.6379,0.49944
1146.5,411.45,6.665,0.49925
632.9,1011.4,6.6243,0.49962
2039.6,1018.6,6.632,0.49945
1778.2,799.31,6.6422,0.49939
2194.9,1410,6.6102,0.4996
2629.5,927.43,6.6415,0.49931
1526.9,703.3,6.6467,0.49937
245.39,253.59,6.673,0.49929
2720.3,827.1,6.648,0.49925
460.37,301.81,6.6703,0.49928
2187.9,1423.2,6.6093,0.49961
977,1346.1,6.608,0.49971
1944.2,1092,6.6273,0.49949
2152.4,1387.2,6.6113,0.4996
2002.9,1533.4,6.6005,0.4997
1527.4,1216.7,6.6182,0.49959
2479.5,933.87,6.6396,0.49935
2260.3,596.31,6.6575,0.49923
2592.7,883.19,6.6434,0.4993
1645,828.4,6.64,0.49941
2576.2,888.01,6.643,0.49931
2211.3,1369.5,6.6127,0.49958
1483.4,851.79,6.6379,0.49944
705.53,346.74,6.6679,0.49927
2721.4,874.18,6.6453,0.49927
2112.2,1024.2,6.6316,0.49944
2269.8,1483,6.6058,0.49963
1543.2,608.62,6.6523,0.49932
2323.2,1388.9,6.6123,0.49958
1820,785.87,6.643,0.49938
2211.6,1368.4,6.6128,0.49958
2122.8,465.32,6.6657,0.49918
392.62,1233.4,6.6101,0.49976
945.63,382.47,6.6661,0.49926
2269.4,262.38,6.6856,0.49901
1557,918.67,6.6342,0.49946
2742.3,815.6,6.6488,0.49924
420.35,294.27,6.6706,0.49928
1112.6,821.8,6.6371,0.49947
1521.6,263.51,6.6814,0.4991
2563.4,393.83,6.6748,0.49906
2780.5,790.53,6.6508,0.49922
2421.5,938.7,6.6386,0.49936
2145.8,1400.9,6.6102,0.49961
2732.6,759.91,6.6517,0.49922
2775.6,816.7,6.6492,0.49923
344.63,1275.9,6.6071,0.49979
2223.6,643.05,6.6539,0.49926
2032.7,1089,6.6278,0.49948
2280.4,603.77,6.6571,0.49923
2001.3,1533.1,6.6004,0.4997
2739.6,754.35,6.6521,0.49921
500.78,310.87,6.6696,0.49928
348.66,1163.5,6.6132,0.49974
2721.1,408.56,6.675,0.49904
2280,601.98,6.6571,0.49923
1490.1,1207.8,6.6179,0.4996
1679.7,1103.6,6.6252,0.49953
563.67,404.49,6.6611,0.49934
1637.4,1106.5,6.6246,0.49953
2623.2,934.93,6.6408,0.49932
2009.7,357.15,6.6742,0.49912
2574.1,442.26,6.6707,0.49909
2426.2,1303.8,6.6181,0.49952
2041.9,989.48,6.6332,0.49944
2389.1,1354.4,6.6147,0.49955
1134.4,1143.7,6.6194,0.49961
2419,546.19,6.6618,0.49918
2310.2,1417.2,6.6101,0.49959
396.74,1238.2,6.6095,0.49976
2375.2,1055.6,6.6318,0.49942
2243,637.16,6.6542,0.49926
2720.7,843.17,6.6467,0.49926
2575.9,932.28,6.6402,0.49933
2463.1,897.45,6.641,0.49934
264.15,250.85,6.673,0.49929
2424.7,932.46,6.6389,0.49936
1128.6,1551.9,6.5947,0.4998
2193.4,1410.4,6.6097,0.49961
1748.1,1143.3,6.623,0.49954
2734.3,899.73,6.6444,0.49927
2272.4,624.82,6.6552,0.49925
2218.7,1011.4,6.633,0.49942
2720.8,875.9,6.6448,0.49927
2741.3,916.21,6.6428,0.49929
1750.5,1110.9,6.6247,0.49952
992.74,1356.1,6.6066,0.49972
2592.9,896.31,6.6422,0.49931
1467.9,552.88,6.6555,0.4993
635.11,1566.8,6.5902,0.49988
2626.2,899.48,6.6427,0.4993
2594.4,925.87,6.6406,0.49932
852.55,369.31,6.6663,0.49927
2720,828.7,6.6473,0.49925
2171.2,1385.5,6.6109,0.4996
2220.8,994.19,6.6338,0.49942
1747.4,1141.6,6.6229,0.49954
777.84,357.83,6.6667,0.49927
358.07,867.68,6.6285,0.49962
2590.2,410.64,6.6733,0.49907
2462.4,939.75,6.6384,0.49936
330.04,1248.3,6.6077,0.49979
2059.7,339.56,6.6757,0.4991
1946,1071.9,6.6277,0.49949
2132.5,1426.1,6.608,0.49963
1944.9,1008.5,6.6314,0.49946
518.82,304.15,6.6697,0.49927
2161.6,1376.9,6.6121,0.49959
1207.9,421.14,6.6637,0.49926
637.79,335.92,6.6677,0.49928
1540.6,263.63,6.6809,0.4991
2679,428.08,6.6726,0.49906
1694.1,828.4,6.6393,0.49941
2213.4,1408.2,6.6096,0.49961
986.36,1352.4,6.6067,0.49972
759.85,355.41,6.6667,0.49927
777.92,358.8,6.6665,0.49927
336.67,776.89,6.6329,0.49959
2161.4,1580,6.5976,0.49971
2417.2,533.52,6.6621,0.49918
978.45,1405.6,6.6032,0.49975
2765.2,772.67,6.6509,0.49922
1106,406.41,6.6643,0.49926
544.76,318.87,6.6685,0.49928
2131.9,1426.8,6.6078,0.49963
1749,1129.1,6.6233,0.49954
2138,1437.3,6.6075,0.49963
2193.1,1434.1,6.608,0.49962
1183.4,1159.7,6.6192,0.49961
778.92,442.77,6.6588,0.49933
2575.2,948.6,6.6388,0.49934
1017.4,1472.5,6.599,0.49978
1549,350.56,6.6716,0.49917
2419,544.99,6.6612,0.49918
689.15,344.08,6.6671,0.49928
1958.8,631.61,6.6525,0.49929
2406.3,970.26,6.6363,0.49938
1951.6,1013.9,6.6307,0.49946
1965.9,1370,6.6103,0.49962
1355.5,574.17,6.653,0.49933
1167.9,771.76,6.6397,0.49945
2778.4,788.43,6.6502,0.49922
1178.3,831.82,6.6361,0.49948
2021,1353.4,6.6116,0.49961
2192.7,1434.9,6.6078,0.49962
2529.3,531.18,6.6631,0.49916
2441.1,201.05,6.6942,0.49892
608.51,1550.1,6.5908,0.49988
2205.8,551.26,6.6593,0.49922
2777.4,843.58,6.6469,0.49925
2583.5,383.22,6.6752,0.49906
1542,264.29,6.6805,0.4991
2234.9,1030,6.6315,0.49943
1466.6,1208.5,6.6172,0.4996
813.58,1145.2,6.6172,0.49965
528.88,315.01,6.6686,0.49928
2599.7,894.43,6.6418,0.49931
332.83,776.43,6.633,0.49959
2773.4,766.51,6.651,0.49921
2127.2,463.18,6.6649,0.49918
2580,883.94,6.6423,0.49931
2229.1,980.36,6.6345,0.49941
1669,1159.5,6.621,0.49956
2144.5,1399.4,6.6094,0.49962
2624.3,912.4,6.6412,0.49932
2318.1,246.39,6.6869,0.49899
2316.6,246.34,6.6869,0.49899
339.16,886.55,6.6266,0.49964
1146.7,819.09,6.6367,0.49947
2580.5,459.09,6.6686,0.49911
1124.9,1175.8,6.6171,0.49963
1088.1,404.03,6.664,0.49926
2584.2,885.69,6.642,0.49932
2739,863.6,6.6451,0.49927
2595.2,881.98,6.6424,0.49931
336.03,909.91,6.6252,0.49965
2764,739.27,6.6524,0.49921
1164.2,1174.4,6.6173,0.49962
1289.7,433.7,6.6626,0.49926
1035.8,1413.3,6.6023,0.49975
2575.3,903.3,6.6409,0.49933
2290.3,1013.3,6.6327,0.49942
2781.6,813.34,6.6484,0.49923
1530.9,1269.7,6.6137,0.49963
1136.6,1114.5,6.6201,0.4996
2413.1,505.98,6.6636,0.49917
2737.8,1325.8,6.6195,0.49947
1656.8,841.18,6.6378,0.49943
2594.1,897.98,6.6413,0.49932
2291.3,1004.5,6.6332,0.49942
300.24,267.96,6.6708,0.4993
2574.6,432.19,6.6705,0.49909
1947.4,1059.4,6.6278,0.49949
2440.1,202.68,6.6939,0.49893
1768.2,762.83,6.6431,0.49938
1970.6,1357.1,6.6107,0.49962
1105.6,799.79,6.6374,0.49947
281.14,263.12,6.6711,0.4993
1132.8,1137.6,6.6192,0.49961
1510.2,911.87,6.6331,0.49948
1889,1029.7,6.6291,0.49948
402.95,1117.7,6.6148,0.49972
2724.1,367.67,6.6778,0.49901
2463.3,927,6.6385,0.49936
2315.6,1400.9,6.6103,0.49959
2240,613.34,6.6547,0.49925
1540.2,615.8,6.6509,0.49934
2412.7,491.42,6.6647,0.49916
1269.1,430.57,6.6627,0.49926
2373.7,567.64,6.6589,0.49921
2208.1,1407.9,6.6093,0.49961
2215.7,1049.5,6.63,0.49945
2462.1,899.48,6.6399,0.49935
2401.3,1001.1,6.6339,0.4994
501.74,310.67,6.6684,0.49929
2432.4,204.83,6.6931,0.49893
1820.7,703.42,6.6466,0.49935
2730,870.68,6.6443,0.49928
1629.2,1181,6.6192,0.49958
2725.3,858.88,6.6452,0.49927
2237,1006.6,6.6323,0.49943
2232.6,1043.3,6.6303,0.49944
1360.9,580.64,6.6517,0.49934
1502.3,1090,6.6232,0.49955
841.45,356.98,6.6661,0.49927
1889.2,403.49,6.6677,0.49918
890.72,376.32,6.6649,0.49927
1790.2,1135.9,6.6225,0.49954
355.6,1453,6.5951,0.49988
2734.3,1322.9,6.6197,0.49947
253.24,256.01,6.6713,0.49931
1156.6,820.66,6.6363,0.49948
1643.7,1477.2,6.6009,0.49972
1535.1,1271,6.6132,0.49963
1673.7,1116.1,6.6229,0.49954
2029.1,1325.9,6.6127,0.4996
2735.8,789.29,6.6487,0.49924
2203.6,1401.1,6.61,0.49961
2776.2,795.74,6.649,0.49923
2360.3,1320.5,6.6156,0.49955
2096.4,1050.6,6.6293,0.49946
1804.1,1076.5,6.626,0.49951
2308.4,250.75,6.6858,0.499
2744,1269.9,6.6223,0.49945
1488.4,1225.2,6.6155,0.49962
2749.2,1351.5,6.6175,0.49948
2365.6,1319.2,6.6153,0.49955
2414.5,505.05,6.6633,0.49917
1091.6,716.67,6.6424,0.49943
1180.9,824.29,6.6361,0.49948
2242.6,1029.6,6.6306,0.49944
2579.4,928.57,6.6392,0.49934
300.68,995.12,6.6199,0.4997
2056.4,991,6.6318,0.49945
1946.2,1022.1,6.6292,0.49948
1081.6,785.09,6.6377,0.49947
262.09,258.58,6.671,0.49931
1170.2,809.39,6.6368,0.49947
388.45,398.53,6.6581,0.49938
2597.7,972.71,6.6367,0.49936
1524.1,282.34,6.6776,0.49913
1752.3,1098.9,6.6241,0.49953
2396.3,1354.4,6.6142,0.49956
276.73,965.94,6.6209,0.4997
2435.1,1362.4,6.6138,0.49955
1466.8,1206.9,6.6166,0.49961
1646,805.73,6.6396,0.49942
2610,479.74,6.6665,0.49912
2112.7,629.97,6.6524,0.49928
2399.9,999.32,6.6336,0.4994
1609.8,1472.3,6.6012,0.49972
264.31,250.01,6.6718,0.4993
2014.7,1365.8,6.61,0.49962
2273,1007.6,6.6324,0.49942
2403,984.58,6.6344,0.4994
2579.8,907.6,6.6403,0.49933
2135.7,679.02,6.6494,0.4993
2459.4,983.43,6.6349,0.49939
451.83,309.43,6.6672,0.4993
326.81,1135.4,6.6126,0.49975
2212.5,288.17,6.6808,0.49905
2409.8,941.86,6.6368,0.49938
1844.7,1151.8,6.6213,0.49955
255.36,248.83,6.6716,0.4993
1885.5,1070.9,6.6263,0.4995
1884.6,1072.5,6.6261,0.4995
425.2,1090.5,6.6159,0.49971
2041.2,1024.8,6.6299,0.49946
2197.3,669.69,6.6507,0.49929
1471.4,545.83,6.6551,0.49931
839.85,1085,6.6193,0.49963
1936.6,1095.4,6.6249,0.49951
2284.1,1005.4,6.6327,0.49942
2554.9,1007.6,6.6344,0.49938
1106.9,1136.1,6.6186,0.49962
998.94,404.7,6.6633,0.49928
1769.2,749.87,6.6433,0.49938
1152.1,1439.7,6.6005,0.49976
1359.4,578.3,6.6518,0.49934
1199.7,1120.3,6.6194,0.49961
2024.4,1339,6.6115,0.49961
589.37,326.56,6.667,0.49929
315.87,906.55,6.6246,0.49966
2472.7,984.33,6.6349,0.49938
1156.6,807.78,6.6366,0.49947
1093.7,811.95,6.636,0.49948
958.62,1493.4,6.5959,0.49981
2412.7,1302.3,6.6164,0.49954
568.46,408.35,6.6588,0.49935
2224.6,283.78,6.6813,0.49905
2218,1032.8,6.6303,0.49945
2742.3,835.71,6.6459,0.49926
2425.3,1336.8,6.6147,0.49955
2086.2,1059.2,6.628,0.49947
299.49,1146.2,6.6119,0.49976
2730.3,837.74,6.6454,0.49927
382.67,1177.1,6.6107,0.49975
609.73,1549.4,6.5898,0.49989
1883.5,1087.3,6.6252,0.49951
2627.1,872.84,6.642,0.49931
347.59,1163.4,6.6111,0.49976
2574.7,947.13,6.6376,0.49935
362.6,863.72,6.6275,0.49963
1536.9,1218,6.6157,0.49961
2362.2,489.55,6.6636,0.49917
2386.7,1351.8,6.6131,0.49956
919.8,1377.6,6.6036,0.49975
1646.5,792.26,6.64,0.49941
308.35,789.49,6.6308,0.49961
2660.3,344.32,6.6783,0.49902
1520,562.43,6.6534,0.49932
372.98,284.9,6.6691,0.4993
1898.6,1208.3,6.6186,0.49956
2460.5,967.88,6.6355,0.49938
1114.2,1461.5,6.5987,0.49977
2033.7,350.08,6.6727,0.49913
1142.3,1491.8,6.5971,0.49978
1106.1,1439.2,6.6001,0.49976
2693.9,412.7,6.6725,0.49906
1094.6,1438.9,6.6,0.49977
2469.3,1036.1,6.632,0.49941
2296,907.14,6.6375,0.49938
1087,765.19,6.6385,0.49946
2731.1,884.67,6.6427,0.49929
586.54,1005.2,6.622,0.49964
2670.7,460.54,6.6683,0.4991
2782.8,809.89,6.6476,0.49924
1195.2,1179.8,6.616,0.49963
2699.8,425.89,6.6713,0.49907
1281.2,1459,6.6001,0.49975
2403.4,945.36,6.6361,0.49938
2729.7,823.82,6.646,0.49926
1136.8,400.18,6.6632,0.49927
299.63,938.47,6.6222,0.49968
2038.1,726.92,6.6458,0.49934
839.01,1148.1,6.616,0.49966
2585.7,887.36,6.6408,0.49932
2744.4,830.92,6.6457,0.49926
2216.7,1010.7,6.6311,0.49944
263.31,809.98,6.6289,0.49964
1915.4,671.11,6.6482,0.49933
640.68,1017.2,6.6216,0.49964
2580.3,916.67,6.6394,0.49934
2006.4,1134.4,6.6234,0.49952
586.21,999.24,6.6223,0.49964
2102.1,581.68,6.6552,0.49926
1962.7,1536.3,6.5978,0.49972
2725.1,378.98,6.6754,0.49903
1111.4,740.21,6.64,0.49945
616.88,1010,6.6218,0.49964
1959.8,1377.5,6.6089,0.49963
1282.1,522.72,6.6543,0.49933
2412.5,214.93,6.6908,0.49895
2277.8,1084.5,6.6277,0.49946
2585.1,931.27,6.6383,0.49934
319.13,822.9,6.6285,0.49963
2235.6,1028.8,6.6302,0.49944
2213.6,1048.1,6.629,0.49946
1171.9,1107.1,6.62,0.4996
2411.9,943.16,6.6361,0.49938
632.01,1509.7,6.5924,0.49987
2743.7,831.95,6.6456,0.49926
2705,362.13,6.6766,0.49903
349.07,1257.7,6.6059,0.4998
1647.5,817.45,6.6382,0.49943
2218.2,997.57,6.6317,0.49943
2607,476.28,6.6663,0.49912
292.2,257.84,6.6705,0.4993
1171.6,1110.6,6.6198,0.4996
2729.1,381.5,6.6749,0.49904
1141.2,802.06,6.636,0.49948
2584.8,857.41,6.6423,0.49931
2168.2,1370.1,6.6104,0.49961
2368.3,231.92,6.688,0.49898
2584.2,929.93,6.6383,0.49934
1527.4,1220,6.6154,0.49961
2723.5,893.8,6.6419,0.4993
1770.6,776.14,6.6411,0.4994
2219.5,1558.2,6.5976,0.4997
1178,731.29,6.6411,0.49944
2705.2,363.19,6.6763,0.49903
1545.9,900.03,6.6326,0.49948
2708.1,372.38,6.6756,0.49903
2476.8,1009.1,6.6326,0.4994
1498.1,892.1,6.6328,0.49948
2083.9,645.34,6.6503,0.4993
2573.5,417.66,6.6703,0.4991
2574.4,418.38,6.6703,0.4991
2359.2,607.69,6.6549,0.49924
1883.1,1086,6.6246,0.49952
841.08,1045.6,6.6211,0.49962
2730,839.1,6.6447,0.49927
324.61,1016.1,6.6183,0.49971
2090.6,1120.9,6.6241,0.4995
2185,1099.3,6.6257,0.49948
1117.6,1153,6.6174,0.49963
1959.5,654.84,6.649,0.49932
2767.9,770.02,6.6491,0.49923
2783.8,808.94,6.6471,0.49924
1640.3,741.47,6.6426,0.49939
2712.6,387.67,6.6741,0.49904
2234.9,610.84,6.6537,0.49926
2178.9,1298.7,6.6141,0.49958
349.57,1296.2,6.6032,0.49982
2768.1,800.35,6.6474,0.49924
2570.8,392.56,6.6725,0.49908
346.51,1189.8,6.6093,0.49977
617.51,1005.1,6.6217,0.49964
1544.8,849.72,6.636,0.49945
2597.8,911.82,6.6394,0.49933
2215.2,1035.3,6.6293,0.49945
2411.5,956.51,6.635,0.49939
560.9,322.68,6.6663,0.4993
990.55,391.17,6.6629,0.49928
1934.1,1130.9,6.6221,0.49953
376.54,275.6,6.6693,0.4993
330.78,1427.6,6.5951,0.49989
2769.5,847.75,6.6448,0.49926
2755,1266.1,6.6214,0.49945
2266.2,597.45,6.6547,0.49925
2232.8,1293.4,6.6147,0.49957
2206.2,1366.9,6.6105,0.4996
1171.6,730.67,6.6408,0.49944
1157.9,797.54,6.6363,0.49948
421.52,296.76,6.6677,0.4993
1357.7,574.52,6.651,0.49935
1171.9,799.56,6.6363,0.49948
356.18,1325.8,6.6014,0.49983
2112.6,597.65,6.6535,0.49927
358.56,1480.5,6.5923,0.4999
450.41,308.11,6.6665,0.49931
2690.3,433.11,6.67,0.49908
2161.7,1383.7,6.6091,0.49962
1070.7,403.16,6.6623,0.49928
2436,206.93,6.6917,0.49894
1940.9,1062.4,6.6257,0.4995
815.29,1039.6,6.6211,0.49962
2461.5,942.07,6.6361,0.49938
2714.9,397.82,6.6731,0.49905
2290.7,259.52,6.6833,0.49902
1109,815.06,6.6349,0.49949
2724,871.33,6.6427,0.49929
2707.2,953.84,6.638,0.49933
2697.4,428.97,6.6704,0.49908
330.01,1069.2,6.615,0.49973
2461.5,929.5,6.6364,0.49937
2723.3,824.46,6.6453,0.49927
1171.4,416.97,6.6616,0.49928
1141.4,777.93,6.6369,0.49947
346.23,805.1,6.6292,0.49962
2197.1,523.43,6.6597,0.49922
1913.7,1490.8,6.6004,0.4997
2217.3,617.69,6.6529,0.49927
1085.7,811.88,6.6349,0.49949
253.34,256.31,6.6698,0.49932
1084.5,798.12,6.6357,0.49949
2584.5,902.24,6.6393,0.49934
2627.1,917.52,6.6385,0.49934
1095,788.12,6.6363,0.49948
2462.3,969.35,6.6345,0.49939
1750.6,1128,6.6212,0.49955
1906.8,1211,6.6171,0.49957
2036.9,1351.3,6.6097,0.49962
1139,1115.7,6.6186,0.49962
1123.6,1536.2,6.5929,0.49982
2244.7,610.85,6.6531,0.49927
2409.3,997.42,6.6324,0.49941
433.04,1167.8,6.6108,0.49975
319.57,274.68,6.6686,0.49931
356.08,1415.8,6.5961,0.49987
2364.4,1386.7,6.6104,0.49959
388.82,1205.9,6.6081,0.49977
2302.7,255.36,6.6837,0.49902
2702.1,429.69,6.6699,0.49908
2726,408.48,6.6722,0.49906
344.93,853.13,6.6269,0.49963
2585.9,900.89,6.6392,0.49934
2353,1335.7,6.6131,0.49957
2416.9,213.64,6.69,0.49896
1206.5,811.65,6.6351,0.49948
2222.7,991.45,6.6315,0.49944
2362.5,1321.1,6.6137,0.49956
1491.5,1021.5,6.626,0.49953
2563.2,486.13,6.6645,0.49914
2459.9,970.93,6.6339,0.49939
2721.7,797.45,6.6465,0.49926
2693.7,412.37,6.6714,0.49907
2731.6,872.1,6.6424,0.49929
2760.3,900.13,6.6415,0.49929
2024.7,355.43,6.6712,0.49914
2118.1,657.92,6.6493,0.49931
2768.7,821.18,6.6459,0.49926
1540.3,698.4,6.6442,0.49939
928.26,1378,6.6024,0.49976
2764.8,808.87,6.6461,0.49926
899.4,366.85,6.6638,0.49928
292.8,257.09,6.6699,0.49931
843.21,1118,6.6162,0.49966
2091.8,1063.8,6.6262,0.49949
1303.3,1458,6.5993,0.49976
2564.1,491.93,6.6641,0.49915
1951.1,1569.2,6.5948,0.49975
1812.1,1052.4,6.6252,0.49952
1093.9,1454,6.5984,0.49978
1159.5,403.73,6.662,0.49928
2713.5,388.96,6.6735,0.49905
1490.8,1368.4,6.6054,0.49969
2471.1,952.93,6.6357,0.49938
2459.2,198.99,6.6926,0.49893
2400.5,1363.7,6.6112,0.49958
1817.1,1119.3,6.6214,0.49955
2128.5,1429.9,6.6058,0.49965
541.79,1374.9,6.5997,0.49982
917.83,1370.7,6.6026,0.49976
1772.3,749.62,6.6419,0.49939
2030.8,1088.2,6.6247,0.4995
2227.1,618.2,6.6522,0.49927
1941.7,387.36,6.6675,0.49918
1801.8,1121.1,6.6212,0.49955
2222.3,1323.5,6.6122,0.49959
2743.6,813.37,6.6457,0.49926
1973.1,1342,6.6095,0.49963
2586.3,450.8,6.6672,0.49912
841.93,1143.8,6.6151,0.49967
2734.8,397.91,6.673,0.49905
306.53,778.23,6.6301,0.49962
2726.9,865.02,6.6427,0.49929
2350.7,238.83,6.6858,0.499
2731.3,825.22,6.6447,0.49927
2288.1,616.27,6.6531,0.49926
1500,1455.5,6.6002,0.49974
2330,1354.4,6.6115,0.49958
2445.6,555.48,6.6582,0.49921
1976.2,686.57,6.6463,0.49934
2087.1,642.12,6.6497,0.49931
1115,1176.1,6.6146,0.49965
1010.3,1472.6,6.5961,0.4998
938.95,372.42,6.6632,0.49928
303.74,746.98,6.6317,0.4996
745.05,354.53,6.6638,0.4993
2410.5,984.4,6.6326,0.49941
2413.3,915.65,6.6364,0.49938
1167.8,1089.8,6.6198,0.49961
1278.2,1405.2,6.6018,0.49974
2703.9,348.08,6.6767,0.49903
2420.8,1365.6,6.6112,0.49958
2029.4,1350.6,6.6095,0.49962
1527.8,1267.8,6.6113,0.49965
1627.9,1485.2,6.5985,0.49974
1993.2,1531.5,6.5974,0.49972
2269.7,268.4,6.6813,0.49904
2050.8,346.91,6.6716,0.49914
384.2,1179.7,6.6093,0.49977
2063.4,1037.1,6.627,0.49948
1109.3,777.63,6.6363,0.49948
1489.7,1079.1,6.6222,0.49956
816.26,1034.5,6.6206,0.49963
788.02,446.91,6.6558,0.49935
2408.7,983.08,6.6326,0.49941
580.3,316.21,6.6659,0.4993
1918.5,672.34,6.6467,0.49934
592.98,1009.9,6.6202,0.49965
634.8,1518.3,6.5905,0.49988
2555.8,1007.8,6.6326,0.49939
2643.5,954.71,6.6359,0.49936
2283.3,938.09,6.6338,0.49941
1018.7,383.95,6.6625,0.49928
2042.3,1074.3,6.6247,0.4995
2578.6,951.96,6.6359,0.49936
1985.7,1355.1,6.6084,0.49964
2585.1,944.18,6.6362,0.49936
253.22,257.61,6.6689,0.49932
1698.6,805.67,6.6375,0.49943
1543.7,752.85,6.6404,0.49942
2127.7,474.01,6.6615,0.49921
1661.6,763.95,6.6397,0.49941
2227.1,997.09,6.6301,0.49945
2173,1312.9,6.6121,0.49959
1131.2,1100.2,6.6186,0.49962
1059.4,389.81,6.6621,0.49928
2198.3,294.08,6.6778,0.49908
2351.4,1321.3,6.6129,0.49957
1223.7,1151.4,6.616,0.49963
2536.7,221.93,6.6889,0.49896
2216.3,1378.6,6.6088,0.49961
885.3,1566.6,6.5884,0.49987
1173.5,787.45,6.6359,0.49948
491.79,299.92,6.6667,0.4993
358.58,988.02,6.6187,0.4997
2740.1,816.71,6.645,0.49927
1885.1,781.93,6.6401,0.4994
1255,430.04,6.6601,0.49928
1805.8,1090.2,6.6224,0.49954
1963.1,715.13,6.6441,0.49936
2008.2,364.54,6.6698,0.49915
2529.7,419.87,6.6685,0.49912
328.31,825.73,6.627,0.49964
397.08,1083.7,6.614,0.49973
1207.4,787.9,6.6357,0.49948
390.82,1010.1,6.6177,0.4997
1067.2,411.26,6.6602,0.4993
2406.2,1329.1,6.6131,0.49956
2360.3,1323.6,6.6127,0.49957
2582.6,890.58,6.6386,0.49934
1089.1,737.41,6.6384,0.49947
2395.8,1330.4,6.6129,0.49957
1665.8,1195.4,6.6162,0.4996
2424.9,966.56,6.6336,0.4994
430.02,1018.3,6.6177,0.49969
1149.8,797.41,6.6351,0.49949
2628.1,932.26,6.6372,0.49935
2643.1,819.53,6.6433,0.4993
2192.1,1414.6,6.6068,0.49963
332.9,1096.9,6.6125,0.49975
2404.7,1319.6,6.6132,0.49956
2137.4,652.35,6.6488,0.49931
326.8,913.83,6.622,0.49968
2156.1,1062,6.6263,0.49948
1500.4,874.8,6.6323,0.49948
1891.1,1104.4,6.6219,0.49954
318.43,279.9,6.6667,0.49933
1800.7,1354,6.6073,0.49966
2736.9,788.28,6.6462,0.49926
2434,1363.6,6.611,0.49958
1820.3,1089,6.6223,0.49954
1493,1070.3,6.6215,0.49957
1520.8,1232.1,6.6128,0.49963
319.89,281.21,6.6664,0.49933
256.07,247.51,6.6696,0.49932
2334.8,1382.5,6.6092,0.4996
714.32,338.63,6.6643,0.4993
1110.7,791.47,6.635,0.49949
2431.9,209.65,6.6897,0.49896
1366.4,582.9,6.6489,0.49936
1908.9,401.22,6.6654,0.4992
1540.1,1079.4,6.6212,0.49957
2730,792.38,6.6458,0.49926
2112.1,958.33,6.6314,0.49945
647.87,346.22,6.6629,0.49931
1918.8,704.8,6.6441,0.49936
300.01,270.1,6.6678,0.49932
2213.3,290.61,6.6779,0.49907
613.31,322.01,6.6651,0.4993
1297.5,529.36,6.6521,0.49934
2070.5,649.51,6.6484,0.49932
1165.9,1438.2,6.5984,0.49977
2556.1,783.65,6.6444,0.4993
2369.6,1417.4,6.607,0.49961
2480.6,845.17,6.6403,0.49934
1919.6,731.08,6.6425,0.49937
2726.7,818.08,6.6445,0.49928
2664,351.2,6.6754,0.49904
451.85,292.3,6.6667,0.49931
1632.3,1165.5,6.6173,0.49959
1339.7,1421.9,6.6003,0.49975
2423.8,1334.5,6.6126,0.49956
1140.7,1148.2,6.6156,0.49964
2225.9,591.74,6.653,0.49927
825.79,355.57,6.6633,0.49929
1863,432.18,6.6629,0.49922
1203.9,1106.5,6.6182,0.49961
2294.5,595.99,6.6532,0.49926
1954.3,1092.6,6.6226,0.49953
2185.8,1531.3,6.5976,0.4997
2631.7,811.06,6.6435,0.4993
1490.6,1411.6,6.6017,0.49972
570.96,995.56,6.6203,0.49965
2602.6,976.76,6.6338,0.49938
2724.4,846.79,6.6427,0.49929
1825.5,737.71,6.6415,0.49939
1962.7,689.07,6.6452,0.49935
2544.8,770.34,6.6449,0.4993
2376,1403.2,6.6079,0.49961
1972.5,378.98,6.6678,0.49917
986.34,1477.5,6.5951,0.49981
2383.3,1347.7,6.6114,0.49958
368.13,1162.9,6.6097,0.49977
1942.7,1297.9,6.6114,0.49962
1153.6,827.68,6.6329,0.4995
1677.6,1175.3,6.6165,0.49959
2225.8,286.32,6.6782,0.49907
863.68,361.68,6.6628,0.49929
1784.8,721.54,6.6422,0.49939
1966.2,757.59,6.6416,0.49938
2207.4,1554.1,6.5962,0.49971
313.78,1299.8,6.6009,0.49984
2584.1,945.32,6.6355,0.49937
1992.3,370.23,6.6683,0.49917
2351.4,1318,6.6125,0.49957
980.4,378.66,6.662,0.49929
2406,1312.2,6.6132,0.49956
364.87,1116,6.6114,0.49975
550.55,311,6.6654,0.4993
316.23,723.25,6.6324,0.4996
447.99,302.92,6.6657,0.49932
2400.4,1313.3,6.6134,0.49956
2357.7,1409,6.6069,0.49962
2257.1,275.96,6.6799,0.49905
343.67,269.82,6.6677,0.49932
2249.4,277.5,6.6793,0.49906
2217.2,1053.6,6.6267,0.49947
1173.6,1459.2,6.5968,0.49978
2209.7,1390.6,6.6073,0.49963
2161.7,1342,6.6096,0.49961
2089.6,333.89,6.6723,0.49913
1493.1,692.25,6.643,0.4994
629.69,324.73,6.6646,0.4993
919.94,1624.3,6.5834,0.49991
2005.7,945.26,6.6311,0.49946
1484.6,1258.6,6.6107,0.49965
2386,228.09,6.6867,0.49899
2091.5,611.15,6.6507,0.4993
1892.8,1225.5,6.6151,0.49959
1050.1,1477.2,6.5953,0.49981
2004,1396.7,6.6057,0.49966
2206.2,1398,6.607,0.49963
2737.9,403.65,6.6713,0.49906
1826.6,763.52,6.6398,0.4994
1822.1,754.31,6.6408,0.49939
2228.4,629.57,6.6506,0.49929
2356.4,1334.9,6.6114,0.49958
858.09,1566.7,6.5875,0.49988
1520,359.34,6.6668,0.49921
2153.2,1407.8,6.6053,0.49965
1022.7,1393,6.6003,0.49977
345.77,1316.7,6.6001,0.49984
1784.9,777.74,6.6387,0.49941
335.97,1211.4,6.6062,0.4998
2171.9,1453,6.6031,0.49966
2073.2,676.79,6.6463,0.49933
1760.7,1128.8,6.6193,0.49957
1150.4,784.15,6.6352,0.49949
1730.4,1190.5,6.6157,0.4996
1081.5,393.11,6.6611,0.49929
2581.9,933.81,6.6355,0.49937
1940.8,1085.1,6.6233,0.49952
646.48,344.8,6.6627,0.49931
680.9,333.21,6.664,0.4993
397.63,292.67,6.666,0.49932
1840.2,736.68,6.6413,0.49939
312.48,853.89,6.6248,0.49966
455.22,1202.7,6.6077,0.49977
2224.3,1034.2,6.6271,0.49947
1173.7,1081.4,6.619,0.49961
1161.4,786.06,6.6351,0.49949
1877.7,1268.6,6.6127,0.49961
2157.3,456.89,6.6618,0.4992
2723.4,355.63,6.6751,0.49904
1487.5,595.61,6.6488,0.49936
413.24,284.8,6.6666,0.49931
2050.7,1072.2,6.6242,0.49951
2708.5,953.63,6.6362,0.49934
399.12,1173.8,6.6084,0.49977
1193.1,1152.3,6.6151,0.49964
2741.1,406.49,6.6706,0.49907
1753.2,435,6.6616,0.49924
1437.2,354.78,6.6668,0.49922
503.06,314.25,6.6647,0.49932
1881.8,1127.3,6.6204,0.49955
1869.7,1168.1,6.6176,0.49957
2190.7,1537.4,6.5973,0.49971
2054.5,1037.3,6.6261,0.49949
1244.8,416.3,6.6599,0.49929
592.16,328.6,6.664,0.49931
881.58,1147.1,6.6139,0.49967
376.93,1214.1,6.6059,0.49979
2056.5,1014.3,6.6273,0.49948
2226,1306.9,6.6118,0.49959
2602.4,827.61,6.6415,0.49932
1950.5,388.33,6.6664,0.49919
2356.4,1441.7,6.605,0.49963
2665.8,348.7,6.6751,0.49905
2343.9,243.42,6.6837,0.49902
2766.5,856.12,6.6419,0.49929
2483.8,870.6,6.638,0.49936
1662.4,794.61,6.6368,0.49944
1798.8,1153.5,6.618,0.49957
2639.6,987.85,6.6337,0.49937
263.32,870.66,6.623,0.49968
2485,811.14,6.6415,0.49933
1473.2,1197.8,6.6146,0.49962
2412.5,217.92,6.6876,0.49898
1387,1554.5,6.5911,0.49981
1115.2,1469.3,6.5954,0.4998
355.28,896.93,6.6225,0.49967
329.71,1354.4,6.5976,0.49987
2027.9,1351.1,6.6081,0.49963
2006.2,365.95,6.6683,0.49917
1495.1,1052.1,6.6217,0.49957
2442.4,1332,6.6122,0.49957
2275.3,573.08,6.6539,0.49926
2053,1050,6.6253,0.4995
344.68,1006.2,6.6165,0.49972
2699.7,403.06,6.6701,0.49908
1110.8,1113.3,6.6167,0.49963
591.92,330.63,6.6637,0.49931
2270.9,590.59,6.6532,0.49926
1126.6,1488.8,6.5944,0.49981
1842.6,1266.1,6.612,0.49962
2766.1,808.47,6.6443,0.49927
387.9,1263.1,6.6035,0.49981
1525.1,358.74,6.6665,0.49921
1138,1176.2,6.6131,0.49966
2389.2,1331.6,6.6114,0.49958
1700.6,781.75,6.6376,0.49943
2215.1,1336.8,6.6098,0.49961
2782.7,926.92,6.6387,0.49931
1109.7,1115.6,6.6165,0.49964
2411.6,944.97,6.6331,0.49941
1825.7,803.79,6.6374,0.49942
2172.6,1528.1,6.5973,0.49971
2167,1326.6,6.61,0.49961
2220.9,1075.1,6.6247,0.49949
334.84,1020.6,6.6155,0.49973
2305.8,258.51,6.6817,0.49904
2071.2,616.89,6.6497,0.49931
2649.4,742.26,6.6469,0.49927
398.3,1059.8,6.6147,0.49972
1173.1,1165.8,6.6141,0.49965
419.77,1184.8,6.6076,0.49977
1449.3,1404.3,6.6012,0.49973
1980.4,1316.1,6.6094,0.49963
2263.4,1446.9,6.6037,0.49965
2278.8,600.48,6.652,0.49927
1530.7,1204,6.6143,0.49962
2703.1,714.49,6.649,0.49924
2739.9,1322.6,6.6155,0.4995
1094.9,1512.2,6.5931,0.49982
2443.8,1362.8,6.6098,0.49958
379.02,1005.8,6.6166,0.49971
400.74,1074.4,6.6136,0.49973
2595,462.82,6.6641,0.49914
2210.5,863.72,6.6362,0.4994
1559.6,1490.4,6.5964,0.49976
1132.8,1526.1,6.5913,0.49983
2149.6,315.08,6.6742,0.49911
2546.7,770.76,6.6441,0.4993
996.55,1414,6.5981,0.49979
326.97,1265.6,6.6022,0.49983
2383.8,1054.1,6.6274,0.49945
2138.9,1353.9,6.6084,0.49962
1785.4,752.94,6.6395,0.49941
1515.1,757.32,6.6378,0.49944
2272.7,539.96,6.6559,0.49924
2377.5,1383.7,6.6088,0.4996
2605.1,430.02,6.6666,0.49912
2341.8,245.74,6.6833,0.49902
344.18,1038.6,6.6146,0.49973
1971.3,1364.6,6.6066,0.49965
2209.4,1551.3,6.5957,0.49972
2364.8,1306,6.6124,0.49957
2413.3,1316.9,6.6121,0.49957
2092.9,612.51,6.6499,0.4993
2260.2,611.59,6.651,0.49928
625.3,339.92,6.6628,0.49932
344.52,1282,6.6015,0.49983
2408.3,998.67,6.6302,0.49943
1046.3,1482.8,6.5944,0.49981
2779.3,740.92,6.6481,0.49924
2645.9,807.44,6.6424,0.4993
2719.1,358.41,6.6742,0.49904
2344,1318.7,6.6118,0.49958
366.1,274.88,6.6666,0.49932
493.9,298.82,6.6654,0.49931
2779,740.1,6.6482,0.49924
1635,1152.8,6.6169,0.49959
355.91,1331.6,6.5987,0.49985
1895.8,1072.3,6.6224,0.49953
1074.9,1452.4,6.5964,0.4998
1136.4,1430.5,6.5982,0.49978
316.84,278.75,6.6653,0.49934
2468.5,197.91,6.6905,0.49895
698.93,336.36,6.6631,0.49931
1854.4,1418.5,6.6028,0.49969
789.85,350.71,6.6624,0.4993
342.61,1163.4,6.6078,0.49979
647.69,327.7,6.6635,0.49931
1074.4,1454.2,6.5962,0.4998
2220.5,1029.5,6.6271,0.49947
2371.7,1317.7,6.6117,0.49958
1171.5,1163.3,6.6138,0.49965
2433.4,440.55,6.6646,0.49916
2778.8,738.25,6.6479,0.49924
2436.2,1248.3,6.6166,0.49953
2430.7,1297.8,6.6132,0.49956
1531,723.29,6.6397,0.49942
567.16,314.13,6.6642,0.49931
2730.7,888.95,6.6393,0.49931
438.42,1090.1,6.6125,0.49973
439.5,289.87,6.6656,0.49932
319.49,920.02,6.6206,0.49969
2384.9,1389.6,6.6073,0.49961
2465.6,880.47,6.6367,0.49937
2148.1,1368.5,6.6074,0.49963
2348.3,1323,6.611,0.49958
269.22,677.68,6.6333,0.4996
410.15,295.36,6.665,0.49933
2541.3,455.91,6.6641,0.49915
2300.1,1380.6,6.6075,0.49962
1469.6,1409.7,6.6009,0.49973
882.17,1152.9,6.6127,0.49968
2129.8,700.95,6.6447,0.49934
757.67,1459.7,6.5944,0.49984
1928.4,397.68,6.6647,0.4992
353.59,829.63,6.6255,0.49964
2409.4,985.6,6.6303,0.49943
2327.2,1393.1,6.607,0.49962
1606,1202.1,6.6141,0.49962
337.32,1078.8,6.6123,0.49975
1475.4,1239.9,6.6106,0.49965
328.99,1003.7,6.6161,0.49972
1169.1,1477.9,6.5944,0.4998
1643.7,1086.9,6.6204,0.49957
275.72,688.63,6.6325,0.4996
332.07,863.22,6.6237,0.49966
1550.9,883.27,6.6305,0.49949
1895.4,1488,6.5979,0.49973
1267.7,419.81,6.6589,0.49929
431.84,1210.6,6.6061,0.49978
1175.7,1142.6,6.6149,0.49964
2601.9,826.41,6.6406,0.49932
302.69,726.92,6.6306,0.49961
1178.4,826.53,6.6319,0.49951
2683.4,337.35,6.6757,0.49904
753.21,345.24,6.6624,0.49931
1308.3,425.72,6.6586,0.49929
267.48,860.3,6.6229,0.49968
2675,347.32,6.6745,0.49905
2234,952.12,6.6308,0.49944
348.41,1070.7,6.6124,0.49975
1832.2,757.04,6.6394,0.4994
2339.6,1363.7,6.6088,0.4996
2330.4,1386.4,6.6075,0.49961
303.54,259.23,6.6673,0.49933
389.93,967.58,6.6184,0.49969
378.98,330.15,6.6607,0.49936
565.65,406.55,6.6552,0.49938
2122.5,914.25,6.6323,0.49944
753.8,1393.7,6.5977,0.49981
1144.1,1131.5,6.6151,0.49964
2220.4,1347.4,6.6084,0.49962
2719.4,386.04,6.6715,0.49907
2542.9,222.41,6.687,0.49897
1539.8,1096.7,6.6193,0.49958
2301.6,877.05,6.6356,0.4994
673.31,389.92,6.6579,0.49935
2395.8,1302.7,6.6124,0.49957
2727.6,828.91,6.6419,0.4993
1989,375.05,6.6668,0.49918
2151.9,1393.2,6.6055,0.49965
1371.5,438.39,6.6579,0.49929
647.97,1568.4,6.5853,0.49992
2272.6,1063.7,6.6249,0.49948
439.01,1088.8,6.6123,0.49973
2306.1,1365.6,6.6083,0.49961
1765.2,1098.6,6.6198,0.49956
333.44,814.19,6.6258,0.49965
2062.9,347.04,6.6699,0.49915
2047.2,1039.8,6.6246,0.4995
1338.5,440.25,6.6578,0.4993
2131.7,700.02,6.6445,0.49934
318.44,1174.8,6.6067,0.4998
473.36,1206.3,6.6066,0.49977
626.8,337.55,6.6624,0.49932
2636.8,1509.8,6.602,0.49962
1638.9,1059.1,6.622,0.49956
2575.8,503,6.6604,0.49917
402.01,282.41,6.6657,0.49932
1827.6,806.25,6.6365,0.49943
1104.6,396.61,6.6597,0.4993
2739.3,407.44,6.6697,0.49908
1368.9,438.44,6.6577,0.49929
308.89,764.61,6.6286,0.49963
2249.9,280.58,6.6779,0.49907
2214,294.13,6.6762,0.49909
355.03,272.25,6.6662,0.49933
2239.9,1490.4,6.5997,0.49968
2713.4,360.73,6.6735,0.49905
2169.4,307.52,6.6741,0.49911
2560.2,434.81,6.6658,0.49913
2124.7,485.12,6.6588,0.49923
340.01,1033,6.6145,0.49973
2408,1030.8,6.6276,0.49945
1964.4,1544.6,6.5941,0.49975
262.82,260.27,6.6667,0.49934
2218,577.73,6.6526,0.49927
1771.3,1062.6,6.6217,0.49955
1555.3,379.74,6.6645,0.49923
389.25,1179.2,6.6072,0.49978
2207,1390.5,6.606,0.49964
348.96,1137,6.6088,0.49978
2705,715.73,6.6483,0.49925
1636.9,1137,6.6172,0.49959
2612.4,456.57,6.664,0.49914
2717.6,364.7,6.6727,0.49906
2731.3,867.7,6.64,0.49931
1079.1,1431.9,6.5972,0.49979
473.98,1070.2,6.6134,0.49972
924.06,371.22,6.6608,0.4993
907.24,1092.9,6.6152,0.49966
1921.1,1031.2,6.6243,0.49952
2377.6,540.68,6.6561,0.49923
1185.9,408.38,6.659,0.4993
1628.8,1356,6.6043,0.49969
454.12,291.06,6.6652,0.49932
2177.8,1537.5,6.5959,0.49972
1003.5,382.42,6.6602,0.4993
2311.5,1350.6,6.609,0.4996
2394.5,226.49,6.6852,0.499
1758.7,1160.3,6.6162,0.49959
435.86,303.35,6.664,0.49933
1758.5,1554.5,6.5916,0.49978
2426.3,1022.2,6.628,0.49944
1699.5,1408.9,6.6012,0.49971
772.13,348.15,6.6618,0.49931
1256.8,469.36,6.6551,0.49932
1502.4,737.2,6.638,0.49944
2731.1,841.97,6.6413,0.4993
1739.4,486.4,6.6557,0.49928
2173.2,1537.9,6.5956,0.49972
2400.8,1285.7,6.6131,0.49956
2002.4,370.47,6.667,0.49918
2203.2,536.31,6.6551,0.49925
302.81,260.52,6.6666,0.49933
1079.9,1429.6,6.5972,0.49979
1194.7,1164.8,6.6131,0.49966
1136.2,1433,6.5972,0.49978
2734,377.57,6.672,0.49906
340.49,1226.8,6.6036,0.49982
2070.8,343.54,6.6696,0.49915
2039.7,1111.2,6.6204,0.49954
333.04,783.02,6.6277,0.49963
2327.7,1393.9,6.6063,0.49962
2631.4,819.05,6.641,0.49932
1753.6,1372.6,6.6037,0.49969
2410,1327.3,6.6107,0.49958
1206.4,1124,6.6154,0.49964
1665.3,819.73,6.6341,0.49946
1512.9,1398.3,6.6009,0.49973
2594.6,391.36,6.6692,0.4991
2744,1341.6,6.6138,0.49951
2131.9,1367.5,6.6065,0.49964
2713.4,952.63,6.6352,0.49935
2766.7,906.98,6.6378,0.49932
1296,1441.1,6.5979,0.49977
757.37,1390.9,6.5973,0.49982
2783.5,668.29,6.6518,0.49921
2061.2,1071,6.6226,0.49952
877.94,1074.6,6.6162,0.49966
390.2,1163.9,6.6077,0.49978
1906.6,407.15,6.6631,0.49921
552.86,309.82,6.6639,0.49932
2675.8,1494.5,6.6029,0.49961
357.78,1272.1,6.6012,0.49983
1722.8,1238,6.6114,0.49963
1639.6,1124.4,6.6176,0.49959
597.61,1036.8,6.6164,0.49968
2019.7,1355.1,6.6071,0.49964
1334,1444.5,6.5969,0.49977
2724.4,390.16,6.6702,0.49907
329.9,831.34,6.6247,0.49965
2628.1,966.69,6.6327,0.49938
2054,998.82,6.6264,0.49949
1157.4,751.07,6.6356,0.49948
1442.1,355.06,6.6653,0.49923
2778.8,751.35,6.6467,0.49925
1166.3,1146.4,6.6135,0.49965
2367.3,1277.1,6.6137,0.49956
2418.7,967.59,6.6314,0.49942
916.51,1633.2,6.5814,0.49993
286.6,256.71,6.6666,0.49934
378.88,337.28,6.6598,0.49937
1499.7,746.75,6.638,0.49944
2410.5,1324.9,6.6106,0.49958
2523.4,400.48,6.6677,0.49912
1693.8,1330.5,6.6058,0.49968
338.01,1160.4,6.6072,0.49979
1703.8,1397.2,6.6017,0.49971
330.29,1316.2,6.5983,0.49986
237.35,251.64,6.6668,0.49935
2239.4,1488.1,6.5993,0.49969
2384.7,847.27,6.6372,0.49938
1941.6,671.51,6.6442,0.49936
613.88,1566.2,6.5844,0.49993
2727.5,925.19,6.6361,0.49934
375.63,1173.8,6.6066,0.49979
399.89,367.63,6.657,0.49939
328.14,888.14,6.6215,0.49968
2457.6,1370.4,6.6082,0.4996
2614.6,472.69,6.6628,0.49915
1436.6,1399.3,6.6009,0.49973
2608.4,427.31,6.6657,0.49913
366.1,1213.6,6.6043,0.49981
323.52,265.24,6.666,0.49933
1294.7,1449.1,6.597,0.49978
755.19,1463.2,6.5931,0.49985
395.74,1234.5,6.6037,0.49981
2223.7,852.49,6.6359,0.4994
2457.9,879.32,6.6362,0.49938
2721.3,421.15,6.6676,0.4991
345.47,268.7,6.666,0.49933
1512.1,1292,6.607,0.49968
1754,828.29,6.6342,0.49945
2116.3,931.4,6.6306,0.49945
1923.4,1161.1,6.6166,0.49958
1867.8,1292.4,6.6089,0.49964
868.91,1613.1,6.5822,0.49992
1694.3,1419.3,6.6001,0.49972
1758.8,1554.2,6.5912,0.49979
2149,1323.1,6.609,0.49962
2276.7,1021.4,6.6267,0.49947
2333.1,1335,6.6093,0.4996
475.16,1135,6.6095,0.49975
2605.5,486.11,6.6614,0.49916
1478.8,1222.8,6.6107,0.49965
2417.1,896.76,6.6343,0.4994
1143.3,1134,6.6142,0.49965
2292.2,1393.5,6.6057,0.49963
346.76,1218.3,6.6037,0.49982
1641,1057.5,6.6212,0.49956
2213.8,1373.2,6.6065,0.49963
2719.8,314.03,6.6776,0.49902
2334.5,250.2,6.6814,0.49904
2348.6,243.78,6.682,0.49903
2459.8,1017.1,6.6281,0.49944
1842.4,1478.2,6.5975,0.49973
2494.5,791.98,6.641,0.49934
2381.4,557.74,6.6544,0.49924
1505.5,1367.9,6.6022,0.49972
2023.5,361.94,6.6671,0.49917
1789.1,723.01,6.64,0.4994
1912.2,1070.7,6.6213,0.49954
1345.6,1407.8,6.5989,0.49976
2428.6,476.67,6.6603,0.49919
459.64,956.3,6.6186,0.49968
1739.4,1027.6,6.6231,0.49954
466.61,295.03,6.6642,0.49932
1500.9,847.19,6.632,0.49949
1831.1,688.12,6.6425,0.49938
2456,577.26,6.6538,0.49924
375.33,890.82,6.6216,0.49967
2650.1,744.8,6.6452,0.49928
403.46,281.07,6.6651,0.49933
2359.2,472.75,6.6603,0.4992
2388.6,1372.1,6.6077,0.49961
1428.1,1402.2,6.6001,0.49974
2048.8,596.09,6.6496,0.49931
2277.2,934.24,6.6315,0.49943
1463.2,1360.4,6.6024,0.49972
648.46,1569.4,6.5841,0.49993
1498.9,1034.3,6.621,0.49957
1544.9,1061.7,6.6197,0.49958
1944.1,393.55,6.664,0.4992
1523.8,1546.6,6.5907,0.49981
1527.6,1056.3,6.6199,0.49958
2746.8,784.14,6.644,0.49928
2229.9,1346.1,6.6076,0.49962
354.93,1396.4,6.5939,0.49989
1490.2,1396,6.6007,0.49973
1758.5,823.58,6.6344,0.49945
1184.7,1426.5,6.5968,0.49978
1731.7,495.02,6.6544,0.4993
824.57,1108.9,6.6136,0.49968
615.93,321.15,6.6627,0.49932
332.17,1004.2,6.6148,0.49973
344.86,1163.2,6.6065,0.49979
2719.1,322.64,6.6763,0.49903
1604.8,1201.2,6.613,0.49963
304.84,1074,6.6107,0.49977
1541.7,1090.9,6.6188,0.49959
2398.7,1327.7,6.61,0.49959
288.02,988.45,6.6151,0.49974
2693.9,366.34,6.6722,0.49906
373.29,395.32,6.6532,0.49942
1525.5,577.09,6.6475,0.49936
2024.1,1343.4,6.6071,0.49964
1701.6,373.85,6.6642,0.49922
443.91,1195.2,6.6057,0.49979
804.53,666.56,6.6385,0.49949
441.11,288.62,6.6645,0.49933
2722.1,378.13,6.6714,0.49907
1338.9,1431.4,6.5972,0.49977
2088.5,1101.1,6.6206,0.49953
2020.5,957.24,6.6283,0.49948
1684.1,1144.4,6.6158,0.4996
2020.9,1358.4,6.6058,0.49965
970.85,1453.7,6.5941,0.49982
680.09,1646.2,6.578,0.49997
2130.6,1391.5,6.6044,0.49966
474.24,1237.2,6.6041,0.49979
475.72,1227.2,6.6045,0.49979
590.62,347.27,6.6601,0.49934
2252.8,1272.8,6.6124,0.49958
2166.9,1402.4,6.604,0.49966
1158.4,749.08,6.6352,0.49949
2139.3,591.64,6.6499,0.4993
2388.3,1326.8,6.6098,0.49959
2084.5,671.15,6.6449,0.49934
294.3,978.67,6.6158,0.49973
2527.2,230.91,6.6847,0.49899
1132.5,1451.5,6.5953,0.4998
323.17,1174.3,6.6056,0.49981
1400.4,1551.5,6.5895,0.49983
2728.6,1315.4,6.6144,0.49951
2587.9,838.3,6.6387,0.49934
2284.6,504.52,6.6572,0.49923
2052.5,984.96,6.6271,0.49948
1566.7,766.12,6.6359,0.49945
2414.1,865.45,6.6356,0.49939
1373.4,588.28,6.6463,0.49938
1869.6,1164.9,6.6162,0.49958
332.11,1248.3,6.6016,0.49984
1678.7,1136.9,6.6166,0.49959
1951.3,1126.5,6.6182,0.49956
1299.9,529.02,6.6495,0.49936
424.89,1220.2,6.6044,0.4998
2058.3,1283,6.6104,0.49961
438.98,1055.9,6.6128,0.49973
1127.2,750.51,6.6345,0.49949
2545.3,455.05,6.6628,0.49916
1135.2,1160.4,6.6123,0.49967
370.82,1135.6,6.6079,0.49978
1123,1447.1,6.5949,0.4998
1315.3,445.37,6.6557,0.49931
2767.2,750.66,6.6458,0.49926
2658.1,720.72,6.6463,0.49927
1512.4,607.25,6.6451,0.49938
2739.9,1304.7,6.6146,0.49951
2135.8,321.33,6.6713,0.49913
1537.2,897.97,6.6282,0.49951
2275.7,1033.9,6.6255,0.49948
1150.5,1109.2,6.6149,0.49965
1531.8,282.41,6.6724,0.49917
339.59,801.52,6.6254,0.49965
463.35,306.14,6.6629,0.49934
238.03,250.91,6.6661,0.49935
342.54,827.77,6.6239,0.49966
2540.6,414.25,6.6661,0.49913
2714,326.3,6.6755,0.49903
2271.3,520.29,6.6554,0.49925
343.26,969.04,6.6163,0.49972
2190.9,1411.7,6.6032,0.49966
1923.4,1273.3,6.61,0.49963
2553,496.47,6.6596,0.49918
1743.9,1522.9,6.5929,0.49978
2116.9,581.49,6.6501,0.4993
349.76,556.04,6.6412,0.49952
2330.5,1317.7,6.61,0.49959
1896,1557.3,6.5919,0.49977
599.78,1040.6,6.6154,0.49969
675.7,392.61,6.6564,0.49936
2459.1,573.35,6.6534,0.49924
962.73,1379.9,6.5987,0.49979
273.68,894.32,6.6199,0.4997
2477.4,1006.1,6.6281,0.49944
2214.7,1401.6,6.6036,0.49966
2701.9,392.62,6.6694,0.49909
2607,437.87,6.6645,0.49914
1671.8,1473.3,6.596,0.49976
2173.2,1388.5,6.6045,0.49965
353.27,282.12,6.6641,0.49934
333.12,822.23,6.6239,0.49966
2079,1452.5,6.5999,0.4997
2601.3,838.37,6.6386,0.49934
2743.3,762.2,6.6444,0.49927
2343.6,1331.3,6.6088,0.4996
2176.3,1242.4,6.6134,0.49958
2571.8,504.35,6.659,0.49918
2398.5,860.91,6.6357,0.49939
2192.1,1116.7,6.6202,0.49953
2206.4,298.9,6.6742,0.4991
2738.1,1270.8,6.6167,0.49949
1401.9,1551,6.5892,0.49983
325.01,263.83,6.6655,0.49934
2388.9,848.32,6.6364,0.49938
2732.3,820.56,6.6413,0.4993
2333,1332.1,6.6086,0.49961
2614.6,829.43,6.6391,0.49934
1208,1136.8,6.6136,0.49965
2596.6,430.82,6.6649,0.49914
1128.4,1425.7,6.596,0.49979
405.8,366.87,6.656,0.4994
2615.2,464.31,6.6624,0.49915
2433.2,1247.8,6.6148,0.49955
2140.7,1404.7,6.6028,0.49967
300.7,667.5,6.6327,0.4996
2343.3,1332.2,6.6087,0.4996
842.51,378.45,6.6582,0.49933
2695.8,417.77,6.6669,0.49911
889.57,1053.9,6.6163,0.49965
308.2,754.59,6.6274,0.49964
1497.5,589.8,6.6459,0.49938
2385.4,1359.2,6.6073,0.49961
2283.8,506.53,6.6567,0.49923
822.78,1131.1,6.6116,0.4997
883.1,1077.3,6.615,0.49967
1750.9,1150.5,6.6158,0.4996
1778.3,708.37,6.6403,0.4994
2593.4,496.69,6.6594,0.49918
2201.5,1529.1,6.5952,0.49972
2743.3,912.55,6.6358,0.49934
2423.8,456.86,6.6609,0.49919
603.01,1035.4,6.6153,0.49969
422.97,1016.1,6.6144,0.49972
332.77,1315.4,6.5974,0.49987
1343.6,1526.1,6.5906,0.49982
2364.2,1408.2,6.6048,0.49963
427.76,898.31,6.6207,0.49967
630.4,1044.9,6.6151,0.49969
2659.5,333.26,6.674,0.49906
2700.3,403.79,6.668,0.4991
1860.3,983.4,6.6253,0.49951
1666.6,1482.8,6.5953,0.49976
2732.4,365.31,6.6717,0.49906
277.85,745.15,6.6277,0.49964
1114,1129,6.6134,0.49966
368.7,273.56,6.6647,0.49934
675.9,398.93,6.6558,0.49937
1537.2,879.47,6.6288,0.49951
353.68,1345.7,6.5958,0.49988
715.59,429.84,6.6531,0.49938
1193.1,761.27,6.6337,0.4995
2681.2,374,6.6706,0.49908
1837.1,1442.4,6.5989,0.49972
2686.3,343.88,6.6732,0.49906
2352,1399.8,6.6048,0.49963
2696.9,416.87,6.6668,0.49911
1057.1,452.82,6.6535,0.49935
2434.8,510,6.6569,0.49922
2223.1,1021.6,6.6256,0.49948
2558.1,408.47,6.6662,0.49913
270.44,844.14,6.622,0.49969
2342.4,1414.9,6.6037,0.49964
2615.8,467.57,6.662,0.49916
329.47,284.12,6.6637,0.49935
1535.5,707.31,6.6386,0.49943
2784.3,670.05,6.6505,0.49922
2437,1320.3,6.6103,0.49958
2451.9,541.03,6.6552,0.49923
2162.9,312.5,6.6719,0.49913
1231.7,1122.3,6.6139,0.49965
237.44,252.94,6.6655,0.49936
2590.1,431.61,6.6646,0.49914
2010.4,1348,6.6057,0.49966
342.6,1391.3,6.5929,0.4999
429.43,1170.8,6.6064,0.49978
2661.7,910.36,6.635,0.49936
1787.9,1061.3,6.6203,0.49956
2189.4,1412.6,6.6028,0.49966
2694.5,406.77,6.6675,0.4991
1479.6,1407.9,6.5987,0.49975
2465.1,852.25,6.6365,0.49937
1180.8,1446.1,6.5947,0.4998
614.02,1520.1,6.5869,0.49991
2308.5,1376,6.6058,0.49963
1472.7,354.43,6.6643,0.49924
2713.4,334.22,6.6741,0.49905
2314.9,1403.6,6.6042,0.49964
406.09,1119,6.6087,0.49977
580.38,328.85,6.6611,0.49933
825.4,369.71,6.6591,0.49933
357.08,270.91,6.6647,0.49934
1001.6,498.64,6.6501,0.49938
327.01,822.71,6.6238,0.49966
634.74,323.91,6.6617,0.49932
2298,643.2,6.6474,0.49931
1940.1,705.18,6.6408,0.49939
1588,1486.4,6.5945,0.49977
377.34,869.48,6.6219,0.49967
2398.6,1324.6,6.6093,0.49959
1170.5,1117.4,6.6138,0.49965
2295.7,1404.1,6.604,0.49965
1667.3,1483.9,6.595,0.49976
2351.6,1304.3,6.6101,0.49959
2552.2,224.05,6.685,0.49898
1113.4,1145.1,6.6123,0.49967
344.14,955.42,6.6165,0.49972
1616,1483.2,6.5947,0.49977
1675.6,1560,6.5899,0.4998
1526.7,1214.1,6.6103,0.49965
2688.7,401.54,6.668,0.4991
2428.2,1262.2,6.6135,0.49956
2380.2,530.02,6.6552,0.49924
2316.2,1333.4,6.6084,0.49961
332.62,1264.9,6.6,0.49985
2603,458,6.6624,0.49915
855.35,1090,6.6137,0.49968
367.13,1384.4,6.5934,0.49989
347.78,1236.1,6.602,0.49983
960.78,1375.5,6.5983,0.49979
1566.9,285.52,6.6714,0.49917
275.68,252.21,6.6657,0.49935
853.57,1088.7,6.6138,0.49968
845.9,1152.3,6.6103,0.49971
1844.6,1163.9,6.6153,0.49959
2334.3,1373.4,6.6061,0.49963
1979.1,380.74,6.664,0.4992
2378.9,514.3,6.6563,0.49923
1674.3,1170,6.6137,0.49962
322.27,918.54,6.6186,0.4997
2689.5,423.7,6.666,0.49911
2116.7,1416,6.6019,0.49968
1126.3,1099.2,6.6148,0.49965
1845.8,1280.3,6.6085,0.49965
2541.1,417.05,6.6651,0.49914
348.41,908.62,6.6193,0.49969
416.22,283.5,6.6638,0.49933
396.57,1093.5,6.6097,0.49976
1036.8,405.62,6.6572,0.49932
2305.6,929.42,6.6304,0.49944
550.32,613.41,6.6389,0.49951
400.77,1192.2,6.6044,0.4998
2465.5,847.24,6.6361,0.49938
2124.8,1378.2,6.6043,0.49966
685.44,332.2,6.6611,0.49932
1269.5,1414.2,6.597,0.49978
1450.8,1357.7,6.6014,0.49973
1848,734.27,6.6384,0.49941
360.11,811.48,6.6249,0.49965
2649.4,748.32,6.644,0.49929
2686.4,344.8,6.6727,0.49906
372.2,1116.8,6.6082,0.49978
823.61,1086.5,6.6136,0.49968
2202.5,1124.1,6.6196,0.49953
2605,469.75,6.6614,0.49916
2104.3,986.16,6.6259,0.49949
1002.5,408.89,6.6564,0.49933
2428.8,1025.1,6.6261,0.49946
2606,469.02,6.6614,0.49916
1028,1376.8,6.598,0.49979
432.99,964.76,6.6174,0.4997
334.33,943.58,6.6169,0.49972
397.97,1142.9,6.6071,0.49978
1065.7,410.09,6.6563,0.49933
813.79,1440.4,6.5928,0.49985
2581.2,979.79,6.63,0.49941
2551.5,484.04,6.6598,0.49918
1531,1038.2,6.6198,0.49958
2113.3,330.78,6.6694,0.49915
2313.5,1405.2,6.6039,0.49964
1689.3,1115.1,6.6164,0.4996
1947.4,729.15,6.6393,0.4994
2690.8,425.69,6.6658,0.49912
2717.7,399.12,6.6679,0.49909
2385,556.57,6.6533,0.49925
354.97,1205.3,6.6033,0.49982
2226.1,1548.4,6.593,0.49974
704.6,428.97,6.6531,0.49938
1961.7,391.81,6.6631,0.49921
2743,408.69,6.6676,0.49909
464.15,321.92,6.6603,0.49936
1726.1,1507.2,6.5935,0.49977
2422.9,998.86,6.6278,0.49945
1344,438.11,6.6559,0.49931
2072.7,600.46,6.6478,0.49932
2325.8,1260.4,6.6125,0.49958
382.07,872.56,6.6211,0.49967
2284.8,907.66,6.6312,0.49943
1177.5,1062.6,6.6168,0.49963
2067.7,602.9,6.648,0.49932
425.41,997.67,6.6152,0.49971
2108.2,1094.5,6.6198,0.49954
1521.9,1246.7,6.6081,0.49967
2096.3,675.89,6.6431,0.49936
2232.3,560.14,6.6515,0.49928
1776.5,811.31,6.6343,0.49945
1972.6,1468.1,6.5975,0.49972
2705.9,406.99,6.6669,0.4991
345.83,1189,6.6039,0.49982
1213.7,760.45,6.6333,0.4995
800.88,989.55,6.6185,0.49965
381.17,332.27,6.6584,0.49938
824.87,1083.6,6.6136,0.49968
480.15,1188.8,6.6054,0.49978
2347.5,1393.1,6.6047,0.49964
384.22,1141.9,6.6071,0.49978
2702.3,402.83,6.6675,0.4991
387.15,1197.7,6.6038,0.49981
2731.6,384.32,6.6694,0.49908
852.38,1151,6.6099,0.49971
659.06,1614.8,6.5795,0.49997
305.1,734.95,6.6281,0.49963
1116.4,1131.4,6.6127,0.49966
834.69,1087.7,6.6134,0.49968
2386.1,1310.1,6.61,0.49959
2148.5,985.03,6.6266,0.49948
833.36,1046.6,6.6156,0.49967
914.52,1127,6.6118,0.49969
857.2,1153.4,6.61,0.49971
437.66,1107.4,6.6094,0.49976
1744.9,1393.5,6.6005,0.49972
2111.9,1404.3,6.6023,0.49967
358.72,864.6,6.6211,0.49968
422.31,305.16,6.662,0.49935
2352.6,1301.7,6.6099,0.49959
2164.6,1349.3,6.6056,0.49964
2740,1301,6.6138,0.49951
434.64,305.52,6.6619,0.49935
426.99,1083.5,6.6103,0.49975
2426.2,1359.1,6.607,0.49961
331.81,278.8,6.6634,0.49935
379.94,1251.9,6.6011,0.49983
1683.7,1438.8,6.5972,0.49975
1571.9,285.63,6.6711,0.49918
2679.4,346.44,6.6723,0.49907
2042.8,1297.2,6.6085,0.49963
2083.7,1551.6,6.5917,0.49976
526.45,334.85,6.6594,0.49935
652.35,1044,6.6146,0.49969
2165.7,659.65,6.6448,0.49934
2549,466.74,6.6608,0.49917
2407.3,577.83,6.6518,0.49926
481.89,1126.2,6.6089,0.49976
397.38,1234.9,6.6017,0.49982
2743.5,759.51,6.6436,0.49928
1359.2,1392.4,6.5988,0.49976
1861.3,1397.2,6.6008,0.49971
2098.1,1429.9,6.6005,0.49969
2645.2,1480.4,6.6014,0.49963
451.31,307.92,6.661,0.49935
2590.9,396.24,6.6668,0.49912
476.49,1137.6,6.608,0.49976
345.21,1359.4,6.5942,0.49989
1114.9,1157.9,6.6111,0.49968
632.04,1041,6.6145,0.49969
408.2,366.52,6.6551,0.4994
1521.9,1427,6.5971,0.49976
375.58,393.79,6.652,0.49943
2130.7,566.28,6.6505,0.4993
2050.6,724.98,6.6404,0.49938
2413.8,1291,6.6112,0.49958
2443,1359,6.6071,0.49961
2208.1,1344.5,6.6061,0.49964
884.9,1080.6,6.6141,0.49967
331.47,1029.3,6.6123,0.49975
1791.8,415.73,6.6594,0.49925
2647.8,324.88,6.6739,0.49906
340.95,1374.2,6.5937,0.4999
1547.1,581,6.6458,0.49938
1716.3,1475.3,6.5953,0.49976
337.37,802.75,6.6244,0.49966
1184.9,1180.2,6.6102,0.49968
2118.3,1390.8,6.603,0.49967
2733.5,364.72,6.671,0.49907
296.29,1062,6.6098,0.49978
325.4,794.12,6.6244,0.49966
2696.7,701.49,6.6466,0.49926
2483.1,881.68,6.634,0.49939
2294.5,1056.7,6.6229,0.4995
1739.3,1542.8,6.5906,0.49979
2045.1,1294.9,6.6084,0.49963
1569.9,373.7,6.6624,0.49924
1507.1,721.07,6.6368,0.49945
2554.1,494.49,6.6586,0.49919
2371.2,1313.4,6.6092,0.4996
425.29,1090.1,6.61,0.49975
511.25,303.5,6.662,0.49934
1186.1,1150.8,6.6118,0.49967
1443.9,1402.1,6.5986,0.49975
2122.8,979.02,6.6259,0.49949
1797.3,1207.8,6.6115,0.49963
2549.1,416.58,6.6646,0.49914
2623.1,500.74,6.659,0.49918
2689.9,421.82,6.6655,0.49912
1002.4,1382.4,6.5971,0.4998
910.84,680.8,6.6367,0.49949
2455.6,554.18,6.6536,0.49924
1102.8,493.27,6.65,0.49937
1495,1381,6.6001,0.49974
1969,1017.7,6.6228,0.49953
539.85,1344.6,6.5966,0.49984
425.04,913.69,6.6192,0.49968
684.14,1645.7,6.5767,0.49998
1758.3,1358.7,6.6024,0.4997
1176.1,1465.4,6.5926,0.49982
1695.8,1522,6.5915,0.49979
1070.7,1376.4,6.5981,0.49978
2715.6,325.3,6.6745,0.49904
2571.8,463.56,6.6612,0.49917
1146.8,1077.3,6.6152,0.49964
1703.1,1114.2,6.616,0.4996
2275,273.9,6.676,0.49908
2393.7,558,6.6523,0.49926
1981.3,1522.9,6.5932,0.49976
334.28,1370.6,6.5936,0.4999
1987.3,650.91,6.6436,0.49936
1812,1042.5,6.621,0.49955
391.4,279.77,6.6633,0.49934
1555.3,711.48,6.6375,0.49944
898.17,1626.7,6.5797,0.49994
2382.8,528.5,6.6546,0.49924
2282.3,1404.6,6.603,0.49965
1364.9,1552.4,6.5882,0.49984
2724.6,357.37,6.6714,0.49907
1824.4,1052.6,6.6201,0.49956
371.58,1028.9,6.6122,0.49975
1243.7,1415.5,6.5965,0.49978
298.96,938.88,6.6164,0.49973
2366.8,1316.6,6.6086,0.4996
378.41,1478.4,6.587,0.49994
2142.4,1335.1,6.6063,0.49964
329.53,806.54,6.624,0.49966
2302.3,879.42,6.6328,0.49942
2514.3,391.19,6.6663,0.49914
315.67,261.49,6.6644,0.49935
2056.1,997.89,6.6243,0.49951
1171,810.52,6.6297,0.49953
2098.9,671.73,6.6429,0.49936
1689.6,1427.4,6.5976,0.49974
2576.1,475.37,6.6596,0.49918
2371.7,1385.4,6.6045,0.49963
282.67,895.55,6.6185,0.49971
1556.1,728.75,6.6364,0.49945
1013.6,1388.3,6.5966,0.4998
1281.6,1391.9,6.5981,0.49977
1530.2,1073.4,6.6172,0.4996
1757.2,1119.8,6.6164,0.49959
449.53,1250.3,6.6013,0.49982
384.9,398.4,6.6513,0.49944
2404.4,1265.8,6.6118,0.49957
2199.4,483.57,6.6567,0.49924
371.95,1160.7,6.6059,0.4998
1218,1202.6,6.6089,0.49969
317.07,780.26,6.6249,0.49966
2175,1348.3,6.6053,0.49965
2328.6,1362.5,6.6055,0.49963
363.67,1340.4,6.5955,0.49988
325.5,845.2,6.6217,0.49968
1685.6,818.48,6.6319,0.49947
1501.7,1358.5,6.6018,0.49972
2796.4,845.55,6.6393,0.4993
2749,404.74,6.6674,0.49909
2148.2,1430.2,6.6002,0.49969
396.13,1145,6.6064,0.49979
471.14,914.15,6.6191,0.49968
656.04,1060.4,6.6128,0.4997
2543.2,404.25,6.6649,0.49914
2589.4,472.03,6.66,0.49918
304.99,1128.4,6.6061,0.49981
2734.7,395.07,6.668,0.49909
910.94,1122.2,6.6116,0.49969
1119.1,1197.3,6.6087,0.4997
1116.8,1142.3,6.6116,0.49967
1612.5,1382.2,6.6007,0.49972
2387.9,496.63,6.6565,0.49923
477.77,310.93,6.6611,0.49935
1960.9,644.13,6.6441,0.49936
2630.8,781.96,6.6405,0.49932
1043.4,621.02,6.6402,0.49946
2318.3,1382.6,6.605,0.49964
2322.4,304.16,6.6727,0.49911
2741,391,6.6684,0.49909
1881.6,1348,6.6034,0.49968
1697.7,1037.9,6.6203,0.49956
631.21,439.03,6.651,0.49941
565.85,326.4,6.6602,0.49934
909.99,1079.1,6.6139,0.49967
2178.3,1372.8,6.6041,0.49966
329.22,799.57,6.6243,0.49966
630.21,1515.7,6.5859,0.49992
2370.2,1268.5,6.6117,0.49958
333.02,1371.4,6.5934,0.4999
1869.2,1144.4,6.615,0.49959
2415.5,222.52,6.6832,0.49901
2576,478.53,6.6592,0.49918
637.36,1017.9,6.6152,0.49969
2446.2,889.65,6.6327,0.49941
2606.5,1528.6,6.597,0.49967
2315.7,1389.8,6.6036,0.49965
662.79,349.58,6.6589,0.49934
1962.7,1373.5,6.6026,0.49968
1105.4,1445.8,6.5936,0.49982
2322.7,1382.3,6.6049,0.49964
2369.3,1357.1,6.6064,0.49962
2313.6,858.82,6.6337,0.49941
416.11,312.22,6.66,0.49936
2252.7,589.77,6.6489,0.4993
2216.4,919.27,6.6297,0.49945
286.3,893.38,6.618,0.49972
422.95,575.47,6.6392,0.49953
1696.3,739.81,6.6367,0.49944
2227,699.16,6.6424,0.49935
2733.9,385.06,6.6687,0.49909
1504.2,356.06,6.6631,0.49924
2414.5,224.73,6.6832,0.49901
1770.7,1223,6.61,0.49964
430.17,1184.2,6.6049,0.49979
2262.7,946.5,6.6282,0.49946
360.03,1480,6.5865,0.49995
1193,1402.4,6.5964,0.49979
2686,396.42,6.6672,0.49911
927.46,1181.4,6.6083,0.49971
1321,1477.2,6.593,0.49981
623.85,436.47,6.6507,0.49941
1091.8,489.94,6.65,0.49938
2293.4,1054,6.6224,0.4995
1645.7,1179.7,6.6118,0.49963
635.69,1016.2,6.6152,0.49969
2698.3,376.94,6.669,0.49909
1620.6,1481.2,6.5939,0.49978
2099.6,1536,6.5926,0.49975
1105,1429.9,6.5946,0.49981
1893.9,777.78,6.6358,0.49943
2571.7,460.58,6.6609,0.49917
2126.1,1238,6.6116,0.4996
314.75,262.73,6.6639,0.49935
1549.9,596.83,6.6442,0.49939
2295.1,1422.3,6.6014,0.49967
2791,646.97,6.6507,0.49921
715.99,430.28,6.6518,0.49939
1557.9,866.17,6.6283,0.49951
2108.9,671.98,6.6426,0.49936
1549.9,1043,6.6186,0.49959
1481.4,1378,6.5997,0.49974
2683.3,386.51,6.6679,0.4991
1943.6,1146.2,6.6158,0.49958
2005,1359.7,6.6037,0.49967
2729.4,368.98,6.67,0.49908
1385.3,440.56,6.6548,0.49932
2550.8,444.15,6.6621,0.49916
2196.5,1330.1,6.6066,0.49963
720.86,370.04,6.6569,0.49935
372.87,1147.6,6.6059,0.4998
2012.5,1369.2,6.603,0.49968
1213.6,451.41,6.6531,0.49934
356.27,1267.5,6.5992,0.49985
456.85,922.07,6.6186,0.49968
1033,1373.9,6.5973,0.49979
355.48,1310,6.5966,0.49987
1203.2,1105.8,6.6137,0.49965
355.79,1226.3,6.6016,0.49983
2339.2,1304.1,6.6087,0.4996
1247.4,1414.7,6.5961,0.49979
2285.4,1416.9,6.6018,0.49966
439.42,1003.1,6.6143,0.49972
1816.2,1308.5,6.6052,0.49967
551.36,323.43,6.6601,0.49935
336.09,1159.7,6.6049,0.49981
2216.1,668,6.6441,0.49934
341.5,1050.1,6.6106,0.49976
416.11,1081.4,6.6098,0.49976
303.28,1020.9,6.6113,0.49977
2243.7,649.66,6.6457,0.49932
2327.4,1260.5,6.6116,0.49958
804.18,372.97,6.6576,0.49934
1165.7,1534.9,6.5872,0.49986
1868.5,1389.5,6.6012,0.4997
2436.4,532.6,6.6543,0.49924
2174.5,722.79,6.6403,0.49937
384.57,1155.9,6.6055,0.4998
671.57,1642.4,6.5767,0.49999
842.95,377.03,6.6568,0.49934
2194.8,493.77,6.6552,0.49925
1189.7,1104.7,6.6136,0.49965
2729,414.68,6.6659,0.49911
357.06,699.2,6.6295,0.49961
2379.8,1382,6.6048,0.49963
1590.7,1202.4,6.6101,0.49965
962.83,1444.5,6.5929,0.49983
1060.6,462.55,6.6516,0.49937
1191.1,1413,6.5955,0.49979
864.87,376.52,6.6573,0.49934
318.92,1265.8,6.5988,0.49986
392.81,278.61,6.6629,0.49935
2338.2,1395,6.6032,0.49965
2617.3,878.98,6.6345,0.49937
2728.9,371.92,6.6696,0.49908
410.89,1119.1,6.6073,0.49978
2357.5,1296.4,6.6096,0.4996
2275.3,1417,6.6016,0.49967
2724.9,320.34,6.6744,0.49904
1844.5,1141.5,6.6149,0.4996
1697.3,1080.3,6.6173,0.49959
2710.4,411.04,6.6659,0.49911
2204.1,907.19,6.63,0.49945
972.39,1471.8,6.591,0.49985
2694,391.47,6.6674,0.4991
470.99,1065.3,6.6111,0.49974
1126.9,1158.3,6.6103,0.49968
541.68,1339.9,6.5963,0.49985
654.14,1019.9,6.6146,0.49969
2622.3,956.38,6.6307,0.4994
2735.1,397.82,6.6674,0.4991
2209.2,1515,6.5945,0.49973
2190.5,1344.4,6.6055,0.49964
2364.4,1341.2,6.6069,0.49962
1031,1388.6,6.5966,0.4998
461.28,970.72,6.6158,0.4997
1839.5,1351.1,6.6026,0.49969
1108,494.01,6.6491,0.49938
1155,1524.1,6.5878,0.49986
1701.5,851.62,6.6301,0.49949
1027,1476.3,6.5905,0.49985
1178.2,1150,6.611,0.49967
2556.4,456.95,6.6602,0.49918
332.03,763.65,6.6257,0.49965
1530.8,562.87,6.6461,0.49937
2269.9,524.19,6.6534,0.49926
2551.9,423.9,6.6629,0.49916
913.01,1117.3,6.6114,0.49969
1915.5,766.88,6.6365,0.49942
2353.5,1294.8,6.6092,0.4996
249.45,244.98,6.6648,0.49936
1210.8,1084,6.6144,0.49964
916.43,1056.2,6.6145,0.49967
1918.1,1397.1,6.6007,0.4997
1507.7,354.74,6.6629,0.49924
321.29,773.45,6.625,0.49965
346.07,867.59,6.6197,0.49969
349.44,1267.8,6.5991,0.49985
1911.1,1100.7,6.6171,0.49957
855.18,1110.8,6.6113,0.4997
388.82,1185,6.6034,0.49981
2695,390.47,6.6673,0.4991
2040.9,1512.7,6.5937,0.49975
254.72,259.23,6.6635,0.49937
2414.2,224.15,6.6829,0.49902
1637.3,1171.6,6.6122,0.49963
1534,1459.6,6.594,0.49978
2192.8,1371.3,6.6038,0.49966
2431.4,572.25,6.6509,0.49927
1052.3,1497.8,6.5894,0.49985
2577.1,414.25,6.6638,0.49915
2382.9,477.48,6.6572,0.49922
307.61,276.36,6.6624,0.49937
1588.9,888.16,6.6268,0.49952
481.41,1202.2,6.6034,0.4998
2730.9,1279.7,6.6141,0.49951
2743.6,1313.8,6.6122,0.49953
2214.1,1545.8,6.5921,0.49975
1768.1,1327.8,6.6042,0.49969
1137.3,1430,6.5943,0.49981
359.85,829.81,6.6222,0.49967
2201.9,1314.7,6.6071,0.49963
1483.2,1403.7,6.5981,0.49975
1216.1,1089.2,6.614,0.49965
371.83,825.45,6.6223,0.49967
2682.8,355.38,6.67,0.49908
2606.3,1527.3,6.5965,0.49967
2559.8,413.32,6.6639,0.49915
1721.5,1518.5,6.5909,0.49979
269.15,803.07,6.6221,0.49969
1422.1,365.68,6.6608,0.49927
672,1643.4,6.5763,0.49999
2586.8,800.68,6.6383,0.49935
652.77,1610.3,6.5789,0.49997
1416.3,1552.5,6.5875,0.49984
430.75,1188.3,6.6036,0.4998
1589.5,906.6,6.6258,0.49953
2368.3,1268.7,6.6111,0.49958
2727.6,407.65,6.6663,0.49911
2284.5,914.97,6.6299,0.49944
962.34,390.39,6.6564,0.49934
1180.7,1510.3,6.5888,0.49985
1974.6,1348.3,6.6037,0.49967
1809.2,1420.3,6.5979,0.49973
292.8,1031.8,6.6107,0.49977
1023.4,866.25,6.6253,0.49957
325.47,1179.5,6.6029,0.49983
1351.5,1399.3,6.5975,0.49977
660.28,1126.4,6.609,0.49973
2375.3,604.91,6.6488,0.49929
2078.1,993.38,6.6238,0.49951
282.91,264.93,6.663,0.49937
352.49,1085.1,6.6082,0.49978
1703.9,848.29,6.6299,0.49949
2731.2,368.27,6.6695,0.49908
1148.3,1479.8,6.5912,0.49983
349.5,857.01,6.6202,0.49969
644.17,631.42,6.6369,0.49952
1462.4,1485.4,6.5922,0.4998
911.07,1083,6.613,0.49968
2737.2,394.2,6.6673,0.4991
2335.2,1329,6.6072,0.49962
2727,1330.1,6.611,0.49954
1327.1,448.01,6.6533,0.49933
413,959.78,6.6153,0.49971
310.31,892,6.6178,0.49971
1925.8,656.3,6.642,0.49938
1527,1547.7,6.5877,0.49983
2228.4,1008.4,6.6242,0.49949
441.32,1009,6.6136,0.49972
1108.9,766.99,6.6312,0.49952
1523.3,1423.6,6.5962,0.49977
327.81,1017.5,6.6117,0.49976
2609.3,428.09,6.6631,0.49915
1686.9,1062.2,6.6181,0.49958
904.29,382.71,6.6566,0.49934
2691.9,341.05,6.6717,0.49907
1707.5,736.07,6.6359,0.49944
2718.3,728.65,6.6441,0.49928
2248.3,920.32,6.6291,0.49945
2350.1,463.48,6.6582,0.49922
1036.9,1371.2,6.597,0.49979
1511.5,858.38,6.6279,0.49952
2398.8,1341.2,6.6065,0.49962
2367.2,1284.1,6.6096,0.49959
656.42,1048.3,6.6132,0.4997
348.2,881.14,6.6188,0.4997
1700.8,1141.6,6.6135,0.49962
397.9,990.38,6.6139,0.49973
1102.2,1465.4,6.5916,0.49983
2421.9,1277.8,6.6104,0.49958
2152.9,1305,6.6072,0.49963
2186.4,1387.4,6.6026,0.49967
2315.7,1397.3,6.6027,0.49965
1849.4,1418.8,6.5981,0.49973
372.49,1171.5,6.604,0.49981
2690.4,412.71,6.6651,0.49912
343.33,1381,6.592,0.49991
372.93,1210.1,6.6022,0.49982
1509.5,704.26,6.6367,0.49945
424.51,1003.8,6.6136,0.49973
1095.6,1424.3,6.5946,0.49981
2548.7,441.36,6.6615,0.49917
1159.3,1447.8,6.5931,0.49982
437.56,1000.1,6.6137,0.49972
291.39,282.03,6.6609,0.49938
261.86,731.66,6.6262,0.49966
1811.5,719.87,6.6373,0.49942
1872.7,704.47,6.639,0.49941
2268.8,903.56,6.6302,0.49944
442.36,917.38,6.6181,0.49969
1817.5,1067.9,6.6184,0.49957
2698.7,701.68,6.6455,0.49927
329.18,291.68,6.6603,0.49938
1119.3,1056,6.6153,0.49964
359.12,994.13,6.6132,0.49974
523.79,1386.5,6.5932,0.49987
1213.2,861.97,6.6265,0.49955
2050.8,1082.8,6.6189,0.49955
277.35,890.56,6.6177,0.49972
753.42,1465.4,6.5897,0.49988
364.4,815.55,6.6229,0.49966
431.33,721.29,6.6291,0.4996
1529.6,1474.9,6.5934,0.49979
2712.3,410.49,6.6655,0.49911
1647.1,1205.2,6.6098,0.49965
429.97,1168.6,6.6043,0.4998
1162.9,1444.5,6.5932,0.49981
2106.9,1427,6.5993,0.4997
2723.8,346.81,6.6713,0.49907
625.42,1456.2,6.589,0.49989
2738.4,366.8,6.6697,0.49908
2701.9,387.32,6.6673,0.4991
425.78,300.16,6.6608,0.49936
633.68,1522.1,6.585,0.49992
339.44,1335,6.5947,0.49989
2693.1,380.94,6.6678,0.4991
1557.9,897.45,6.6266,0.49953
2183.9,1357.5,6.6042,0.49965
321.43,826.6,6.6213,0.49968
1729.5,1424.9,6.5969,0.49975
1185.3,1432.9,6.5936,0.49981
745.63,1378.7,6.5948,0.49984
366.45,1205.3,6.6017,0.49983
2139.4,1395.7,6.6019,0.49968
450.47,1237.7,6.6007,0.49982
1605.1,1455.8,6.5943,0.49977
1502.4,575.28,6.6446,0.49939
2392.9,530.28,6.6531,0.49925
2749.8,1245.4,6.6156,0.4995
2077.6,994.27,6.6236,0.49951
2701.3,386.78,6.6673,0.4991
2357.9,1355.4,6.6055,0.49963
1969.4,640.95,6.643,0.49937
360.72,1227.5,6.601,0.49984
428.68,1087.7,6.6089,0.49976
2741.5,350.52,6.6711,0.49907
359.13,1433.6,6.5893,0.49993
1094.2,1432.1,6.5932,0.49982
1544.8,1198.4,6.6099,0.49966
400.55,992.27,6.6138,0.49973
388.03,1266,6.5986,0.49985
1947.9,669.39,6.641,0.49938
