1487.7,299.22,6.7687,0.49848
1987.5,205.72,6.7699,0.49842
1593.1,356.46,6.7349,0.49871
2349.4,182,6.7523,0.49851
2354,182.93,6.7516,0.49851
2381.1,183.9,6.7477,0.49854
1533.2,384.79,6.7206,0.49882
776.19,553.41,6.7009,0.49903
1748,1324.7,6.6599,0.49927
1208.2,1164.8,6.6659,0.49926
2149.6,244.69,6.7323,0.49868
985.82,1330.5,6.6494,0.49941
729.36,596.39,6.6889,0.49912
2500.2,196.21,6.7296,0.49865
2307.1,265.28,6.719,0.49876
950.28,1386,6.6386,0.49949
694.48,632.34,6.6792,0.49919
1974.6,382.77,6.7051,0.49889
1142.5,446.88,6.6945,0.49903
1887.3,475.83,6.6966,0.49897
1902.3,491.1,6.6936,0.49899
1668.8,1412.9,6.6377,0.49944
695.03,1033.6,6.6536,0.49939
731.68,892.45,6.6605,0.49933
460.02,1046.8,6.6484,0.49946
1211.5,485.43,6.6868,0.49909
444.76,1051.1,6.6472,0.49947
1982.1,393.72,6.6977,0.49895
440.86,920.07,6.654,0.49942
1669.7,1399.1,6.634,0.49947
452.49,675.27,6.6673,0.49931
1666.8,1416.3,6.6325,0.49948
275.1,937.24,6.6497,0.49948
688.97,1060.1,6.6466,0.49944
455.75,959.79,6.6498,0.49944
454.82,931.37,6.6513,0.49943
1566.7,364.85,6.6952,0.49899
435.49,687.22,6.6641,0.49934
2349.7,279.29,6.7073,0.49884
720.04,682.99,6.6664,0.49928
273.07,820.53,6.6538,0.49944
1516.6,1460.8,6.6256,0.49954
293.75,489.17,6.6741,0.49928
273.42,544.01,6.6698,0.49932
434.81,609.4,6.6676,0.49931
1237.6,528.15,6.6784,0.49915
693.59,655.91,6.6662,0.49929
272.86,552.07,6.6681,0.49933
1623.9,1470.7,6.6246,0.49954
1508.7,373.06,6.6912,0.49903
727.04,1086,6.6412,0.49948
694.88,668.57,6.6638,0.4993
353.45,562.22,6.6675,0.49932
2548.9,712,6.6726,0.49909
274.9,475.73,6.6725,0.4993
2366.5,300.6,6.7019,0.49888
703.85,1090.7,6.6398,0.49949
440.48,985.57,6.6431,0.4995
273.24,836.23,6.6491,0.49948
673.12,664.95,6.6632,0.49931
291.16,496.84,6.6703,0.49931
447.09,622.35,6.6634,0.49934
432.33,601.41,6.6643,0.49933
270.77,807,6.6505,0.49947
1224.5,551.92,6.6729,0.49919
680,948.72,6.6462,0.49944
2577.4,719.25,6.6707,0.4991
670.48,647.65,6.6632,0.49931
982.84,935.23,6.6495,0.49939
361.62,1041.7,6.6377,0.49955
2376.9,307.63,6.6989,0.4989
351.53,652.02,6.6592,0.49938
1519.7,381.37,6.6872,0.49906
466.9,965.23,6.6426,0.4995
710.28,317.31,6.6886,0.49911
713.16,316.41,6.6886,0.49911
1718.6,1375.8,6.627,0.49951
272.37,466.57,6.6706,0.49931
267.13,481.87,6.6681,0.49933
647.21,1400,6.6183,0.49966
679.84,706.5,6.658,0.49935
297.84,1000.1,6.6372,0.49957
1633.3,1427.3,6.6217,0.49956
357.9,930.89,6.6415,0.49952
959.74,1449.5,6.6165,0.49965
1625.4,1441.4,6.6206,0.49957
679.6,955.65,6.6432,0.49947
697.63,961.22,6.643,0.49947
293.36,872.8,6.6436,0.49952
1554.6,491.6,6.6763,0.49914
288.44,591.61,6.6599,0.49939
278.65,977.38,6.6377,0.49957
1145.2,1011.8,6.6434,0.49943
1181.9,472.73,6.6751,0.49917
2570.1,923.41,6.6558,0.49921
631.33,1361.7,6.6194,0.49966
647.36,1425.4,6.6153,0.49969
726.47,1113.3,6.6339,0.49953
1180.9,472.6,6.6748,0.49918
2337,241.61,6.7034,0.49886
2596.7,926.41,6.6555,0.49921
913.55,1357.9,6.6211,0.49962
2560.9,734.15,6.6656,0.49914
685.82,724.28,6.6545,0.49938
288.12,591.18,6.6585,0.4994
1511.2,528.57,6.6721,0.49917
436.46,1111.7,6.6308,0.49959
430.09,980.91,6.6377,0.49954
1350.5,1389.2,6.6208,0.49959
2564,712.79,6.6661,0.49913
1145.8,483.81,6.6729,0.49919
351.21,661.91,6.6544,0.49942
968.28,1343.6,6.6218,0.49961
265.77,508.25,6.6632,0.49937
265.47,532.36,6.6614,0.49938
299.49,1007.1,6.6343,0.49959
1490.4,1477.7,6.615,0.49962
1595.8,1432.8,6.6185,0.49959
288.8,537.11,6.6612,0.49938
310.42,1423.8,6.6107,0.49977
740.48,1000.7,6.6385,0.4995
459.28,733.1,6.6508,0.49943
1696.5,590.98,6.6682,0.49919
470.4,1012.4,6.6354,0.49955
912.85,1374.8,6.6183,0.49964
1217.3,525.72,6.669,0.49922
907.03,1362.3,6.6188,0.49963
2553.5,733.87,6.664,0.49915
2551.4,716.3,6.6649,0.49914
475.07,1119,6.6294,0.4996
1173.2,1450.7,6.6147,0.49965
265.55,523.95,6.6611,0.49938
464.95,1119.5,6.629,0.4996
458.32,992.24,6.6359,0.49955
358.65,912.83,6.6396,0.49954
1294.2,1444.1,6.6155,0.49963
1228.7,1351.2,6.6215,0.49959
2560.1,717.59,6.6645,0.49914
632.14,1372.9,6.6162,0.49968
1225.9,1337.2,6.6217,0.49959
698.89,1004.5,6.637,0.49951
2372.7,290.68,6.6954,0.49892
278.03,896.73,6.6385,0.49956
368.82,607.6,6.6564,0.4994
721.49,982.62,6.6381,0.4995
1307.8,1125.6,6.634,0.49949
1334.8,1125.6,6.6341,0.49948
2560.1,714.17,6.6644,0.49914
385.36,1077.7,6.6299,0.49961
955.76,1457.3,6.6119,0.49968
2550.8,709.52,6.6645,0.49915
351.27,611.31,6.6557,0.49941
419.52,624.56,6.6557,0.4994
280.42,937.69,6.6359,0.49958
2371.9,287.79,6.6955,0.49892
449.2,737.34,6.6489,0.49945
726.78,733.85,6.6516,0.49939
1476.9,1422.9,6.6168,0.49961
297.07,1257.2,6.6194,0.4997
383.06,1348.8,6.6142,0.49973
445.33,624.82,6.6555,0.4994
360,979.46,6.6344,0.49957
271.28,532.79,6.6591,0.4994
1360.1,1489.9,6.6113,0.49966
271.34,547.03,6.658,0.49941
2349.7,246.84,6.6992,0.4989
1627.3,534.84,6.6686,0.49919
1473.4,1470,6.613,0.49964
2549.6,695.93,6.6643,0.49915
722,1008.7,6.6355,0.49952
2563.9,699.75,6.6638,0.49915
2530.6,573.52,6.6716,0.49909
296.41,887.98,6.6379,0.49956
422.16,739.61,6.6477,0.49946
2552.2,716.9,6.663,0.49916
1126.1,509.5,6.6674,0.49924
1803.2,1123,6.6355,0.49944
1581.4,1097.9,6.6356,0.49945
271.13,553.14,6.6573,0.49941
460.39,739.02,6.648,0.49945
271.37,573.49,6.6558,0.49942
2591.9,1146.7,6.6394,0.49934
434.21,1020.8,6.6321,0.49958
1553.7,1098.5,6.6352,0.49946
2550.5,700.4,6.6636,0.49915
1106.2,1382.5,6.6165,0.49964
2603,938.86,6.6506,0.49925
2591.3,700.98,6.6635,0.49915
351.03,619.08,6.6537,0.49942
1254.7,1333.2,6.6196,0.4996
1551.9,1128.8,6.6332,0.49947
1306.7,1101.8,6.6332,0.49949
281.17,925.33,6.6348,0.49959
381.07,967.57,6.6338,0.49958
1346.7,1066.4,6.6359,0.49947
634.38,1362.9,6.614,0.4997
2396.1,335.72,6.6886,0.49897
2554.9,736.24,6.6609,0.49917
2581.2,913.89,6.651,0.49925
700.34,952.26,6.637,0.49951
364.06,979.04,6.6327,0.49959
1046.1,1370.6,6.6163,0.49964
2567.8,914.54,6.6509,0.49925
1578.8,1129.4,6.6329,0.49947
2578.9,702.72,6.6629,0.49915
307.59,1325.3,6.6131,0.49975
420.51,655.28,6.6516,0.49943
352.74,669.02,6.6498,0.49945
1594.5,1460.2,6.6129,0.49963
478.51,1126.1,6.6259,0.49962
331.35,337.61,6.6741,0.49927
670.8,695.49,6.6513,0.4994
2589.3,720.16,6.6618,0.49916
2391.3,343.24,6.6879,0.49898
393.39,1443.5,6.6064,0.49979
271.48,561.84,6.6552,0.49943
1578.6,1105.9,6.6335,0.49947
1191.6,522.83,6.6655,0.49925
1552.4,1106.2,6.6333,0.49947
2568.2,928.59,6.6495,0.49926
1331.7,1108.3,6.6319,0.4995
1048.7,1366.5,6.6156,0.49965
699.73,1019.6,6.6329,0.49954
300.1,864.81,6.6378,0.49956
351.79,576.26,6.6554,0.49941
2581.9,726.21,6.6607,0.49917
289.43,559.21,6.6551,0.49942
1594.1,1067.3,6.6359,0.49945
2444.8,1587.8,6.6079,0.4996
1827,1127.2,6.6334,0.49945
683.21,1016,6.6328,0.49954
2562,1146.1,6.6373,0.49936
2576,940.09,6.6486,0.49927
2587.7,701.15,6.6622,0.49916
746.53,1129.3,6.627,0.49958
1476.6,1398.8,6.6153,0.49962
2602.8,918.57,6.65,0.49925
2576.2,917.14,6.6498,0.49926
688.64,977.45,6.6351,0.49953
2576.3,912.65,6.65,0.49925
1558.4,505.46,6.668,0.4992
347.91,381.67,6.6693,0.4993
2580,893.14,6.6507,0.49925
292.16,508.83,6.6591,0.49939
2567.4,907.15,6.6501,0.49926
909.21,1383.3,6.6131,0.49968
317.26,1426.3,6.6061,0.4998
968.43,785.79,6.6466,0.49941
2561.2,574.09,6.6695,0.4991
389.3,1374.7,6.6097,0.49976
481.07,1090.8,6.6261,0.49962
2581.4,718.08,6.6606,0.49917
2583.7,739.96,6.6593,0.49918
2561.9,576.54,6.6692,0.49911
278.88,914.86,6.6339,0.49959
1478.3,1472.2,6.6101,0.49966
2602.1,896.84,6.6506,0.49925
942.84,681.63,6.6526,0.49937
2561.4,1146.4,6.6367,0.49936
2582.1,723.01,6.6602,0.49917
704.97,1034.5,6.6308,0.49956
274.75,875.01,6.6354,0.49958
1352.7,1135.7,6.6296,0.49951
1053.4,1419.4,6.6119,0.49968
2592.2,751.64,6.6585,0.49919
2562.6,719.62,6.66,0.49918
329.95,1336.9,6.611,0.49976
2594.2,909.41,6.6496,0.49925
707.81,1101,6.6271,0.49959
1596.7,1456.2,6.6112,0.49964
1549.1,1347.8,6.6183,0.49959
1560.5,508.91,6.6668,0.49921
2595.9,728.25,6.6593,0.49918
1542.8,1213.2,6.626,0.49953
2590.9,728.85,6.6595,0.49918
566.94,364.03,6.6723,0.49925
2360.8,1339.5,6.6237,0.49948
384.76,1298.9,6.6141,0.49973
2594.5,919.96,6.6488,0.49926
691.63,685.13,6.6498,0.49941
2594.8,932.7,6.648,0.49927
680.13,705.33,6.6492,0.49942
1539.8,1071.3,6.6342,0.49947
370.87,641.85,6.6497,0.49945
2606.7,897.02,6.6497,0.49925
455.46,1092.4,6.625,0.49963
1283.8,1137.9,6.6285,0.49953
448.54,695.34,6.6472,0.49946
453.19,1052.6,6.6271,0.49962
1549.3,498.92,6.6675,0.49921
2589.2,708.35,6.6604,0.49917
941.65,663.03,6.6529,0.49936
459.35,635.03,6.651,0.49943
2566.5,886.78,6.65,0.49926
1080.5,1340.3,6.6157,0.49964
2607.3,920.07,6.6483,0.49926
2564.9,742.67,6.658,0.49919
2602.3,896.51,6.6498,0.49925
1331.9,1108.6,6.6301,0.49951
301.78,928.56,6.632,0.4996
2541.2,559.81,6.669,0.49911
449.25,1037.3,6.628,0.49961
278.37,929.66,6.6315,0.49961
697.76,995.97,6.632,0.49955
353.59,634.49,6.6493,0.49946
1600.4,500.19,6.6671,0.4992
2535.2,574.86,6.6676,0.49912
354.2,659.96,6.6475,0.49947
2593.8,898.5,6.649,0.49926
480.96,1054.7,6.6265,0.49962
666.26,1162.9,6.6226,0.49963
1257.5,1438.7,6.6095,0.49968
2567.4,915.31,6.6478,0.49927
290.6,588.92,6.651,0.49946
1456.5,1451.3,6.6095,0.49967
1596.9,1392.7,6.6143,0.49962
1197.4,503.08,6.664,0.49926
488.45,1401.6,6.6068,0.49977
2347.6,411.48,6.6775,0.49906
956.77,967.85,6.6349,0.4995
2032.5,437.82,6.6734,0.49912
266.9,559.48,6.6524,0.49945
1568.5,1215.4,6.6247,0.49954
386.53,1002.6,6.6284,0.49962
448.98,643.55,6.6492,0.49944
1084.2,1409.4,6.6104,0.49969
2561.4,559.79,6.6684,0.49911
745.33,961.66,6.6332,0.49953
2566.9,898.12,6.6483,0.49927
304.1,952.6,6.6299,0.49962
918.57,1609.5,6.5949,0.49982
315.35,1356.9,6.608,0.49979
371.4,647.5,6.6481,0.49946
1197.3,1327.6,6.6158,0.49963
291.09,605.04,6.6495,0.49947
907.18,1479.8,6.6046,0.49974
2591.6,723.07,6.6582,0.49919
288.73,993.67,6.6273,0.49964
943.44,667.91,6.6512,0.49938
290.95,579.3,6.651,0.49946
963.97,799.33,6.6436,0.49943
2602.6,913.59,6.6474,0.49927
1583.4,497.4,6.6658,0.49922
1120.9,553.26,6.6597,0.4993
1527.3,1109.2,6.6297,0.4995
1131.3,577.71,6.6576,0.49931
1381.1,622.32,6.6562,0.4993
1774.8,1133.6,6.6297,0.49948
954.09,629.46,6.6541,0.49935
2575.6,935.42,6.6457,0.49929
465.79,718.42,6.6439,0.49948
748.92,1040.2,6.6284,0.49957
443.14,994.15,6.629,0.4996
439.11,719.05,6.6435,0.49949
767.5,1165.1,6.6221,0.49962
1472.6,1403.2,6.6117,0.49965
709.2,1073.6,6.6261,0.49959
2576,913.29,6.6467,0.49928
749.33,1131.7,6.6237,0.49961
355.14,653.48,6.6466,0.49948
374.62,709.1,6.6435,0.4995
342.63,1436.8,6.6026,0.49983
2556.7,1334.6,6.6231,0.49947
461.4,664.53,6.6471,0.49946
1620.6,1383.9,6.6134,0.49962
1597.1,1138,6.628,0.49951
303.79,934.51,6.63,0.49962
451.23,968.14,6.6295,0.4996
465.11,683.84,6.6454,0.49947
1811.3,1215,6.6247,0.49952
2566.8,895.24,6.6474,0.49928
689.08,734.17,6.6446,0.49945
1527,1114.6,6.6287,0.49951
2575.5,900.91,6.6471,0.49928
2535.6,563.54,6.6667,0.49913
2356.8,324.5,6.6845,0.49901
960.69,713.49,6.6476,0.4994
2592.9,1154.7,6.6334,0.49938
2553.2,691.04,6.6587,0.49919
2560.5,544.77,6.6681,0.49911
750.97,1074.3,6.6259,0.49959
740.85,1000.9,6.6301,0.49956
2594,896.92,6.6474,0.49927
2567.3,751.57,6.6553,0.49921
1525.4,1139.8,6.6272,0.49952
291.29,586.4,6.6496,0.49947
468.78,1058.4,6.6247,0.49963
2602.3,937.65,6.6451,0.49929
952.84,1184.8,6.6214,0.49961
372.61,1028.7,6.6253,0.49964
1329.2,1486.5,6.6052,0.49971
452.05,1124.3,6.6214,0.49966
321.63,1375,6.6052,0.49981
374.66,1064,6.6234,0.49966
672.22,722.36,6.6449,0.49945
1844,1133.9,6.6291,0.49948
1812.7,1212.7,6.6244,0.49952
569.12,447.51,6.6621,0.49933
2533.2,547.18,6.6673,0.49912
469.77,1076.9,6.6236,0.49964
288.26,960.73,6.6278,0.49964
307.32,974.23,6.6272,0.49964
393.56,1382.9,6.6058,0.49979
2809.9,884.94,6.6501,0.49921
457.8,677.04,6.646,0.49947
2569.6,1108.3,6.6353,0.49937
995.91,984.28,6.6322,0.49952
460.48,746.38,6.6419,0.4995
372.26,623.56,6.6478,0.49947
450.69,990.01,6.6279,0.49961
352.42,597.31,6.6494,0.49946
2575.9,897.09,6.6467,0.49928
947.43,720.59,6.6465,0.49941
419.14,1449.7,6.6015,0.49982
2565.2,1151,6.6327,0.49939
689.2,723.08,6.6445,0.49945
1638.6,554.45,6.6607,0.49925
454.86,1054.3,6.6244,0.49964
2575.5,892.57,6.6468,0.49928
1463,1420.5,6.6098,0.49966
708.23,1066.8,6.6257,0.4996
439.1,686.59,6.6441,0.49948
914.54,1361.1,6.6103,0.4997
967.38,635.24,6.6523,0.49937
1598.8,1110.7,6.6284,0.49951
335.82,1339.1,6.6073,0.49979
1010.5,1198.9,6.6203,0.49961
655.56,1431.3,6.6045,0.49977
1824.7,1106.4,6.6299,0.49948
413.92,1383.2,6.6054,0.49979
671.93,706.65,6.6452,0.49945
479.82,1126.2,6.6209,0.49966
2585.3,1143.9,6.633,0.49939
373.88,1028.4,6.6246,0.49965
1036,1412.1,6.6077,0.49971
366.59,957.47,6.6285,0.49962
2588.1,1111.1,6.6348,0.49937
389.45,1008.4,6.6259,0.49963
355.57,658.77,6.6451,0.49949
944.44,657.05,6.65,0.49939
652.32,775.8,6.641,0.49948
1160.8,1490.9,6.6028,0.49974
1333.7,1444.6,6.6071,0.49969
309.35,996.14,6.6255,0.49965
2594,892.97,6.6466,0.49928
1611.7,1385,6.6124,0.49963
438.95,742.59,6.6409,0.49951
1163.3,1452.2,6.6055,0.49972
563.91,370.39,6.668,0.49928
673.63,737.26,6.6431,0.49946
491.39,1376.1,6.6059,0.49978
1665.1,1436.6,6.6092,0.49965
1299.5,1222.3,6.6203,0.49959
1009.2,1198.2,6.6201,0.49961
710.17,1100.3,6.6235,0.49961
494.86,1429.9,6.6025,0.4998
1431.6,1483.3,6.6047,0.4997
452.81,722.26,6.6419,0.4995
1022.4,1362.5,6.6101,0.49969
753.93,1109.3,6.6227,0.49962
1798,1111.3,6.6289,0.49949
460.05,1122.3,6.6201,0.49967
1572,501.49,6.6632,0.49924
1581.9,762.14,6.6466,0.49937
1580.1,1118.5,6.627,0.49952
2594.5,920.8,6.6447,0.49929
477.04,1048.1,6.6245,0.49963
2550.1,551.41,6.6657,0.49913
714.02,738.01,6.643,0.49946
1336.4,1121.6,6.6255,0.49955
1325.2,1222.3,6.62,0.49959
454.07,987.76,6.6269,0.49962
731.98,1100.7,6.6232,0.49961
680.42,738.2,6.6426,0.49947
730.66,1068.4,6.6249,0.4996
679.07,708.15,6.6444,0.49945
1797.5,1107.9,6.6289,0.49949
268.35,559.66,6.6495,0.49947
711.91,582.56,6.6523,0.49939
393.5,1352.4,6.6064,0.49979
1223.1,562.13,6.6567,0.49931
391.56,953.28,6.6286,0.49961
1598.3,1116,6.6272,0.49952
496.28,1442.9,6.6012,0.49981
2575,564.66,6.6651,0.49914
414.16,1364.1,6.6056,0.49979
1131.9,540.44,6.6577,0.49931
1504.9,937.88,6.6363,0.49945
373.82,1014.3,6.6245,0.49965
1353.2,1114.9,6.6259,0.49954
944.07,813.07,6.6401,0.49946
963.32,731.02,6.6448,0.49943
967.33,708.55,6.6463,0.49941
2764.6,444.84,6.6754,0.49903
2404.2,306.99,6.6847,0.499
653.82,1384.3,6.6059,0.49976
962.33,1055.5,6.6268,0.49957
439.35,723,6.6412,0.49951
743.76,1132,6.6216,0.49963
1630.6,936.91,6.6369,0.49944
2598.4,1131,6.6325,0.49939
674.88,936.55,6.6312,0.49956
463.61,675.17,6.6444,0.49948
1004,841.51,6.6385,0.49947
284.35,951.54,6.6264,0.49965
2389,245.34,6.6913,0.49895
1775.5,1108.4,6.6283,0.4995
474.33,1002,6.6263,0.49962
2592.9,707.17,6.656,0.4992
690.59,626.78,6.6491,0.49942
728.87,970.63,6.6294,0.49957
2559.9,1108.5,6.6334,0.49939
457.53,598.64,6.6492,0.49944
1131.9,726.62,6.6463,0.4994
2368.3,317.95,6.6828,0.49902
2810.7,885.46,6.6484,0.49923
691.59,1069,6.6241,0.49961
2604.8,273.53,6.69,0.49894
2595.6,749.59,6.6535,0.49922
1005.8,1196,6.6193,0.49962
2545.4,549.65,6.6654,0.49914
376.7,703.65,6.6413,0.49952
2594.8,924.73,6.6437,0.4993
375.07,1016.9,6.6239,0.49965
470.43,1063.3,6.6223,0.49965
1486.9,1404.4,6.6089,0.49967
1532.3,550.66,6.6586,0.49928
1443.4,1483,6.6035,0.49971
923.98,1453.2,6.6035,0.49975
1447,1463.3,6.6048,0.4997
2592,754,6.6533,0.49923
1568.9,1222.6,6.6202,0.49957
1161.6,1049.6,6.6278,0.49954
404.33,1435,6.6006,0.49983
282.37,912.2,6.6282,0.49964
276.26,543.5,6.6495,0.49947
1172.9,515.58,6.6594,0.49929
312.29,1000.9,6.6238,0.49966
272.16,551.27,6.6499,0.49947
1084.8,1416.5,6.6059,0.49972
1038.2,1414,6.6062,0.49972
377.03,1049.9,6.622,0.49967
307.12,944.51,6.627,0.49964
467.61,751.77,6.6394,0.49952
950.55,766.68,6.642,0.49945
1461.4,1482.5,6.6035,0.49971
680.96,726.74,6.6424,0.49947
1537.4,1341.8,6.6131,0.49963
2705.6,811.76,6.6515,0.49922
944.17,668.1,6.6479,0.4994
403.89,1423,6.6012,0.49983
460.22,1096.9,6.6204,0.49967
318.75,1328.7,6.6062,0.4998
374.08,1041.3,6.6226,0.49966
438.24,685.29,6.6428,0.49949
450.92,1050.3,6.623,0.49965
405.02,1433.3,6.6004,0.49983
951.03,753.58,6.6426,0.49944
439.79,719.89,6.6407,0.49951
303.51,626.47,6.6443,0.49951
500.96,1167.5,6.6168,0.49969
1547.8,559.08,6.658,0.49928
965.87,761.87,6.6421,0.49945
2554.9,570.12,6.6633,0.49915
1132.1,1040.7,6.6279,0.49954
2586,1123.4,6.6323,0.49939
962.01,683.88,6.6467,0.49941
1580.9,1485,6.6039,0.4997
1123.6,1227.6,6.6174,0.49963
2522.6,1329.9,6.62,0.4995
2609.6,231,6.694,0.4989
2593.4,1134.1,6.6318,0.49939
313.2,1017.4,6.6226,0.49967
474.01,1082.2,6.621,0.49966
2556.3,1141.2,6.631,0.49941
415.57,1312.2,6.6083,0.49977
1022,1363.9,6.6085,0.4997
1742.7,663.45,6.6519,0.49931
1609.5,1358.7,6.6123,0.49963
485.26,1018.3,6.6241,0.49963
493.89,1363.4,6.605,0.49978
810.25,1536.8,6.5958,0.49982
2573,1108,6.6326,0.49939
475.34,1099.5,6.6199,0.49967
714.77,652.06,6.6469,0.49943
740,1145.3,6.6194,0.49964
2351.8,393.11,6.6748,0.49908
1594.5,1428.9,6.6078,0.49967
471.95,763.05,6.6378,0.49953
692.43,653.1,6.6466,0.49943
481.05,782.98,6.637,0.49953
444.76,763.7,6.6374,0.49954
439.94,712.02,6.6408,0.49951
756.58,779.36,6.6395,0.49948
692.7,1126.1,6.62,0.49964
435.2,752,6.6387,0.49953
320.34,1366.7,6.6037,0.49982
963.98,702.95,6.6451,0.49942
1775,1113.7,6.6269,0.49951
1896.8,1430.8,6.6087,0.49964
713.87,627.84,6.6482,0.49942
566.57,451,6.6593,0.49935
2558.2,1120.2,6.6318,0.4994
1139.1,766.83,6.6425,0.49943
2570.4,695.01,6.6551,0.49921
2584.8,1133,6.6313,0.4994
1442.3,1472.4,6.6033,0.49971
968.67,677.48,6.6464,0.49941
1328.9,1226.9,6.6179,0.49961
1491.7,1426.6,6.6068,0.49968
694.74,1103.1,6.6212,0.49963
404.09,1407.7,6.6014,0.49982
403.17,1397.2,6.602,0.49982
1840.6,1072.5,6.6299,0.49948
2576,944.38,6.6414,0.49932
1030.4,1427.5,6.6041,0.49974
710.61,1145.9,6.6188,0.49965
1482.1,1498.5,6.6018,0.49972
747.57,1005.5,6.6266,0.49959
686.37,971.76,6.6279,0.49958
560.67,373.8,6.6652,0.4993
2570.6,1128.9,6.6309,0.4994
1508.4,939.55,6.6346,0.49946
1516.8,1220.7,6.6193,0.49958
291.02,939.45,6.6259,0.49965
751.24,1146,6.6189,0.49965
954.25,800.65,6.639,0.49947
961.33,657.24,6.6475,0.4994
475.02,1104.7,6.6189,0.49968
494.18,1349.4,6.6052,0.49978
2550.8,537.32,6.6646,0.49914
1004.7,842.88,6.637,0.49948
443.9,741.61,6.6384,0.49953
443.27,728.34,6.6391,0.49952
2298.7,299.71,6.6828,0.49903
925.2,1442.9,6.6023,0.49976
1084.7,1412.5,6.6054,0.49972
490.68,1133.4,6.6177,0.49968
1476.1,1471.5,6.6031,0.49971
1826.2,1115.7,6.6263,0.49951
990.16,1047.9,6.6255,0.49957
463.24,1079.5,6.62,0.49967
979.07,1043.8,6.6256,0.49957
2593.7,1125,6.6313,0.4994
1353.6,1121.5,6.6236,0.49956
1536.6,768.24,6.6444,0.49939
1110,1350,6.6093,0.49969
379.87,1054.4,6.6204,0.49968
294.02,943.34,6.625,0.49966
2581.6,881.89,6.644,0.4993
2565.3,1130.7,6.6306,0.49941
2556.8,1129.4,6.6306,0.49941
1630.1,939.05,6.6349,0.49945
1472.3,1480.8,6.6022,0.49972
377.18,664.75,6.642,0.49951
466.72,686.51,6.6417,0.4995
1121.1,895.19,6.6344,0.49949
1565.5,546.67,6.6575,0.49928
1436,1463.1,6.6035,0.49971
968.11,682.82,6.6457,0.49942
1868,589.11,6.6562,0.49927
2572,581.77,6.6618,0.49916
962.8,670.72,6.6463,0.49941
468.55,1144.5,6.6161,0.4997
495.22,1145.2,6.6163,0.49969
1121.6,750.64,6.6424,0.49943
1812.4,1217.9,6.6202,0.49956
399.99,1345,6.6045,0.4998
2599.5,1111.9,6.6315,0.4994
947.18,649.56,6.6474,0.49941
378.93,711.05,6.6392,0.49953
1079.1,1353.8,6.6089,0.4997
1432,1473.2,6.6027,0.49972
461.33,1105.5,6.6183,0.49968
585.22,453.43,6.658,0.49936
378.18,690.05,6.6403,0.49952
579.68,442.48,6.6594,0.49935
1116.8,1450,6.6023,0.49975
481.79,784.04,6.636,0.49954
344.4,1366.8,6.6027,0.49982
324.84,1366.1,6.6027,0.49983
399.88,1083,6.6189,0.49969
1863.4,602.47,6.6555,0.49928
435.39,1453.5,6.5978,0.49985
2554.1,590.95,6.6608,0.49917
689.36,1007.9,6.6252,0.4996
946.08,1421.6,6.6034,0.49975
330.22,1406.9,6.5999,0.49985
1841.6,602.66,6.6553,0.49928
407.02,1421.7,6.5997,0.49984
285.02,554.63,6.6471,0.49949
1841.2,1067.6,6.6293,0.49948
1132.2,525.12,6.6564,0.49932
294.08,941.2,6.6247,0.49966
306.76,1030.3,6.6202,0.49969
454.3,1134.6,6.6167,0.4997
464.27,601.05,6.6467,0.49946
2467.6,428.36,6.6715,0.4991
316.16,1017.4,6.6212,0.49968
2347.4,1330.1,6.6169,0.49954
695.27,986.71,6.6263,0.49959
295.29,983.52,6.6227,0.49968
378.07,667.19,6.6414,0.49952
1297.4,1083.4,6.6253,0.49955
1336.3,1430,6.6047,0.49971
1167.5,1236.4,6.6157,0.49964
479.02,1120.4,6.6174,0.49969
2565.9,1121.6,6.6306,0.49941
418.54,1452.7,6.5975,0.49985
351.24,1434.2,6.5984,0.49986
2345.5,419.38,6.6711,0.49911
688.49,986.57,6.6261,0.4996
1313.8,1528.6,6.5978,0.49977
1227.9,568.16,6.6536,0.49934
696.47,1007.9,6.625,0.4996
467.22,1119.7,6.6171,0.49969
463.08,1088.2,6.6189,0.49968
970,634.35,6.6477,0.4994
434.39,682.55,6.6413,0.49951
503.37,1467.9,6.5969,0.49985
400.17,1334,6.6046,0.4998
2544,572.88,6.6615,0.49917
1095.6,1590.8,6.5919,0.49983
1871.6,629.5,6.6531,0.49929
401.21,1347.1,6.6038,0.49981
399.12,1462.2,6.5967,0.49986
326.83,1045.9,6.6192,0.4997
2585.5,570.64,6.6616,0.49916
1312.1,1527.8,6.5977,0.49977
2472.3,424.01,6.6717,0.4991
1581.9,1092.6,6.6251,0.49953
378.36,685.61,6.64,0.49953
2769.7,445.35,6.6726,0.49905
2552.9,572.42,6.6614,0.49917
2554.8,1334.8,6.618,0.49951
1609.8,1381.7,6.609,0.49966
1336.8,770.7,6.6414,0.49942
1551.7,563.91,6.6556,0.4993
968.08,751.61,6.6406,0.49946
372.95,701.86,6.6384,0.49954
2616.9,294.93,6.6847,0.49898
691.73,967.9,6.6268,0.49959
478.26,1119.3,6.6169,0.49969
2577.7,551.19,6.663,0.49915
1382,944.34,6.6322,0.49949
339.7,349.37,6.6637,0.49935
460.46,1067.6,6.6194,0.49967
702.99,1039.8,6.6233,0.49962
486.05,977.27,6.6241,0.49963
496.23,1336.4,6.6045,0.49979
991.44,1030.7,6.6252,0.49958
2567.6,699.11,6.6534,0.49923
731.85,965.7,6.6271,0.49958
2617.3,231.83,6.6919,0.49892
2555.3,588.31,6.6602,0.49918
729.46,973.61,6.6265,0.49959
2525.7,1303,6.6193,0.4995
2590,1145.8,6.6288,0.49942
279.38,551.24,6.6464,0.49949
693.81,713.6,6.6407,0.49948
444.35,708.26,6.6389,0.49952
330.54,1392.3,6.6,0.49985
640.51,1385.8,6.6029,0.49978
1478.7,1446.7,6.6038,0.49971
964.91,1061.4,6.6234,0.49959
297.56,988.18,6.6217,0.49968
1606.2,1242,6.6169,0.4996
505.77,1479.8,6.5956,0.49986
1262.2,945.56,6.6313,0.49951
1604,1394.2,6.6076,0.49967
303.05,949.54,6.6235,0.49967
1603.4,1360.6,6.6099,0.49965
466.37,1510.6,6.5935,0.49988
439.79,695.51,6.6394,0.49952
441.74,743.9,6.6366,0.49954
504.52,1455.8,6.597,0.49984
959.9,1347,6.6072,0.49972
2571.9,565.64,6.6615,0.49916
1887,603.09,6.6544,0.49928
696.09,974.63,6.626,0.4996
1783.3,1216.3,6.6191,0.49957
470.36,727.45,6.6379,0.49953
1347.2,1224.4,6.6163,0.49962
474.74,949.66,6.6262,0.49962
288.12,607.5,6.6427,0.49952
746.42,761.96,6.6378,0.4995
274.51,567.6,6.6455,0.4995
2015.2,462.97,6.6649,0.49919
718.9,636.57,6.6453,0.49944
1282.9,1462,6.6014,0.49974
1175.3,919.25,6.6319,0.49951
1712.6,1503.3,6.6013,0.49971
379.49,612.71,6.6441,0.49949
1466.7,1490,6.6003,0.49974
2553.3,567.71,6.661,0.49917
1133.4,1097.7,6.6218,0.49959
976.8,693.91,6.6433,0.49944
465.74,1068.2,6.6188,0.49968
982.62,1174.7,6.6167,0.49964
1484.1,1426.8,6.6043,0.4997
441.97,731.45,6.6369,0.49954
325.59,1304.3,6.6042,0.49982
733.31,969.33,6.6263,0.49959
813.45,1536.7,6.5935,0.49984
2555.5,1296.2,6.6194,0.4995
2571,554.84,6.6619,0.49916
483.07,1107.1,6.6168,0.49969
2562.5,1142.2,6.6282,0.49943
471.58,746.25,6.6364,0.49954
465.23,1120.6,6.6159,0.4997
2352.9,409.75,6.6713,0.49911
1541.5,1493.8,6.6,0.49973
759.2,1400.9,6.6023,0.49978
1617.3,1368.8,6.6084,0.49966
677.63,632.52,6.645,0.49945
1587.4,771.51,6.6418,0.4994
2584.8,554.41,6.6616,0.49916
1559.1,1467.1,6.602,0.49972
2550.7,1314.3,6.6182,0.49951
733.71,949.1,6.6269,0.49959
1253,1248.7,6.614,0.49964
1881.3,937.12,6.6345,0.49944
1089.9,1406,6.6033,0.49974
1311.4,1505.8,6.5982,0.49976
919.68,1358.5,6.6057,0.49973
463.81,1020.3,6.6209,0.49966
2552.8,1306.5,6.6186,0.4995
305.02,577.76,6.6442,0.49951
685.19,701.11,6.6403,0.49948
2542.7,551.19,6.6616,0.49917
400.2,1035.9,6.6196,0.49968
294.74,530.54,6.6476,0.49948
2545.4,568.16,6.6605,0.49918
1844.6,1114.8,6.6244,0.49952
1906.4,1406.8,6.6074,0.49965
482.92,1102.8,6.6166,0.49969
433.58,747.32,6.6357,0.49955
2557.2,1288,6.6196,0.49949
2555.7,1294.2,6.6193,0.4995
380.33,683.51,6.6388,0.49954
401.98,1067.2,6.6179,0.4997
813.43,1535.3,6.5932,0.49984
733.96,950.34,6.6266,0.49959
2352.9,406.41,6.6712,0.49911
1557.7,1095,6.6234,0.49955
955.49,745.61,6.6397,0.49947
287.22,581.93,6.6435,0.49952
736.25,1097,6.6189,0.49965
324.01,967.75,6.6219,0.49968
448.23,951.17,6.6251,0.49963
637.08,1558.3,6.5904,0.49988
2601.2,697.29,6.6524,0.49923
2550.6,1313.2,6.618,0.49951
954.38,717.15,6.6413,0.49945
2526.7,1292.2,6.6189,0.4995
1844.9,1110.9,6.6245,0.49952
455.95,696.26,6.6387,0.49952
1545.3,1172,6.6195,0.49958
314.04,959.5,6.6225,0.49967
1590.4,921.03,6.633,0.49947
975.98,659.68,6.6445,0.49943
994.62,1069.2,6.6219,0.4996
714.67,971.76,6.6254,0.4996
443.33,1169,6.6128,0.49973
483.11,1109.9,6.616,0.4997
264.01,394.39,6.6572,0.49941
471.63,654.85,6.641,0.4995
1598.2,774.89,6.6419,0.4994
2583.1,537.78,6.6622,0.49916
748.05,1041.1,6.6222,0.49962
2521.8,1310.1,6.6176,0.49951
697.87,1116.4,6.6173,0.49966
1229.3,1436.3,6.602,0.49974
326.64,1320.9,6.6029,0.49983
660.63,1385.6,6.6018,0.49979
327.39,1388.6,6.5989,0.49986
460.37,733.29,6.6361,0.49954
469.55,620.26,6.6429,0.49949
470.88,711.59,6.6377,0.49953
934.35,1458.8,6.5989,0.49979
493.96,1387.7,6.6001,0.49982
736.4,1084.2,6.6193,0.49964
2558.8,1314.7,6.6176,0.49951
1340.1,1095.9,6.622,0.49958
265.64,398.86,6.6568,0.49942
722.79,1129.4,6.6167,0.49967
950.31,651.19,6.6449,0.49942
326.49,1378.1,6.5994,0.49985
1312.2,1506.2,6.5975,0.49977
1600.9,770.76,6.6418,0.4994
1836.9,766.4,6.6427,0.49938
1365.4,1247,6.614,0.49964
954.57,766.97,6.6381,0.49948
474.84,973.96,6.6229,0.49965
354.4,1410.5,6.5978,0.49986
351.48,1381.8,6.5995,0.49985
722.44,1116.3,6.6173,0.49966
2528.2,1284,6.619,0.4995
1663.3,1420.4,6.6049,0.49969
1101.6,1374.4,6.6049,0.49973
658.74,1385.2,6.6016,0.49979
1382.3,945.41,6.6305,0.49951
738.63,1129.4,6.6167,0.49966
1530.9,1492.6,6.5994,0.49974
720.31,1065.5,6.62,0.49964
319.16,1026,6.6187,0.4997
485.85,1121.1,6.6151,0.4997
755.59,1411.2,6.6011,0.49979
402.3,1052,6.6181,0.49969
1759.6,940.95,6.6327,0.49946
356,1424.8,6.5968,0.49987
723.07,735.19,6.6379,0.4995
1556.2,1504.3,6.5983,0.49975
1780.1,607.83,6.6521,0.49931
2562.1,711.86,6.6509,0.49925
404.13,1070.6,6.617,0.4997
708.64,1401.1,6.601,0.49979
1733.5,1239.7,6.6161,0.49959
1080.3,1464.5,6.5988,0.49978
695.9,1052.3,6.6203,0.49964
1311.6,1087.4,6.6222,0.49958
494.84,1105.3,6.616,0.4997
394.84,723.08,6.6355,0.49956
1533.9,1369.1,6.6073,0.49968
1363.7,1097.7,6.6215,0.49958
402.91,1050.2,6.618,0.49969
653.88,1548.6,6.5905,0.49988
950.63,1445.3,6.5989,0.49978
1490.4,1244.5,6.6145,0.49962
271.92,501.57,6.6483,0.49948
1341.4,1079.5,6.6224,0.49957
1477.5,1460.4,6.6007,0.49973
414.41,1396.2,6.5985,0.49985
1288.1,1125.2,6.6199,0.4996
2590,711.12,6.651,0.49924
736.43,1065.4,6.6198,0.49964
733.51,989.44,6.6238,0.49961
983.54,772.97,6.6374,0.49948
989.15,1042.5,6.6228,0.4996
1152.2,1125.8,6.6192,0.49961
2539.6,1291.3,6.6179,0.49951
1572.1,1171.6,6.6188,0.49958
374.09,677.54,6.6377,0.49954
1426.6,1505.4,6.5981,0.49976
2592.2,1129.4,6.6279,0.49942
532.13,1510.7,6.5923,0.49988
717.32,975.54,6.6244,0.49961
310.87,657.22,6.6385,0.49955
1006.5,818.99,6.6345,0.4995
956.71,1442.7,6.5991,0.49978
980.82,724.23,6.6398,0.49946
2599.2,423.19,6.6709,0.49909
1217.3,1360.2,6.6056,0.49971
1736.9,1238.5,6.6159,0.49959
717.93,989.89,6.6235,0.49961
492.9,1066.9,6.6177,0.49968
2364.6,327.32,6.6772,0.49907
725.85,1149.2,6.6148,0.49968
839.16,1508,6.5941,0.49983
405.3,1333.3,6.6022,0.49982
353.86,1384.1,6.5987,0.49985
654.22,1543.8,6.5903,0.49988
328.49,1007.2,6.6188,0.4997
736.64,1052.4,6.6202,0.49964
524.97,1492.3,6.5929,0.49987
1153.5,737.85,6.6404,0.49944
739.42,1116.9,6.6167,0.49966
2311.2,1394.9,6.6099,0.4996
575.43,441.8,6.6557,0.49938
1127.7,770.07,6.6381,0.49946
473.21,725.62,6.6362,0.49954
2572.9,550.32,6.6606,0.49917
1553.6,1153.2,6.619,0.49958
1607.4,1094.5,6.6225,0.49955
303.01,904.39,6.6239,0.49967
1338.1,1090.6,6.6217,0.49958
2529,1310.3,6.6167,0.49952
2525.8,1289.8,6.6179,0.49951
1422.1,1461.6,6.6002,0.49974
2571.8,721.13,6.6498,0.49926
981.19,714.72,6.6403,0.49946
2582.3,556.41,6.6602,0.49917
2564.3,1125.9,6.6275,0.49943
2545.9,1322.5,6.6161,0.49952
741.26,1047.6,6.6202,0.49964
992.24,1071.9,6.6208,0.49961
1227.7,1609.4,6.588,0.49985
712.73,1403,6.6005,0.49979
327.05,1304.4,6.6029,0.49983
1100,1437.8,6.5998,0.49977
348.41,1442.5,6.5947,0.49989
588.59,442.12,6.6556,0.49938
397.5,1565.5,6.5874,0.49994
700.81,975.02,6.6236,0.49961
1580.3,1088.9,6.623,0.49955
969.38,1041.3,6.6221,0.4996
2561.8,1310.9,6.6165,0.49952
1592.4,543.33,6.6547,0.4993
2584.8,573.46,6.659,0.49918
474.72,751.94,6.6344,0.49956
504.64,1390.4,6.599,0.49983
2570.8,741.42,6.6481,0.49927
662.52,1386.1,6.6008,0.4998
368.31,1443.9,6.5947,0.49988
2783,565.28,6.6618,0.49913
307.6,605.15,6.6409,0.49953
1127.3,722.54,6.6407,0.49944
1896.3,592.84,6.6526,0.4993
1552.9,1089.1,6.6227,0.49955
1766.7,597.49,6.6515,0.49931
2554.4,552.29,6.66,0.49918
2609.8,884.53,6.6404,0.49932
521.26,1417.9,6.5973,0.49984
715.25,967.96,6.6243,0.49961
1235.3,551.92,6.6517,0.49935
1853.5,593.68,6.6522,0.4993
744.2,1119.1,6.6162,0.49967
721.61,1052.8,6.6197,0.49964
373.86,652.59,6.6386,0.49954
2326.5,1341.4,6.6128,0.49957
682.27,660.08,6.6415,0.49948
2555.1,1288,6.618,0.49951
723.26,1085,6.6179,0.49966
2323.5,303.97,6.6785,0.49906
724.06,1098.4,6.6172,0.49966
690.04,733.03,6.6367,0.49951
2364.6,403.15,6.6695,0.49913
1593.7,1458.6,6.6006,0.49973
647.85,1384.7,6.6004,0.4998
980.94,809.63,6.6347,0.4995
458.54,1070,6.6166,0.4997
2555.5,558.33,6.6595,0.49918
647.61,342.98,6.665,0.4993
2580.1,763.62,6.6467,0.49928
462.07,693.82,6.6371,0.49954
1584.9,1075.4,6.623,0.49955
2557.6,1276.6,6.6185,0.4995
744.75,1112.9,6.6163,0.49967
2561.7,1312,6.6162,0.49952
287.45,526.74,6.6457,0.4995
518.8,1492.3,6.5923,0.49988
300.18,981.33,6.6196,0.4997
2559.2,586.97,6.6575,0.4992
725.5,704.49,6.6387,0.49949
761.21,1010.8,6.6218,0.49962
395.04,1023.7,6.618,0.4997
1345.5,925.77,6.6299,0.49951
699.47,1085.5,6.6176,0.49966
1418.3,1471.2,6.5991,0.49975
2316.7,313.32,6.6776,0.49907
495.46,1086.1,6.616,0.4997
325.47,1337.3,6.6005,0.49985
397.69,1058.7,6.6161,0.49971
495.34,1108.9,6.6147,0.49971
971.36,1043.3,6.6215,0.49961
1763.1,941.06,6.6315,0.49947
337.47,1403.8,6.5968,0.49987
460.28,982.12,6.6211,0.49966
1058,1396.4,6.6017,0.49976
2059.1,447,6.6636,0.4992
2540.6,222.59,6.6897,0.49895
475.67,995.14,6.6205,0.49966
439.89,944.81,6.6229,0.49965
1696.1,620.03,6.6493,0.49934
698.83,1066.4,6.6184,0.49965
986.81,803.18,6.6346,0.4995
2582.3,949.15,6.6362,0.49936
412.28,1415.6,6.5967,0.49986
2599.9,947.32,6.637,0.49935
1137.4,556.84,6.6505,0.49937
671.47,1369.3,6.601,0.49979
344.96,1441,6.5941,0.49989
2516.6,1318.3,6.6154,0.49953
2553,1323.1,6.6155,0.49953
1283.1,1226.3,6.6132,0.49965
454.09,995.73,6.6202,0.49967
358.79,1412.3,6.5962,0.49987
1849.8,1235.5,6.6157,0.49959
525.39,1466.8,6.5937,0.49987
2351.1,407.71,6.6684,0.49914
965.88,977.99,6.6248,0.49958
700.55,1098.7,6.6166,0.49967
1342.1,776.74,6.6378,0.49945
1761.2,1216.5,6.6162,0.49959
1343.4,1402.7,6.6029,0.49972
352.84,1371.1,6.5987,0.49985
992.35,1042.8,6.6211,0.49961
357.25,1394.7,6.5971,0.49987
426.68,1350.2,6.6004,0.49983
975.67,655.2,6.6428,0.49944
1500.1,1393.9,6.6042,0.4997
667.94,586.35,6.6454,0.49945
991.89,1173,6.6144,0.49966
484.65,1067.5,6.6163,0.4997
2587.9,593.31,6.6569,0.4992
1160.3,1465.4,6.5975,0.49978
1598.1,1447.4,6.6008,0.49972
1467.9,1460.1,6.5997,0.49974
951.3,819.63,6.6332,0.49952
2575.2,927.3,6.637,0.49936
328.46,357.83,6.6596,0.49938
927.2,1375.9,6.6018,0.49976
1219,1361.9,6.6043,0.49972
1065.1,1360.3,6.6035,0.49974
2520,1306.5,6.6159,0.49953
2565.5,1277.2,6.618,0.49951
2631.4,302.2,6.681,0.499
1137.2,1116.2,6.6181,0.49962
331.61,1318.9,6.6011,0.49984
461.81,699.53,6.6361,0.49954
486.91,1083.8,6.6154,0.4997
319.85,987.96,6.6189,0.4997
435.6,747.66,6.6332,0.49957
335.72,1073.2,6.6149,0.49973
2686,1241.5,6.6219,0.49946
2586,568.48,6.6583,0.49919
1312.6,1089.5,6.6204,0.49959
959.14,746.64,6.6372,0.49948
311.26,991.46,6.6181,0.49971
1099.1,1436.9,6.5988,0.49977
2532.8,1305.8,6.6155,0.49953
1142,582.66,6.6482,0.49938
1604.4,1433.7,6.6015,0.49972
2565.2,1291.2,6.6166,0.49952
1657.4,1393.5,6.6046,0.49969
432,1400.4,6.5971,0.49985
1374.4,615.77,6.6475,0.49937
1484.4,1395.8,6.6032,0.49971
749.97,733.39,6.6362,0.49951
988.33,1066.6,6.6197,0.49962
991.43,649.08,6.6432,0.49943
500.45,1129.4,6.6131,0.49972
2787.4,673.85,6.6545,0.49919
1064.8,1360.5,6.6032,0.49974
2528.4,1272,6.6176,0.49951
494.1,1070.3,6.616,0.4997
1461.6,1468.5,6.5983,0.49975
1464.8,614.97,6.6481,0.49936
2602,927.98,6.6368,0.49935
1241,1353.5,6.6048,0.49972
361.22,1422.4,6.595,0.49988
2423,342.39,6.6746,0.49908
2557.7,1309.6,6.6158,0.49952
985.49,754.66,6.6364,0.49949
338.4,1395.1,6.5966,0.49987
2562.7,1287,6.617,0.49951
1144.8,577.47,6.6482,0.49938
498.12,1090.6,6.615,0.4997
1681.2,614.5,6.6491,0.49934
946.43,1462.2,6.596,0.49981
1058.3,1393.9,6.6011,0.49976
448.32,658.21,6.6381,0.49953
435.63,697,6.6359,0.49955
2571.1,720.54,6.648,0.49927
466.71,642.38,6.6399,0.49951
1455.8,1459.3,6.5991,0.49975
1603.1,1152.3,6.6178,0.49959
988.88,820.6,6.6328,0.49952
2532.1,1291.3,6.6164,0.49952
998.31,1178.9,6.6134,0.49967
2529.5,1301.1,6.6157,0.49953
435.89,735.09,6.6335,0.49957
438.14,644.78,6.6394,0.49952
433.57,1410.6,6.5962,0.49986
747.51,673.8,6.6395,0.49949
2757.3,372.97,6.6747,0.49903
1579.9,1094.2,6.6212,0.49956
1179.8,1400.8,6.6015,0.49975
2351.3,419.4,6.6671,0.49915
2557.7,1304.7,6.6157,0.49952
427.56,1422.1,6.5951,0.49987
744.61,1055.1,6.6183,0.49965
473.98,734.45,6.6338,0.49956
763.48,1076,6.6176,0.49966
2528.8,1305.1,6.6154,0.49953
999.74,1103.5,6.6174,0.49964
1095.5,1372,6.6023,0.49975
2537.4,1287.7,6.6161,0.49952
1339.6,1088.4,6.6201,0.49959
2515,1322.2,6.6143,0.49954
1587.3,1419.8,6.6023,0.49971
1336.1,1506,6.5949,0.49979
427.6,1338.9,6.6002,0.49983
673.59,1538.4,6.5893,0.49989
2599.6,741.25,6.6469,0.49928
2068.7,449.13,6.6623,0.49921
307.32,548.91,6.6431,0.49951
452.87,978.32,6.6202,0.49967
1144.2,778.02,6.6359,0.49948
2569.4,1272.9,6.6172,0.49951
1106.7,1577,6.5883,0.49986
705.95,675.33,6.6388,0.49949
1552.2,1154.5,6.6174,0.4996
289.61,510.58,6.6454,0.4995
2521,1326.6,6.6138,0.49954
1340.4,1523.8,6.5936,0.4998
350.49,1312,6.601,0.49984
959.16,1408,6.5995,0.49978
2523.7,1318.2,6.6143,0.49954
749.42,704.03,6.6373,0.4995
1155.9,1098.9,6.6184,0.49962
2569.6,1274.4,6.617,0.49951
2565.1,1292.7,6.6159,0.49952
2308.9,1392,6.6082,0.49961
704.78,696.7,6.6379,0.4995
1432.3,1444.9,6.5997,0.49974
526.31,1489,6.5916,0.49988
1525.1,1173.6,6.6163,0.49961
1528.1,769.93,6.6383,0.49943
1829.6,608.94,6.6498,0.49932
1316.7,1156.8,6.6156,0.49963
2768,1303.8,6.6181,0.49947
2315.7,1376.3,6.6092,0.4996
343.45,1406.4,6.595,0.49989
719.96,1410.1,6.5985,0.49981
661.55,1368.3,6.5998,0.49981
498.97,1122.6,6.6127,0.49972
1608.5,1362.4,6.6056,0.49968
2644.6,275.72,6.6825,0.49899
441.04,748.63,6.6324,0.49958
1361.5,1090.1,6.62,0.49959
435.93,1425.1,6.5949,0.49987
359.97,1381.5,6.5966,0.49987
707.79,1337.8,6.6022,0.49978
721.4,994.52,6.6213,0.49963
2798.5,814.23,6.6453,0.49925
2820,939.47,6.6386,0.4993
2799.6,855.49,6.6431,0.49927
723.04,1013.8,6.6199,0.49964
1134.6,1212,6.6118,0.49967
765.22,1107.8,6.6155,0.49967
1581.3,1492.1,6.5967,0.49976
2603,759.85,6.646,0.49928
2547.4,542.98,6.6588,0.49919
654.73,1408.4,6.5974,0.49982
1174.8,914,6.6285,0.49954
281.38,614.19,6.6389,0.49955
362.04,1427.2,6.5942,0.49989
429.37,1352.1,6.5992,0.49984
975.18,1172.4,6.613,0.49967
391.33,1080,6.6139,0.49973
1414.4,628.1,6.6466,0.49938
447.36,624.27,6.6394,0.49952
459.27,1063.2,6.6154,0.49971
2561.7,1290.3,6.6162,0.49952
1334.1,616.84,6.6463,0.49939
924.58,1460.4,6.5954,0.49981
523.89,1386.9,6.5975,0.49984
2541.4,1268.9,6.6168,0.49952
493.91,1388,6.5972,0.49985
465.1,1109.7,6.6128,0.49973
973.9,1024.9,6.621,0.49961
703.63,611.13,6.6424,0.49947
420.94,1333.7,6.5998,0.49984
771.1,1150.1,6.6127,0.49969
945.88,1464.3,6.5953,0.49981
516.52,1386.9,6.5974,0.49984
341.18,1389.9,6.596,0.49988
2589.2,586.03,6.6562,0.4992
470.45,1083.9,6.6142,0.49971
2574.6,718.13,6.6479,0.49927
962.14,1363.8,6.6018,0.49976
460.2,598.82,6.6411,0.49951
508.75,1491.1,6.5906,0.49989
1579.8,1153.3,6.617,0.4996
437.24,1436.7,6.594,0.49988
1705.5,641.58,6.6468,0.49936
461.62,1089.7,6.6139,0.49972
542.18,342,6.6619,0.49933
500.83,1103.1,6.6135,0.49972
1000.8,1132.5,6.6152,0.49965
982.14,720.52,6.6374,0.49948
1763.4,611.47,6.6488,0.49934
352.43,1314.2,6.6004,0.49984
2599.1,720.14,6.6475,0.49927
2556.6,542.55,6.6586,0.49919
2587,1129.4,6.6248,0.49945
1005,699.74,6.6388,0.49947
2800.3,896.84,6.6404,0.49929
999.16,1021,6.6211,0.49961
427.14,1396.3,6.5959,0.49986
2065.4,444.71,6.6622,0.49921
323.55,966.46,6.6184,0.49971
1121,1357.9,6.6026,0.49974
1192.6,1320.5,6.6056,0.49971
327.27,881.66,6.6233,0.49967
1567.6,1338.4,6.6061,0.49968
976.14,1096.3,6.6169,0.49964
715.81,991.77,6.6208,0.49963
476.06,747.84,6.6323,0.49957
306.56,985.26,6.6172,0.49972
2746.6,1386.2,6.6123,0.49952
982.13,750.83,6.636,0.49949
1082.4,1385,6.601,0.49976
928.31,1490.9,6.5939,0.49983
722.21,1131,6.6134,0.49969
985.45,1382.6,6.6003,0.49977
270.88,406.96,6.6531,0.49945
2584.2,540.77,6.6589,0.49918
2746.2,1387.1,6.6122,0.49952
686.22,334.25,6.6637,0.4993
1854.4,1414.7,6.6033,0.49969
2533.5,1282.4,6.6159,0.49953
1833.1,1070.9,6.6226,0.49954
392.32,1022.2,6.6161,0.49971
2768.4,443.13,6.6681,0.49908
435.72,700.43,6.6346,0.49956
669.45,334.45,6.6635,0.49931
1589.4,924.69,6.6295,0.4995
990.42,1100.7,6.6166,0.49964
2768.4,442.79,6.668,0.49908
959.55,740.08,6.6364,0.49949
751.93,1000.6,6.6209,0.49963
2541.4,1270.5,6.6163,0.49952
1211.2,728.02,6.6385,0.49946
435.82,1412,6.5952,0.49987
2800,647.89,6.6548,0.49918
1923.8,594.17,6.6503,0.49931
1290.4,618.44,6.6456,0.49939
1473.9,1413.6,6.6011,0.49973
2592.7,700.39,6.6487,0.49926
2315.5,1372.4,6.6087,0.49961
2547.4,526.11,6.66,0.49918
489.67,1416,6.595,0.49986
1364.2,1156,6.6152,0.49963
992.53,650.63,6.6419,0.49945
364.16,1347.1,6.5982,0.49986
1356.4,617.16,6.646,0.49939
2760.2,1334.5,6.6154,0.4995
579.84,338.73,6.6622,0.49933
479.04,983.11,6.6192,0.49967
1548.9,1352.1,6.6053,0.49969
1341.1,1157.4,6.6151,0.49963
341.99,1306.7,6.6001,0.49985
448.2,637.1,6.6384,0.49953
1152.9,1210,6.6115,0.49967
523.37,1404.3,6.5963,0.49985
1533.4,1095.5,6.6197,0.49958
405.49,1096.5,6.6122,0.49974
1021.9,1401.2,6.5996,0.49977
2347.8,321.49,6.6748,0.49909
502.96,1490.6,6.5902,0.4999
446.4,622.93,6.6393,0.49952
2535.7,1272,6.6163,0.49952
1240,1323.6,6.6052,0.49971
338.41,1397.6,6.5954,0.49988
1027.2,1356.2,6.6025,0.49975
2599.9,737.31,6.6467,0.49928
2703.1,1337.1,6.614,0.49952
354.09,1327.6,6.5993,0.49985
361.91,1313.9,6.5998,0.49984
1227.2,1409.9,6.6003,0.49975
1551.8,1166.8,6.6158,0.49961
762.04,1003.4,6.6204,0.49963
371.84,1410.8,6.5941,0.49989
473.14,638.18,6.6385,0.49952
1329,1419.7,6.5998,0.49975
522.26,1383.5,6.5974,0.49984
1831.9,1087.1,6.6214,0.49955
2019.9,1508.1,6.5975,0.49972
480.77,980.11,6.6193,0.49967
1556.2,1094.8,6.6198,0.49958
1357.8,1448.9,6.5981,0.49976
2766.9,401.71,6.671,0.49906
322.92,994.57,6.617,0.49972
499.42,1065.1,6.615,0.4997
1807.3,1090.1,6.621,0.49955
1503.7,1362.9,6.6044,0.4997
1591.9,811.22,6.6355,0.49945
1475.2,1426.9,6.5996,0.49974
722.83,1118.3,6.6136,0.49969
422,1072.7,6.6133,0.49973
2767.2,1303.4,6.6171,0.49948
2764.4,1360.6,6.6136,0.49951
564.24,347.55,6.6613,0.49933
1578.4,1097,6.6196,0.49958
2731,1200.5,6.6221,0.49945
1910.1,1280.8,6.6113,0.49962
2592,222.82,6.6878,0.49896
2577,541.09,6.6583,0.49919
2585.2,1099.8,6.6261,0.49944
495.84,1481.5,6.5912,0.49989
2748.7,356.37,6.6747,0.49903
710.65,1052.5,6.6167,0.49967
1256.9,608.03,6.6453,0.4994
734.79,730.59,6.6347,0.49952
1864.6,1417.9,6.6029,0.49969
307.98,1056.9,6.6134,0.49975
1563.9,811.56,6.6352,0.49946
2736.6,1160.1,6.6251,0.49943
1584.5,1420.4,6.6009,0.49972
2601.5,700.79,6.6483,0.49926
2586.9,551.71,6.6576,0.49919
676.64,1530.9,6.5883,0.49989
2805.4,889.75,6.6402,0.49929
2578.5,219.21,6.6884,0.49895
2591.4,1149.6,6.623,0.49946
837.54,1519.3,6.5899,0.49987
441.12,713.97,6.6333,0.49957
1163.8,738.4,6.637,0.49947
1157.2,1210.9,6.6106,0.49968
465.25,1084.7,6.6132,0.49972
1330.5,1484.7,6.5948,0.49979
966.03,1352.9,6.6019,0.49976
353.06,1407.9,6.5939,0.49989
1182.7,1314.7,6.6054,0.49972
1465.7,1457.2,6.5974,0.49976
328.13,925.08,6.62,0.49969
588.42,346.01,6.6614,0.49933
1564.6,921.37,6.629,0.49951
1857.8,1419.6,6.602,0.4997
435.5,640.57,6.6376,0.49954
988.49,734.58,6.6361,0.49949
281.19,511.88,6.6442,0.49951
1565,815.39,6.6347,0.49946
1567.9,1465.9,6.5976,0.49975
395.78,1117.4,6.6109,0.49975
2780.1,1297.4,6.6174,0.49948
1317.1,619.16,6.6451,0.4994
455.13,996.89,6.6177,0.49969
464.26,1122.7,6.6111,0.49974
984.99,777.61,6.6337,0.49951
1291.9,1565.9,6.5891,0.49984
336.57,1389,6.5951,0.49989
1532.1,1113.2,6.6183,0.49959
1802.2,1082.8,6.6214,0.49955
461.99,641.8,6.6379,0.49953
622.74,336.57,6.6621,0.49932
2589.6,1107.9,6.6251,0.49945
1556.7,1086.1,6.6199,0.49958
1597.6,783.08,6.6365,0.49944
720.65,1054.8,6.6167,0.49967
355.81,1325.4,6.5989,0.49985
2609.9,763.84,6.6442,0.4993
924.06,1460.1,6.5945,0.49982
1559.1,1097.5,6.6192,0.49958
350.5,1378.2,6.5955,0.49988
991.48,791.93,6.6327,0.49952
2785.8,671.32,6.6522,0.4992
499.37,1084.4,6.6134,0.49972
420.27,1039,6.6147,0.49972
731.01,727.07,6.6349,0.49952
665.65,1408,6.5963,0.49983
2790.2,1241.1,6.6207,0.49945
2571.2,884.65,6.6373,0.49935
299.94,986,6.6165,0.49972
437.62,713.94,6.633,0.49957
2713.1,614.95,6.6542,0.4992
1558.1,1110,6.6184,0.49959
452.99,1468.7,6.5913,0.4999
1009.1,1573.8,6.5866,0.49988
1270.8,620.27,6.6446,0.4994
461.68,1084.2,6.613,0.49973
1002.9,1091.2,6.6164,0.49964
426.1,791.62,6.6286,0.49961
714.62,1116.3,6.6129,0.4997
417.71,1332.3,6.5986,0.49984
1800.3,1146.9,6.6173,0.49958
2572.8,737.94,6.6458,0.49929
2591.9,589.89,6.6548,0.49921
1816.2,597.49,6.6486,0.49933
399.17,700.11,6.633,0.49958
990.2,763.07,6.6343,0.49951
1818,1165.7,6.6168,0.49958
2609.5,949.57,6.6337,0.49938
1294.2,1122.1,6.6164,0.49962
607,1538.4,6.5874,0.49991
359.65,1345.8,6.5974,0.49986
1803.2,1079.9,6.6213,0.49955
333.73,1356.8,6.5968,0.49987
2782.2,454.72,6.6664,0.49909
1824.4,1147,6.6175,0.49958
978.57,1126,6.6143,0.49966
2655.9,1465.8,6.6052,0.49959
2751.3,1363.7,6.6127,0.49952
1844.3,919.48,6.6299,0.49948
328.69,1304.5,6.5996,0.49985
2561.2,576.37,6.6549,0.49922
440.61,729.32,6.6321,0.49958
1940.5,1518.8,6.5953,0.49974
1163.5,1099.1,6.6164,0.49963
1897.8,1428.3,6.6012,0.4997
748.99,992.5,6.6199,0.49964
436.94,1397.6,6.5952,0.49987
346.81,1341.3,6.5975,0.49987
507.43,1488.7,6.5899,0.4999
379.23,1460.8,6.5911,0.49991
304.47,577.06,6.6393,0.49955
348.67,1458.2,6.5907,0.49992
503,1096,6.6127,0.49972
1592.7,815.66,6.6344,0.49946
1022.6,1020.4,6.6197,0.49962
712.22,1067.8,6.6156,0.49968
1175.8,913.19,6.627,0.49955
523.81,1378.8,6.597,0.49984
2810.6,795.84,6.6449,0.49925
1290.4,1565,6.5888,0.49984
2578.9,524.73,6.6592,0.49918
2718.1,1269.9,6.6173,0.49949
2560.4,218.63,6.6878,0.49896
342.72,1077.7,6.6119,0.49975
2603.8,905.71,6.6358,0.49936
654.64,335.7,6.662,0.49932
458.4,355.32,6.6587,0.49937
455.53,983.53,6.618,0.49969
1867.8,1395.9,6.603,0.49969
2811.6,837.84,6.6426,0.49927
513.48,1403.6,6.5953,0.49986
763.25,968.73,6.6213,0.49963
2764.8,1330.8,6.6147,0.4995
759.23,979.02,6.6206,0.49963
465.82,1102.9,6.6118,0.49973
713.99,1085,6.6142,0.49969
300.93,950.8,6.6186,0.49971
1010,1571.3,6.5865,0.49988
491.27,1402,6.5948,0.49986
931.71,1390,6.5986,0.49979
2584.5,222.46,6.687,0.49896
693.32,1521.5,6.5884,0.49989
925.74,1486.4,6.5927,0.49984
2347.1,424.28,6.664,0.49917
2772.1,1298.5,6.6166,0.49948
1589.9,1220.5,6.6121,0.49964
2805.3,847.74,6.6418,0.49928
463.27,626.27,6.6379,0.49953
398.68,674.88,6.6341,0.49957
574.24,461.74,6.6505,0.49942
722.68,1067.8,6.6154,0.49968
2772.2,1329,6.6148,0.4995
460.82,637.11,6.6374,0.49953
2759,1333.4,6.6143,0.49951
968.08,793.39,6.6319,0.49953
2758.5,385.29,6.6713,0.49906
411.53,1062.2,6.6133,0.49973
371.53,1441.6,6.5913,0.49991
361.14,1376.8,6.5955,0.49988
995.79,1446.1,6.595,0.49981
2564.1,1259.6,6.6165,0.49952
357.59,1311.3,6.5988,0.49985
1023.7,1054,6.6177,0.49963
462.14,1071.1,6.6132,0.49972
2812.3,879.82,6.6401,0.49929
512.87,1382.7,6.5964,0.49985
310.77,532.53,6.6421,0.49952
330.81,1315.7,6.5986,0.49986
1593.2,921.46,6.6284,0.49951
2577.5,904.9,6.6353,0.49937
1525.5,1514.5,6.5933,0.49979
968.74,1339.8,6.6015,0.49976
1518.2,1342.9,6.604,0.4997
1330.3,1416.7,6.599,0.49976
2781.1,1220.8,6.621,0.49945
2782.2,1244.7,6.6197,0.49946
468.16,1129,6.6102,0.49975
979.44,1155.4,6.6122,0.49968
366.75,607.86,6.6381,0.49954
1600.3,1382.8,6.6027,0.49971
1042.4,1402.1,6.5979,0.49979
2749.7,1383,6.611,0.49953
767.62,945.59,6.6221,0.49962
2096.7,450.43,6.6604,0.49922
340.06,1403.4,6.5935,0.4999
857.55,1505.1,6.5901,0.49986
1300.4,606.86,6.6446,0.4994
472.86,346.74,6.6589,0.49936
2599.7,1087,6.6255,0.49944
998.62,1171.9,6.611,0.49969
508.39,1123.4,6.6106,0.49974
300.98,983.04,6.616,0.49973
576.14,442.66,6.6519,0.49941
754.03,764.45,6.6321,0.49954
992.06,782.64,6.6322,0.49952
283.62,623.93,6.636,0.49958
2750.5,1363.7,6.6121,0.49952
2775.8,1268.8,6.6183,0.49947
1255.8,1598.2,6.5852,0.49987
1607.5,1108.8,6.618,0.49959
501.13,1118.8,6.6114,0.49973
1342.3,1098.2,6.6172,0.49961
2719,801.84,6.6428,0.49929
335.32,1301.1,6.5994,0.49985
378.17,623.44,6.6368,0.49955
1848.1,1145.4,6.6169,0.49958
465.72,1109.8,6.6109,0.49974
1544.4,816.37,6.6336,0.49947
1539.7,1373.9,6.6023,0.49972
1796.8,1160,6.6161,0.49959
2743.9,1068.6,6.6283,0.4994
1012.1,734.97,6.6349,0.4995
2793.7,1214.7,6.6214,0.49944
2380.3,415.5,6.6646,0.49916
764.6,1123.3,6.613,0.49969
663.34,1409,6.5955,0.49984
2735.2,1132.7,6.625,0.49943
1349.1,606.45,6.6446,0.4994
2409.9,327.29,6.6728,0.4991
747.3,636.37,6.6396,0.49949
1141.5,1158.8,6.6126,0.49966
748.58,661.78,6.638,0.4995
1579.1,1176.8,6.6137,0.49962
1158.8,784.6,6.6331,0.4995
2667.5,1473,6.604,0.4996
2606.8,897.42,6.636,0.49936
512.3,1552.6,6.5844,0.49994
1614.9,1371.8,6.6024,0.49971
2174.5,1513.3,6.5972,0.49971
1369.7,1126.8,6.6153,0.49963
731.79,698.27,6.6356,0.49952
1849.1,1412.3,6.6015,0.4997
507.76,1486.8,6.5894,0.4999
1830.4,1082.8,6.6205,0.49955
1752,600.71,6.6472,0.49935
2592,742.93,6.6442,0.4993
1022.4,1180.4,6.6104,0.49969
1561.3,1123.9,6.6164,0.4996
2593.3,1100.4,6.6249,0.49945
327.66,1265.4,6.6012,0.49984
716.43,1118.2,6.6122,0.4997
327.1,1263.2,6.6012,0.49984
1594.1,1154.6,6.6156,0.49961
2746.1,1046.8,6.6294,0.49939
2775.3,469.53,6.664,0.49911
2724,1234.8,6.6187,0.49948
2589.7,574.63,6.6545,0.49922
1497.1,1344.6,6.6034,0.49971
992.43,1018.1,6.6193,0.49962
2706.6,821.57,6.6414,0.4993
1602.5,1153.4,6.6153,0.49961
2748.5,1387.1,6.6103,0.49954
2756,1360.5,6.6121,0.49952
1312.9,1175.3,6.6126,0.49965
450.87,714.65,6.6321,0.49958
1112.6,1451.5,6.5948,0.49981
1679.5,1388.3,6.6016,0.49971
1527.3,1074.8,6.6191,0.49959
1291.5,1173.2,6.6126,0.49965
1292.5,1495.5,6.5936,0.4998
1415.4,1476,6.5949,0.49978
1339.9,1100.6,6.6167,0.49962
1140.5,1184.4,6.611,0.49968
761.56,992.47,6.6192,0.49964
747.32,962.85,6.6209,0.49963
1161.6,752.18,6.6345,0.49949
2546.1,1320.7,6.6121,0.49956
1748.4,613.81,6.6466,0.49936
2768.4,1290.6,6.6164,0.49949
2748.9,1379.3,6.611,0.49953
1850.8,1082.3,6.6205,0.49955
1626.7,1338.2,6.6044,0.49969
1595,840.09,6.6323,0.49948
808.22,1591.4,6.5835,0.49992
715.22,1086.7,6.6138,0.49969
717.11,1131.3,6.6114,0.49971
2560.7,540.84,6.6568,0.4992
461.36,625.31,6.6375,0.49953
990.27,779.26,6.632,0.49952
365.62,1405.1,6.5933,0.4999
307.21,530.97,6.6419,0.49952
490.93,1375.2,6.5957,0.49986
1589.6,1223.2,6.6112,0.49964
1610.1,1122.3,6.6166,0.4996
1252,621.27,6.6432,0.49942
2346.2,410.39,6.6645,0.49917
472.46,1093.6,6.6119,0.49973
923.25,1492.8,6.5914,0.49985
1121.1,1584.9,6.5853,0.49988
367.41,608.73,6.6375,0.49955
1110.6,1375.2,6.5994,0.49977
2790,1238.4,6.6197,0.49946
1830.6,1213.4,6.6131,0.49961
435.29,1357,6.5967,0.49986
1095.8,1449.4,6.595,0.49981
303.33,634.95,6.6354,0.49958
2342.5,400,6.6653,0.49916
450.14,1397.8,6.5939,0.49988
1610.9,520.61,6.6515,0.49933
1805.6,1118.1,6.6178,0.49958
1005.2,1161.4,6.6114,0.49968
361.73,1455.7,6.5903,0.49992
575.26,455.35,6.6503,0.49942
1159.8,773.86,6.6331,0.4995
1014.4,763.46,6.6328,0.49952
2036.6,469.35,6.658,0.49924
463.11,606.7,6.6387,0.49952
2584.6,1144,6.6223,0.49947
1321.7,925.42,6.626,0.49955
2776.3,431.62,6.6669,0.49909
506.97,1085,6.6121,0.49973
2652.9,276.36,6.6799,0.49901
443.4,1440.7,6.5916,0.4999
756.29,1099.6,6.6131,0.49969
386.76,628.35,6.6363,0.49955
2798.7,1166,6.6238,0.49942
476.27,622.58,6.6377,0.49953
1338.5,1175.7,6.6124,0.49965
1292.7,1175.6,6.6122,0.49966
440.73,694.67,6.633,0.49957
1410,605.07,6.6446,0.49939
619.05,1557.9,6.5849,0.49993
429.37,1419,6.5923,0.49989
2811.8,1102.3,6.6274,0.49939
379.57,607.35,6.6372,0.49955
764.79,1054.8,6.6156,0.49967
1005.6,1120.2,6.6135,0.49967
995.1,1130.2,6.6129,0.49967
284.74,518.53,6.6419,0.49953
2712.9,1029.9,6.6293,0.4994
2511.5,1409.4,6.6064,0.4996
751.04,1029.7,6.6165,0.49967
2805,805.67,6.6432,0.49927
2577.2,713.93,6.6456,0.49929
725.87,1086.8,6.6136,0.49969
508.33,344.53,6.6588,0.49936
1835.4,1142.3,6.6171,0.49958
1567.7,840.31,6.6319,0.49948
1594.6,836.67,6.6321,0.49948
2752.6,1353,6.6121,0.49952
497.19,1440.1,6.5915,0.49989
2593.5,927.66,6.6334,0.49938
2799.4,771.72,6.6449,0.49926
2822.5,775.87,6.6448,0.49925
522.29,1486.1,6.5891,0.49991
472.05,1123.2,6.6096,0.49975
766.83,1099.5,6.6131,0.49969
1906,593.63,6.648,0.49933
453.06,1422.4,6.5922,0.49989
1002.4,1581.1,6.5846,0.49989
1115.4,1390,6.5986,0.49978
2766,1320.1,6.6142,0.4995
1840.8,1449,6.5983,0.49973
1157.2,1121,6.6142,0.49965
2639.8,306.07,6.6765,0.49904
1555.5,1176.6,6.6129,0.49963
366.02,1398.6,6.5934,0.49989
2755.3,1360.5,6.6116,0.49953
485.57,977.66,6.6175,0.49969
1691.1,1387.5,6.6012,0.49971
756.43,1086.7,6.6136,0.49969
1000.9,991.31,6.6199,0.49962
305.48,600.7,6.6366,0.49957
501.15,1095.2,6.6117,0.49973
1324.7,1400.2,6.5989,0.49976
1248,1317.4,6.6036,0.49973
716.9,1099.9,6.6126,0.4997
1830,1216.5,6.6125,0.49962
2780.4,1178.9,6.6226,0.49944
504.96,1400.7,6.5942,0.49987
569.78,340.24,6.6596,0.49935
2445,240.51,6.6823,0.49902
2681.3,1393.3,6.6081,0.49957
622.77,1491.1,6.5892,0.49989
1436.1,605.18,6.6444,0.49939
766.94,1086.6,6.6136,0.49969
646.56,1538.9,6.5859,0.49992
2716.5,1269.2,6.616,0.4995
2737,303.53,6.6777,0.49901
1291.9,1448.3,6.5953,0.49979
1851.9,1078.7,6.6201,0.49955
2365.5,425.77,6.6631,0.49918
1472.4,1444.8,6.5967,0.49976
2574.5,700.63,6.6457,0.49929
1606.3,1373.4,6.6019,0.49971
727.06,1099.7,6.6126,0.4997
447.1,734.92,6.6298,0.4996
523.33,1490.2,6.5881,0.49991
344.65,1080.5,6.6105,0.49976
2362.2,313.9,6.673,0.4991
1348.4,928.8,6.6254,0.49955
758.61,1131,6.6111,0.49971
989.23,672.22,6.638,0.49948
1336.9,1199.1,6.6107,0.49966
2729.3,1199.3,6.62,0.49947
1583.8,1488.5,6.594,0.49978
1782.5,1147.9,6.6162,0.49959
1539.1,1155.8,6.6145,0.49962
1014.3,1436.9,6.5949,0.49981
779.36,1336.6,6.5997,0.49979
1001.8,1109.7,6.6138,0.49967
2712.4,1295.4,6.6149,0.49951
2751.9,351.02,6.6728,0.49905
2797.6,718.34,6.6476,0.49924
2675.8,1239.1,6.6174,0.4995
756.09,1067.8,6.6144,0.49968
1084.6,1589.3,6.584,0.49989
1609.9,1096.5,6.6176,0.49959
994.9,1031,6.6178,0.49963
430.45,1108.5,6.6094,0.49976
2709.1,1300.7,6.6139,0.49952
529.34,1479.9,6.5894,0.4999
2411.4,327.36,6.6719,0.4991
765.9,995.04,6.6184,0.49965
1798.4,599.61,6.6466,0.49935
2813.2,766.18,6.6453,0.49925
2764.2,421.31,6.6671,0.49909
2438.8,334.82,6.6713,0.4991
1814.5,1189.2,6.6137,0.49961
809.24,394.94,6.6566,0.49935
751.82,612.49,6.6397,0.49948
1002.8,520.11,6.648,0.4994
348.89,410.49,6.6506,0.49945
2771.1,431.28,6.6663,0.4991
1617.8,816,6.633,0.49947
382.71,928.53,6.6187,0.49969
1552.8,1177.8,6.6128,0.49963
980.22,1012.6,6.6186,0.49963
1326.2,1098.7,6.6155,0.49963
516.52,1376.8,6.5955,0.49986
2773,1286.8,6.6158,0.49949
2604.5,922.78,6.6338,0.49938
1298,1231.3,6.6081,0.49969
1024.8,1179.3,6.6096,0.4997
2797.7,717.54,6.6475,0.49924
1607.9,1084.2,6.6182,0.49959
1371.8,1230.1,6.6085,0.49968
1625.2,770.38,6.6355,0.49945
490.15,1334.9,6.5972,0.49985
1795.4,1161.9,6.6149,0.4996
2186.7,1566.6,6.5918,0.49975
1348,819.29,6.6312,0.4995
2563.7,1145.4,6.6208,0.49949
1011.7,656.19,6.6385,0.49947
382.1,1441.9,6.5899,0.49992
2810.2,918.13,6.6362,0.49932
1677.8,1497.2,6.5942,0.49977
2820.5,1020.9,6.6312,0.49936
2801.7,922.84,6.6361,0.49933
2510.3,232.18,6.6839,0.499
616.71,1538.7,6.5854,0.49992
1144.7,1133.3,6.6129,0.49966
2747.2,348.16,6.6731,0.49905
1594,1115.2,6.6166,0.4996
304.81,619.79,6.6349,0.49958
479.74,637.52,6.636,0.49954
1793.8,1164.6,6.6148,0.4996
2174.4,1490.1,6.5974,0.49971
1609.1,1415.7,6.5985,0.49974
500.65,1463.4,6.5894,0.49991
489.52,984.27,6.6166,0.49969
732.18,720.22,6.6331,0.49954
2785.8,1215.3,6.6199,0.49946
259.9,382.26,6.6516,0.49946
1733.8,601.82,6.6458,0.49936
341.02,392.22,6.6524,0.49944
467.41,1024.8,6.6139,0.49972
304.99,897.99,6.6188,0.49971
2707.5,1458.4,6.6039,0.4996
447.04,1336.6,6.5966,0.49986
1445.8,1492.7,6.5929,0.4998
1336.7,1169.3,6.6118,0.49966
1288.2,1078.4,6.6165,0.49962
1238.1,621.73,6.6421,0.49943
2559.6,1123.3,6.6217,0.49948
2780.1,630.75,6.6524,0.4992
312.23,877.39,6.62,0.4997
1607.7,1094,6.6174,0.49959
2602.6,717.42,6.6451,0.49929
759.38,1118.4,6.6113,0.49971
2651.3,1382.3,6.6081,0.49957
2710.5,1297.4,6.6143,0.49952
449.64,356.44,6.6566,0.49939
2817.9,948.72,6.6348,0.49933
1512.1,1355.5,6.602,0.49972
988.21,1392.1,6.5967,0.4998
858.24,1502.8,6.5889,0.49987
344.71,1337.9,6.5957,0.49988
1318.3,1169.7,6.6116,0.49966
1547.8,1195.9,6.6115,0.49964
1121.3,1591,6.5841,0.49989
1495.1,1364,6.601,0.49973
704.94,643,6.6374,0.49951
491.85,1347.6,6.5962,0.49985
756.82,1054.9,6.6146,0.49968
2341.5,1319.6,6.6087,0.4996
1161.2,732.27,6.6345,0.49949
2768,1287,6.6154,0.4995
2131.8,438.69,6.6596,0.49922
408.97,974.51,6.6161,0.49971
1161.5,1156.6,6.6116,0.49967
431.63,1466.9,6.5889,0.49992
2760.2,1320.1,6.6133,0.49951
684.1,342.98,6.6599,0.49933
2178,1491.6,6.5969,0.49971
723.04,980.04,6.6183,0.49965
1392.3,605.92,6.6435,0.4994
431.76,1362.1,6.5949,0.49987
332.69,1004.6,6.6133,0.49974
343,392.11,6.6521,0.49944
2759.2,392.76,6.6688,0.49908
1367.6,778.94,6.6335,0.49948
2716.9,935.95,6.6337,0.49936
2795.1,1198.6,6.6207,0.49945
1505.4,724.46,6.6372,0.49945
2709,630.93,6.6507,0.49923
285.42,620.8,6.6345,0.49959
746.76,641.97,6.6376,0.4995
372.43,1407.4,6.5915,0.49991
1221.2,1412.2,6.5965,0.49978
2776.5,418.76,6.6669,0.49909
2222.7,392.07,6.6642,0.49918
437.96,626.88,6.6359,0.49955
2553.4,1285.7,6.6123,0.49955
1258.8,1437.3,6.5953,0.49979
450.22,608.77,6.6372,0.49954
2590.6,539.16,6.6558,0.49921
1536,1226.9,6.609,0.49966
1291.7,1170.3,6.6112,0.49966
465.11,980.88,6.6158,0.4997
375.6,360.99,6.6551,0.49941
381.22,606.49,6.6361,0.49956
1728.4,615.87,6.6449,0.49937
289.32,581.49,6.6366,0.49957
715.56,691.11,6.6343,0.49953
1479.2,616.37,6.6434,0.4994
480.15,625.5,6.6363,0.49954
2802.3,879.19,6.638,0.49931
1574.6,1194.8,6.6114,0.49964
788.98,1525.6,6.5869,0.49989
1844.8,597.95,6.6462,0.49935
2216.3,397.33,6.6636,0.49919
1460.8,1444,6.5958,0.49977
1427.6,1445.5,6.5955,0.49978
1562.6,1442.1,6.5962,0.49976
1511.1,1392.5,6.5991,0.49974
466.08,621.88,6.6365,0.49954
2821,930.64,6.6356,0.49933
1161.8,746.12,6.6333,0.4995
2722.5,1234,6.6172,0.49949
987.75,802.84,6.6295,0.49954
1568.1,1356.8,6.6015,0.49972
312.31,1041.4,6.6119,0.49976
713.87,643.7,6.6368,0.49951
577.44,446.25,6.6497,0.49942
573.51,552.12,6.6417,0.49949
1567.4,594.32,6.6454,0.49938
997.89,1087.8,6.614,0.49966
2768.3,1315.9,6.613,0.49951
2579.4,881.9,6.6345,0.49938
2801.3,796.99,6.6424,0.49928
2799.6,744.7,6.6453,0.49925
752.65,667.12,6.636,0.49951
1324.2,844.31,6.6291,0.49952
623.54,1551.2,6.5836,0.49994
2765.8,1316.2,6.6133,0.49951
1359.2,1198.3,6.61,0.49967
2760.1,1346.9,6.611,0.49953
997.87,1158.8,6.6101,0.49969
638.51,1560.3,6.5834,0.49994
287.81,578.99,6.6366,0.49957
768.64,1067.8,6.6136,0.49969
2737.6,1133.8,6.6228,0.49944
1266.7,1350.7,6.6002,0.49975
1628.8,566.8,6.6472,0.49936
1023.3,1424.7,6.5944,0.49982
2522.1,1320,6.6098,0.49958
2671,1478.1,6.602,0.49962
491.94,997.61,6.6152,0.4997
1832.1,1078.8,6.6189,0.49957
2691.4,1228.9,6.6173,0.49949
1582.5,1453.2,6.5953,0.49977
1448.7,1490.2,6.5925,0.4998
255.51,398.97,6.6499,0.49947
474.88,1105.9,6.609,0.49976
1248.9,1592.4,6.5841,0.49988
969.33,1391.5,6.5965,0.4998
444.73,1414.2,6.5919,0.49989
1603.9,816.97,6.6317,0.49948
1199.2,1354.4,6.6001,0.49976
770.86,1118.2,6.6108,0.49971
2808.8,698.09,6.6481,0.49923
2772.3,1263.3,6.6164,0.49949
1549,837.56,6.6305,0.49949
305.36,541.85,6.6392,0.49955
1271.3,1579.2,6.5852,0.49987
1351.8,925.23,6.6247,0.49955
2802.1,837.88,6.64,0.4993
2535.7,223.07,6.6842,0.49899
961.27,1428.9,6.5941,0.49982
1007.1,1015.8,6.6174,0.49964
469.22,638.28,6.6351,0.49955
476.95,637.58,6.6353,0.49955
2756.9,1348.6,6.6111,0.49953
498.94,984.44,6.6159,0.4997
2653.7,1458.5,6.6031,0.49961
1671.2,1062.7,6.619,0.49958
1553.7,1199.3,6.6103,0.49965
700.68,1484.8,6.589,0.49989
1752.8,615.99,6.6448,0.49937
485.73,346.22,6.657,0.49938
1029.7,1089.7,6.6135,0.49967
403.27,983.22,6.6148,0.49972
472.48,962.53,6.6169,0.49969
2836.9,750.85,6.645,0.49925
1858.2,1088.2,6.618,0.49957
497.57,1374.1,6.5948,0.49986
1817,1158.6,6.6143,0.4996
420.77,959.13,6.6165,0.4997
2771.8,451.96,6.6638,0.49912
1104.6,1360.7,6.5986,0.49978
2237.2,381.44,6.6649,0.49917
2703,1318.6,6.6121,0.49953
1623.5,1392.8,6.5995,0.49973
2527.4,224.71,6.6837,0.499
1345.5,1179.3,6.6104,0.49967
580.88,347.53,6.6581,0.49936
961.84,631.1,6.6392,0.49947
984.49,1083.4,6.6139,0.49967
1812.6,1191.8,6.6124,0.49962
1189.2,1105.6,6.6135,0.49965
505.1,1380.7,6.5942,0.49987
2812.5,935.48,6.6347,0.49933
2367.2,419.28,6.6625,0.49918
2600.4,884.06,6.6347,0.49937
733.74,707.8,6.633,0.49954
451.36,725.98,6.63,0.4996
771.83,1130.7,6.61,0.49971
2562.8,1146.5,6.6198,0.49949
1180.3,1451.6,6.5932,0.49981
434.07,1131,6.6077,0.49977
1721,642.92,6.6428,0.49939
2348.5,422.33,6.6622,0.49919
702.98,669.97,6.6354,0.49952
1549.5,812.88,6.6318,0.49949
1818.4,612.12,6.6452,0.49936
1661.4,723.63,6.6375,0.49943
808.52,1574.2,6.5831,0.49992
1303.5,1221.9,6.6082,0.49969
2761,374.73,6.6699,0.49907
1009.1,1149.1,6.6104,0.49969
781.02,1337.5,6.5985,0.4998
998.89,1117.4,6.612,0.49968
2803.1,709.83,6.6471,0.49924
1568.9,546.87,6.6482,0.49936
472.56,1067.5,6.6108,0.49974
1577.7,1452.8,6.5955,0.49977
2818.7,955.61,6.6338,0.49934
2689.5,1361.4,6.6088,0.49956
753.18,587.19,6.6406,0.49948
2548.5,1323.6,6.6096,0.49958
1020.2,793.01,6.6294,0.49954
430.45,1313.3,6.597,0.49986
2572.6,1081,6.6233,0.49946
2667.7,1418.3,6.605,0.49959
302.7,605.8,6.635,0.49958
1172.7,1073.8,6.615,0.49964
2078,460.46,6.6572,0.49925
349.09,1282.6,6.598,0.49986
1838.5,1108.8,6.6172,0.49958
2809.4,1137.2,6.6237,0.49942
488.23,962.77,6.6169,0.49969
2557.6,1094.3,6.6228,0.49947
2558.1,1267.2,6.6128,0.49955
2769.4,373.26,6.6697,0.49907
2556.8,1139.3,6.6206,0.49949
2785.8,1255.9,6.6168,0.49948
401.24,644.6,6.6335,0.49957
1258.8,1439.6,6.5947,0.4998
1304.8,1156.1,6.6111,0.49966
732.8,690.97,6.6339,0.49953
2591.7,557.89,6.6535,0.49923
1905.2,1414.2,6.5992,0.49971
507.28,1401.4,6.5928,0.49988
532.66,1355.2,6.5953,0.49986
2132.9,437.66,6.6589,0.49923
2745.2,333.69,6.6734,0.49905
1610.8,1224.7,6.6089,0.49966
2682.5,1416.1,6.6053,0.49959
1988.7,1214.7,6.612,0.49961
2773.4,1312.5,6.6132,0.49951
689.23,1414.1,6.5927,0.49986
795.04,1483.3,6.5893,0.49988
794.14,1483.7,6.5893,0.49988
1004.9,1333.5,6.5995,0.49978
2807.2,874.08,6.6377,0.49931
501.34,944.9,6.6177,0.49968
2804.4,1180.5,6.6212,0.49944
700.45,1525.3,6.5859,0.49991
1135.6,1353.2,6.5997,0.49977
733.92,605.2,6.6391,0.49949
2772.8,1282.9,6.6149,0.4995
2782,1206.4,6.6193,0.49946
2757.2,1346.3,6.6109,0.49953
706.36,333.95,6.6598,0.49933
377.34,675.96,6.6312,0.4996
2789.8,1239.3,6.6175,0.49948
1120.3,1589.2,6.5833,0.4999
1416.3,618.19,6.6423,0.49941
2582,884.23,6.6343,0.49938
1328.5,607.06,6.6423,0.49942
326.76,920.97,6.617,0.49972
2806.9,832.25,6.64,0.49929
2804.4,736.84,6.6453,0.49925
2820.2,956.82,6.6331,0.49935
2563.3,685.93,6.6453,0.49929
2096.8,449.35,6.6576,0.49924
2802.4,838.84,6.6395,0.4993
1491,624.64,6.6419,0.49941
2779.8,1236.5,6.6177,0.49948
386.04,621.56,6.6348,0.49957
517.62,352.33,6.6567,0.49938
2775.2,1311.4,6.6129,0.49951
2751.6,1348.2,6.6106,0.49954
1352.3,815.98,6.6302,0.49951
2635.1,1416.1,6.6049,0.4996
374.82,714.21,6.6295,0.49961
423.2,970.55,6.6151,0.49971
1619,925.1,6.6255,0.49953
2806.3,789.47,6.6422,0.49928
2530.3,1263.1,6.6125,0.49955
718.56,708.24,6.6325,0.49954
1253.2,740.44,6.6335,0.49949
2806.2,790.73,6.6421,0.49928
334.41,895.2,6.6182,0.49971
2803.4,771.66,6.6434,0.49927
391.6,705.8,6.6296,0.49961
807.67,1573.2,6.5828,0.49993
736.37,350.34,6.6587,0.49934
1482.7,1066.5,6.6173,0.4996
501.54,983.58,6.6155,0.4997
1353.1,844.07,6.6286,0.49952
1823.8,1168.4,6.6131,0.49961
1914.1,1290.9,6.6073,0.49965
2715.3,626.41,6.6505,0.49923
2761.7,374.17,6.6696,0.49907
469.02,620.71,6.6355,0.49955
304.34,878.65,6.619,0.4997
2640.6,303.23,6.6751,0.49905
1088.7,1587.1,6.5828,0.4999
670.25,1403.1,6.5936,0.49985
2444.3,238.31,6.6812,0.49903
2577.6,922.66,6.6321,0.4994
1239.6,1356.1,6.5996,0.49976
819.46,384.29,6.6557,0.49935
489.99,956.7,6.6164,0.4997
820.21,1600,6.5807,0.49994
825.68,1591.8,6.581,0.49994
2565.5,560.09,6.6528,0.49924
1169.9,1386.6,6.5973,0.49978
1125.8,1570.7,6.5841,0.49989
2757.1,366.32,6.6703,0.49907
2786.9,1203.3,6.6193,0.49946
1440,1443.6,6.5949,0.49978
1184.7,1214.4,6.607,0.4997
1550.9,841.23,6.6297,0.4995
2547.7,1301.8,6.6103,0.49957
2782.1,1279,6.6147,0.4995
1494.8,1374.5,6.5992,0.49974
1084.1,1381.2,6.5971,0.49979
2782.1,1204.8,6.6192,0.49946
1543.6,1161.9,6.6126,0.49964
680.71,1393.4,6.5936,0.49985
2519.9,1298.4,6.6102,0.49957
289.43,576.8,6.636,0.49958
504.79,1072.9,6.6113,0.49973
2702.6,1325.1,6.6114,0.49954
1249.5,638.2,6.6402,0.49944
1579.4,791.46,6.6321,0.49948
483.3,1332.1,6.5963,0.49985
1512.6,1392.8,6.5982,0.49975
471.83,355.27,6.6557,0.49939
2577.6,594.82,6.6505,0.49925
948.12,1473.6,6.5905,0.49985
1015.1,672.49,6.636,0.49949
986.12,1112.9,6.6117,0.49968
1023.4,1421.9,6.5939,0.49982
2582.8,873.9,6.6345,0.49938
2759.9,1316.4,6.6124,0.49952
1572.9,588.72,6.6444,0.49938
477.91,625.89,6.6353,0.49955
495.98,1399.2,6.5924,0.49988
976.11,1353.6,6.5978,0.49979
378.1,653.14,6.6322,0.49959
2782.5,430.41,6.6646,0.49911
2682.9,1416,6.6049,0.49959
2605.5,900.98,6.6335,0.49938
717.7,705.21,6.6325,0.49954
1155.5,567.72,6.6435,0.49942
444,1463,6.5882,0.49992
497.52,1401.2,6.5923,0.49988
1022.2,842.25,6.6268,0.49956
1785.3,1081.6,6.6178,0.49958
1242.7,632.71,6.6403,0.49944
527.26,1374.3,6.5944,0.49986
1715.6,603.27,6.6441,0.49938
395.88,350.85,6.6549,0.49941
611.73,337.61,6.6583,0.49935
2586.5,1085.7,6.623,0.49946
2525.3,1280.6,6.6112,0.49957
465.19,347.27,6.656,0.49939
1356.2,786.63,6.6313,0.4995
446.21,612.42,6.6362,0.49955
1556.8,1454.4,6.5944,0.49978
2666.1,1418.3,6.6045,0.4996
1282.3,1447.7,6.5941,0.4998
1621.4,836.83,6.6301,0.49949
2601.7,681.57,6.646,0.49928
2606.9,697.63,6.6447,0.49929
1166.8,1223.3,6.6071,0.49971
1826.3,1102.5,6.6167,0.49958
522.22,343.7,6.6568,0.49938
1629,791.26,6.6322,0.49948
2042.7,780.14,6.6356,0.49942
1583,1451.4,6.5949,0.49977
806.48,1532.5,6.5855,0.4999
1005.9,1010.3,6.6168,0.49964
2367.1,410.29,6.6625,0.49918
780.03,1099.5,6.611,0.49971
1966.4,715.62,6.6386,0.4994
1609.8,1369.3,6.6003,0.49973
572.98,554,6.6406,0.4995
316.33,523.95,6.6401,0.49954
504.02,1483.3,6.587,0.49992
792.65,1152,6.6079,0.49973
2606.8,881.44,6.6338,0.49938
1011.2,818.49,6.6272,0.49956
1000.3,1146,6.6098,0.4997
2809.9,1076.6,6.6264,0.4994
1497.3,1359,6.6,0.49974
702.33,1394.2,6.5939,0.49985
1604.4,1163.9,6.612,0.49964
1602.2,1121.8,6.6143,0.49962
785.21,1367.5,6.596,0.49982
1315.6,1199,6.6087,0.49968
403.06,628.03,6.6339,0.49957
494.19,354.02,6.6558,0.49939
986.43,1141.9,6.6099,0.4997
2780.4,1278.2,6.6147,0.4995
1064.5,1451.1,6.5923,0.49983
1622.1,812.55,6.6314,0.49948
629.55,1522.9,6.5853,0.49992
730.69,625.74,6.6372,0.49951
1596.8,1337.2,6.602,0.49972
1364.6,1383.4,6.5977,0.49976
1222.9,746.24,6.633,0.4995
970.57,1333.3,6.5989,0.49979
2733.2,1165.1,6.62,0.49947
2782.5,635.32,6.6505,0.49922
1687.6,1484.8,6.5931,0.49978
477.77,1146.7,6.606,0.49978
