554.74,1369,6.8694,0.49792
850.46,454.08,6.8152,0.49822
1358.3,380.29,6.8064,0.49823
2500.6,1035.9,6.7638,0.49847
1658.8,298.34,6.7879,0.49833
1531.7,326.44,6.7808,0.49839
1721.4,292.79,6.7805,0.49838
1354.9,320.04,6.7757,0.49844
1583,325.57,6.7744,0.49843
1605.7,336.85,6.7682,0.49848
1950.5,212.74,6.7803,0.49835
1361.9,316.49,6.7671,0.4985
1997.7,213.48,6.7765,0.49838
1635.4,328.95,6.7642,0.4985
1472.5,235.96,6.773,0.49844
2005.4,209.81,6.7752,0.49839
2044.7,194.78,6.7725,0.4984
602.47,380.22,6.7478,0.49871
1858.4,275.39,6.7615,0.4985
1670.5,349.1,6.7537,0.49857
1860.7,297.66,6.7591,0.49852
1728.2,360.04,6.7511,0.49859
587.37,386.91,6.7431,0.49874
2087.8,197.88,6.7682,0.49842
2095.5,212.1,6.7658,0.49844
1871.8,294.06,6.7562,0.49854
1880.3,276.97,6.7576,0.49852
1720.5,355.76,6.7495,0.4986
2558.8,1130.9,6.7066,0.49886
1877.5,294.68,6.7554,0.49854
617.2,395.42,6.7386,0.49877
1899.9,297.18,6.7524,0.49856
1745.3,345.81,6.746,0.49862
2134,209.26,6.761,0.49847
1742.5,367.72,6.742,0.49865
1918.9,311.28,6.7465,0.4986
405.47,402.91,6.7292,0.49887
1170.1,1242.6,6.683,0.49915
2200.6,218.79,6.7514,0.49853
547.38,433.54,6.7179,0.49893
347.07,381.46,6.7178,0.49896
2050,304.77,6.733,0.49868
2057.1,309.22,6.7317,0.49869
341.19,424.57,6.7097,0.49902
1819.2,434.95,6.7174,0.49882
329.24,368.48,6.7138,0.49899
1904.4,403.7,6.7168,0.49882
2422.6,607.17,6.7024,0.49888
2544,847.76,6.6891,0.49897
1021.7,1383.9,6.6478,0.49942
455.02,483.54,6.6964,0.49909
514.08,499.29,6.6953,0.49909
514.62,509.1,6.6929,0.49911
2601.3,928.06,6.6794,0.49904
291.01,422.34,6.6941,0.49914
424.49,1510.6,6.6281,0.49963
2618.8,985.17,6.673,0.49908
2621.7,1020.8,6.6699,0.49911
2601.7,888.02,6.6765,0.49906
295.84,464.83,6.6863,0.49919
2594.5,871.49,6.6763,0.49906
485.74,403.84,6.693,0.49911
290.95,439.08,6.6872,0.49919
2618.4,1008.5,6.6682,0.49912
2605.2,996.76,6.6685,0.49912
2615.3,978.4,6.6695,0.49911
277.52,433.11,6.6862,0.49919
2569.6,981.77,6.668,0.49912
2556.1,896.32,6.6725,0.49909
451.71,511.87,6.6821,0.4992
288.16,443.49,6.6847,0.4992
444.37,1582.5,6.6169,0.49971
2557.5,998.38,6.666,0.49914
1563.1,981.6,6.6605,0.49927
2560,1036.3,6.6633,0.49916
2056.5,414.18,6.6975,0.49894
1545.6,985.67,6.659,0.49928
406.04,1533,6.6184,0.4997
2390.3,235.1,6.7166,0.49876
1983.5,505.48,6.6893,0.49901
2605.2,1046.7,6.6618,0.49917
2617.1,1047.8,6.6616,0.49917
440.78,508.38,6.6792,0.49922
446.49,412.9,6.6865,0.49916
729.93,658.84,6.6712,0.49925
1603.5,1005.1,6.6567,0.49929
1541.7,1167.7,6.6474,0.49937
441.82,413.24,6.6861,0.49916
434.61,1590.8,6.6129,0.49974
2395.7,237.67,6.7151,0.49877
1541,999.54,6.6562,0.4993
1393.4,437.73,6.69,0.49905
445.39,1579.7,6.6136,0.49973
285.76,486.94,6.6779,0.49926
1553.6,1174.7,6.6462,0.49938
1586,1007.6,6.6554,0.4993
460.65,527.73,6.6762,0.49924
441.68,520.67,6.6765,0.49924
1598.4,992.42,6.6556,0.4993
444.67,1558.4,6.614,0.49973
1595.3,1187.3,6.6446,0.49939
1535.2,1180.3,6.6446,0.49939
1594.4,1190.5,6.6442,0.49939
1583.2,1016.6,6.6537,0.49932
2567.6,1041,6.6587,0.49919
474.35,1588.2,6.6113,0.49974
428.24,1595.3,6.6101,0.49976
1749.5,566.53,6.6807,0.49909
1388.5,446.96,6.6865,0.49907
1525,357.8,6.6954,0.49899
1729.3,464.55,6.6867,0.49905
1575.6,1194.1,6.6425,0.4994
1574,1193.5,6.6421,0.49941
431.3,423.96,6.681,0.4992
2611.2,1036.8,6.6572,0.4992
1530.4,997.2,6.6521,0.49933
1729.2,470.24,6.6851,0.49906
1749.4,568.7,6.6784,0.49911
266.93,467.64,6.6741,0.49929
446.22,1553.1,6.6113,0.49975
2339.8,1501.5,6.6264,0.49947
1529.3,1002.7,6.6511,0.49934
459.31,534.04,6.6719,0.49927
429.91,1587.9,6.608,0.49977
636.11,1588.6,6.6102,0.49973
436.47,1554,6.6105,0.49975
438.51,538.3,6.6704,0.49928
2589,1055.3,6.655,0.49922
2098.5,842.57,6.6619,0.49921
2099.2,1245.2,6.6396,0.49939
449.68,531.15,6.6701,0.49928
283.27,505.24,6.67,0.49931
2746.5,900.44,6.664,0.49912
1540.2,1027.1,6.6482,0.49936
1581.4,1187,6.6397,0.49942
2746.4,906.82,6.6634,0.49913
2761.8,891.65,6.6642,0.49912
2382,1138.8,6.6465,0.49931
2117.8,838.97,6.6612,0.49922
430.89,1569.6,6.6075,0.49978
1534.3,1183,6.639,0.49943
2608.9,1088.7,6.6513,0.49924
1539,1376.3,6.6274,0.49952
271.25,1060.6,6.6365,0.49958
1552.6,1378.7,6.6272,0.49952
1372,533.98,6.6753,0.49916
2548.2,1082,6.6502,0.49926
2730.9,1518.9,6.6258,0.49942
1517.1,1184.3,6.6378,0.49944
2605.3,1132,6.6477,0.49927
2763.3,902.7,6.6624,0.49913
423.23,1556.7,6.6072,0.49978
405.52,1557.2,6.6069,0.49979
2551.9,927.92,6.6581,0.4992
2547.1,1055.1,6.651,0.49925
424.79,1556.1,6.6066,0.49978
1582,1030.9,6.6457,0.49938
1546,1384.7,6.6252,0.49954
2377.6,1143.6,6.6442,0.49933
261.87,482.04,6.6685,0.49933
406.57,590.47,6.6631,0.49934
2754.4,1070.7,6.6521,0.49921
2578.7,933.42,6.6573,0.4992
1544.6,1024.4,6.6452,0.49938
1574.1,1182,6.6368,0.49945
1027.6,1574.1,6.6087,0.49971
441.32,1595.5,6.6031,0.49981
423.53,1560.3,6.6057,0.49979
1529.8,1384.5,6.6244,0.49955
439.81,541.9,6.6656,0.49932
1501,1522.7,6.6149,0.49962
1500.2,1378.3,6.6246,0.49955
1390,546.21,6.672,0.49918
1528.4,1174,6.6365,0.49945
289.23,531.62,6.6642,0.49936
669.72,1568.5,6.6065,0.49975
1526.3,1196.6,6.6351,0.49946
2769.6,1063.2,6.6519,0.49921
1810.8,518.25,6.6763,0.49912
2606.6,724.94,6.6682,0.49911
1518.8,1040.5,6.6436,0.4994
614.51,918.28,6.6448,0.49946
435.96,1550.8,6.6057,0.49979
1486.1,1521.3,6.6144,0.49963
1381.8,564.1,6.6706,0.49919
2709.4,1530.4,6.6226,0.49945
487.27,1565.6,6.6048,0.49979
374.92,1501.3,6.6086,0.49978
438.82,1609.1,6.6007,0.49983
1569.2,1205.3,6.6342,0.49947
1511.7,1174.2,6.6356,0.49946
1523.1,1212.3,6.6334,0.49948
2549.8,967.85,6.6534,0.49923
2769.6,1059.1,6.6514,0.49921
2378.9,969.84,6.6523,0.49926
2300.2,1519,6.6184,0.49953
2065.9,1262.6,6.6333,0.49944
451.92,1563,6.6042,0.4998
1509.4,1198,6.6337,0.49947
2555.9,1099,6.646,0.49929
1532.7,1199.2,6.6334,0.49947
2591.5,913.68,6.6563,0.4992
2352.2,1074.4,6.6455,0.49932
416.67,1548,6.6047,0.4998
452.79,1576.9,6.6028,0.49981
2077.9,1124.6,6.6407,0.49938
614.9,954.35,6.6414,0.49949
1553.2,1202.7,6.6334,0.49947
488.35,1578.3,6.6028,0.4998
1373.3,548.09,6.67,0.4992
2112.7,839.82,6.6563,0.49925
2078.5,871.27,6.6544,0.49927
1531.6,887.98,6.6503,0.49934
2593.6,925.26,6.6551,0.49921
419.49,1564.1,6.6028,0.49981
2710.9,1528.6,6.621,0.49946
2006.9,1566.8,6.6118,0.49961
443.56,1587.3,6.6014,0.49982
410.06,1574.1,6.602,0.49982
453.47,1554.5,6.6036,0.4998
434.98,1499.8,6.6073,0.49978
2015.8,1490.4,6.6175,0.49956
2474.2,1392.6,6.6272,0.49945
1521.4,1197.9,6.6327,0.49948
2603.5,960.66,6.6528,0.49923
2738.8,1083.7,6.648,0.49925
1575.6,1058.5,6.6406,0.49941
1564,1223,6.6314,0.49949
980.36,1554.2,6.6069,0.49972
2119.9,862.99,6.6542,0.49927
1522.3,1184.9,6.6333,0.49948
1553,1186.3,6.6334,0.49947
1488,1496.5,6.6139,0.49963
2774.9,901.23,6.6581,0.49916
262.16,486.59,6.6643,0.49936
1538.1,1373.3,6.6222,0.49956
2607.1,936.52,6.6535,0.49922
1507.7,1183.4,6.633,0.49948
1481.3,1510.2,6.6125,0.49964
2333.4,995.38,6.6484,0.4993
590.27,1273.4,6.6221,0.49964
1475.7,1385,6.6205,0.49958
559.9,1520,6.6062,0.49977
2098,1260.3,6.6315,0.49945
472.71,1224,6.6237,0.49964
2601.5,693.1,6.6668,0.49912
1495.3,1354.9,6.6222,0.49956
2564.1,937.73,6.6526,0.49924
1506.7,1179.7,6.6324,0.49948
424.97,1500.3,6.606,0.49979
1475.1,1383.6,6.6203,0.49958
1529.9,896.54,6.6479,0.49936
455.53,1589.3,6.5997,0.49983
289.75,538.56,6.6601,0.49939
287.94,556.93,6.6586,0.4994
1572.1,1212.3,6.6304,0.49949
1529.5,1187,6.6316,0.49949
2492.1,323.54,6.6924,0.49893
1547.1,1224.6,6.6298,0.4995
445.33,1552.3,6.6023,0.49981
490.67,1570.6,6.6011,0.49982
2594.1,1183.2,6.6389,0.49934
2070.3,1155.5,6.6364,0.49941
1490.8,1369.7,6.6207,0.49958
1561.8,901,6.6474,0.49936
2459.4,773.35,6.6599,0.49919
1489.1,1513.3,6.6109,0.49965
2769.8,917,6.6559,0.49918
425.83,1486.8,6.6061,0.49979
2765.3,1081.7,6.6463,0.49925
1519.2,1184.6,6.6312,0.49949
2734,929.9,6.654,0.4992
2596.5,938.51,6.6518,0.49924
482.24,1602.1,6.5979,0.49984
2539,1105.3,6.6421,0.49932
440.98,1478,6.6064,0.49978
608.24,1279.3,6.6204,0.49965
1547.1,1213.5,6.6296,0.4995
1514.8,895.84,6.6469,0.49937
2087.9,1129,6.6374,0.4994
2601.7,1104.5,6.6424,0.49931
1765.3,1320.7,6.6244,0.49953
2259.6,1298.7,6.6287,0.49946
2117.4,857.98,6.6523,0.49928
448.03,1223,6.6219,0.49966
420.55,1501.5,6.6045,0.4998
2594.2,1041.7,6.6462,0.49928
2749.9,1075.9,6.6461,0.49926
1530.6,1379.8,6.6193,0.49958
2368.3,1077.2,6.6418,0.49934
447.64,1579.4,6.599,0.49984
751.17,1697.8,6.5911,0.49987
1571.7,1196.9,6.6299,0.4995
1547.9,1196,6.6301,0.4995
1491.8,1500.7,6.6109,0.49965
2702.6,1413,6.6256,0.49943
343.25,1225.9,6.6203,0.49969
2088.4,1111.9,6.6376,0.4994
1575.6,907.88,6.6457,0.49937
1517.1,1375.6,6.6191,0.49959
460.33,1611.9,6.5959,0.49986
1942.9,1582.2,6.607,0.49965
1438,1522.5,6.6087,0.49967
1528.5,882.75,6.6467,0.49937
2337.3,1096,6.6403,0.49936
2700.3,1528.2,6.617,0.4995
426.74,1612,6.5955,0.49987
1473.5,1369.8,6.619,0.49959
446.13,1504.8,6.6036,0.4998
238.55,445.84,6.664,0.49937
1581.6,1054.4,6.6369,0.49944
439.37,1187.7,6.6232,0.49965
594.03,1357.5,6.6141,0.4997
2113.4,868.63,6.6503,0.4993
331.79,1196,6.6209,0.49969
2671.9,1533.2,6.6162,0.49951
2777.9,985.22,6.6495,0.49923
2523.1,782.64,6.6579,0.4992
451.02,1256.8,6.6187,0.49968
432.37,1553.6,6.5996,0.49984
2775.9,915.26,6.6537,0.49919
2736.5,1399.3,6.626,0.49942
468.25,1341,6.6138,0.49972
2568.8,1099.6,6.6407,0.49933
1222.5,1520.8,6.6071,0.4997
1484.7,1375.4,6.6179,0.4996
1975.9,1575.6,6.6064,0.49965
477.36,1262.2,6.6184,0.49968
478.45,1553.7,6.5997,0.49983
624.23,1263,6.6193,0.49966
333.74,1226.1,6.6188,0.4997
2087.6,1098,6.637,0.4994
1957.2,1576.3,6.6062,0.49966
2584,1092.4,6.641,0.49932
2550.1,971.27,6.6469,0.49928
2343.9,1107,6.6382,0.49937
1439.8,1509.8,6.6083,0.49968
1524.9,1048.1,6.6363,0.49945
610.99,1360.8,6.6133,0.4997
2113.9,1118.3,6.6361,0.49941
2744.2,823.22,6.6574,0.49917
1779.2,1320.1,6.6223,0.49954
494.9,1580.7,6.5974,0.49984
2051.8,1257,6.6276,0.49948
1733.7,512.93,6.6697,0.49918
1791.7,880.9,6.6468,0.49935
2107.1,1109.8,6.6362,0.49941
455.57,1339.6,6.6132,0.49973
2741.4,939.5,6.6515,0.49922
417.05,1565.7,6.5979,0.49985
1563.8,1072.4,6.6353,0.49946
465,1231.1,6.6194,0.49967
2690.4,1515.6,6.6164,0.4995
1468.1,1511,6.608,0.49968
2090.5,865.45,6.6492,0.49931
1473.7,1498,6.6089,0.49967
2533.2,986.72,6.6456,0.49929
2584.4,1064.4,6.6419,0.49932
430.63,1497.3,6.6025,0.49981
1917.1,1582.4,6.6049,0.49967
428.79,1612.7,6.5938,0.49988
466.64,1261.7,6.6174,0.49969
2343.2,1105,6.6377,0.49938
441.69,1491.5,6.6029,0.49981
2058.6,1266.2,6.6269,0.49949
1534,1381.1,6.6164,0.49961
1975.7,1494.2,6.6117,0.49961
2612.5,774.71,6.6581,0.49919
2751.2,1087.3,6.6425,0.49929
2775.8,1075.6,6.6435,0.49927
1524,1052.8,6.6353,0.49946
443.08,1555.3,6.5983,0.49984
2751,969.34,6.6487,0.49924
383.68,653.04,6.6499,0.49945
1792.5,990.37,6.64,0.4994
2677.7,1536,6.614,0.49952
1544.6,1196.5,6.6273,0.49952
2266.8,1520.9,6.6111,0.49959
238.5,450.53,6.6617,0.49939
345.25,665.23,6.6483,0.49947
452.59,1481.3,6.6037,0.4998
1464,1515.5,6.6069,0.49969
1778,1208.5,6.6278,0.4995
2647.5,1536.9,6.6137,0.49953
1476.6,1517.1,6.6068,0.49968
2328.9,1067.3,6.639,0.49937
2134.5,510.44,6.6701,0.49914
2104.2,1130.8,6.6339,0.49943
2768.8,728.83,6.6618,0.49913
1742.4,1328,6.6204,0.49956
2250.8,1519.2,6.6109,0.49959
1511.6,1376.7,6.6161,0.49961
2010.9,1491.4,6.6114,0.49961
2325.8,1095.4,6.6372,0.49938
2044.4,1039.2,6.6384,0.4994
1793.6,1226,6.6265,0.49951
1388.8,599.6,6.6598,0.49928
2322.5,1132,6.635,0.4994
2060.4,1181.5,6.6304,0.49946
1773.7,1229.9,6.626,0.49951
455.81,1478.2,6.6032,0.4998
498.51,1590,6.5951,0.49986
2775.7,1075.1,6.6426,0.49928
456.98,1515.3,6.6004,0.49983
1428.4,1495.6,6.6075,0.49968
914.24,1497,6.6048,0.49974
358.34,1236.7,6.6166,0.49971
375.21,658.4,6.6486,0.49946
2579.2,936.66,6.6474,0.49927
2687.2,1436.4,6.6204,0.49947
2372.7,1088.9,6.6378,0.49937
2089,1270.2,6.6251,0.4995
1927.3,1580.6,6.6037,0.49968
1422.4,1508.7,6.6063,0.49969
2750.8,954.06,6.6484,0.49924
1778,997.56,6.6384,0.49942
2050.6,1244.4,6.6264,0.49949
626.34,1290.1,6.6156,0.49968
2766,1023.1,6.6452,0.49926
1440.4,1497.4,6.6072,0.49968
1512.8,1367,6.616,0.49961
2710.9,1468.4,6.6186,0.49948
626.19,1263.9,6.6171,0.49967
1510,1031.2,6.6351,0.49946
1795.7,1205.9,6.627,0.4995
2323.8,1116.1,6.6353,0.4994
468.74,1240.8,6.6169,0.49969
1417.9,701.52,6.6531,0.49933
2600.1,1088.4,6.6389,0.49934
458.11,1516.1,6.5998,0.49983
2339.4,1130.2,6.6346,0.4994
1977.6,1508.1,6.6092,0.49963
2601.1,1059.6,6.6404,0.49933
2056.8,1198.2,6.6288,0.49947
2220.6,1571.5,6.6058,0.49964
242.97,459.2,6.6596,0.4994
592.92,726.88,6.646,0.49945
2565.2,839.52,6.6519,0.49924
2105.8,1097.3,6.6345,0.49942
915.48,1494.2,6.6042,0.49975
1480.3,1373.6,6.615,0.49962
474.84,1201.6,6.6194,0.49967
2319.9,1176,6.6312,0.49943
1968.8,1520.6,6.6079,0.49964
1538.2,875.55,6.6429,0.4994
457.26,1474,6.6024,0.49981
2747.5,961.17,6.647,0.49925
452.25,1584.9,6.5942,0.49987
1868.1,1674.7,6.5941,0.49976
2083.2,881.94,6.6461,0.49933
1474.6,1513.1,6.6055,0.4997
2253.4,1518.1,6.6096,0.4996
348.51,1211.5,6.6166,0.49971
2053.8,1214.8,6.6273,0.49948
2051.1,1230.1,6.6264,0.49949
1819.3,988.86,6.638,0.49942
1248.9,652.4,6.6545,0.49933
423.73,1512.8,6.5991,0.49984
1375.3,633.84,6.6563,0.4993
1579.8,1043.1,6.6337,0.49947
1786.1,1255.6,6.6233,0.49953
446.03,1500,6.6001,0.49983
2751.3,1000.1,6.6449,0.49927
392.93,1555.9,6.5957,0.49987
1507.3,1382.9,6.6141,0.49963
2709.3,1402.3,6.6218,0.49946
2694.7,1499.9,6.6152,0.49951
1442.2,1486.6,6.6068,0.49969
1480.6,1515.4,6.6047,0.4997
1470.8,1489.8,6.6067,0.49969
1362.9,643.46,6.6559,0.49931
2729.9,571.7,6.6689,0.49908
2076.5,1162.1,6.63,0.49946
1483.2,1491.5,6.6065,0.49969
1793.9,1229.9,6.6246,0.49952
2776.8,945.38,6.6477,0.49924
2751.7,1014.8,6.6437,0.49928
2327.1,1068.9,6.6366,0.49939
2067.7,754.45,6.6522,0.49929
2482.2,779.73,6.6538,0.49924
2748.4,1032.1,6.643,0.49928
1872.4,623.32,6.6586,0.49925
1958.4,1530.3,6.6061,0.49966
1378.3,634.41,6.6555,0.49931
498.32,1586.2,6.5938,0.49987
1955.7,1509,6.6075,0.49964
2339.2,1100.3,6.6349,0.4994
500.72,1593.2,6.593,0.49988
1185.8,1549.4,6.6004,0.49976
1485.6,1502.8,6.605,0.4997
349.48,1206.7,6.6162,0.49972
491.94,1061.4,6.6254,0.49962
430.91,1612.4,6.5907,0.49991
2563.9,971.88,6.6434,0.49931
2616.1,788.03,6.6539,0.49922
1534,1038.3,6.6328,0.49948
2089.7,856.95,6.6461,0.49933
2562.6,966.6,6.6438,0.4993
1042.3,1608.3,6.595,0.49981
2387.4,1180.5,6.6302,0.49943
1424.8,703.08,6.6515,0.49934
1777.5,873.26,6.6433,0.49938
354.89,1169.7,6.6187,0.4997
330.65,1231.2,6.6144,0.49973
498.76,1581,6.594,0.49987
451.22,611.09,6.6503,0.49943
1461.1,1388.2,6.6125,0.49964
469.15,1570.5,6.594,0.49987
505.8,1572.6,6.594,0.49987
1536.5,346.37,6.6775,0.49913
2742.7,1094.7,6.6386,0.49932
2774.6,958.65,6.6464,0.49925
2485,754.13,6.6543,0.49923
1463.7,1377.7,6.6131,0.49964
1490.5,1362.4,6.6138,0.49963
1425.4,1521.2,6.6032,0.49972
2750.7,1045.4,6.6413,0.4993
1948.8,1540.6,6.6046,0.49967
1486.2,1377.9,6.6128,0.49964
2329,1051.4,6.6367,0.49939
1791.3,868.36,6.6433,0.49938
2096.9,1158.1,6.6293,0.49946
2537.7,724.83,6.6566,0.49921
2104.7,1163.1,6.6293,0.49946
1987,1479.2,6.6092,0.49963
1434.6,1499.7,6.6046,0.4997
2376.7,1081.6,6.6353,0.49939
478.3,1571.3,6.5935,0.49988
453.55,1506.9,6.5979,0.49984
621.55,924.81,6.6332,0.49955
445.51,1233.2,6.615,0.49971
1767.3,1249.3,6.622,0.49955
2363.5,786.41,6.6511,0.49927
2059.8,1258.8,6.6232,0.49951
2762.7,950.7,6.6462,0.49925
2750,1021,6.6424,0.49929
447.05,1262.9,6.6133,0.49972
2774.4,990.5,6.6442,0.49927
2001.7,1489.6,6.6084,0.49963
2626.4,701.85,6.6583,0.49918
2332.7,1375.3,6.6184,0.49953
1991.4,1506.9,6.6071,0.49965
1764.9,1261.2,6.6212,0.49955
2065.8,1172.1,6.6283,0.49947
1677.6,1514.2,6.6047,0.49969
618.67,1368.2,6.6081,0.49974
1982.8,1518.4,6.6061,0.49965
1991.8,1468.2,6.6096,0.49963
435.9,1579.4,6.5924,0.49989
1744.8,1322.8,6.6176,0.49958
1509.7,1039.3,6.6319,0.49949
1939.8,1549.8,6.6034,0.49968
2750.2,953.73,6.6457,0.49926
453.92,640.08,6.6475,0.49946
356.85,639.87,6.6461,0.49948
347,1322.3,6.6086,0.49978
2763,995.99,6.6434,0.49928
2341.4,1117,6.6323,0.49942
2077.3,1139.7,6.6296,0.49946
1421.5,1497.8,6.6041,0.49971
1931.3,1559.9,6.6024,0.49969
1417.6,1506.7,6.6035,0.49971
2772,737.83,6.6577,0.49916
1746.4,498.49,6.6651,0.49921
1555.3,1043.5,6.6318,0.49948
2774.1,957.82,6.6455,0.49926
510.07,1615.5,6.5898,0.4999
1974.3,1528.2,6.6049,0.49966
1777.8,896.59,6.6409,0.4994
2089.5,860.59,6.6447,0.49934
2334.2,1150.2,6.6306,0.49943
428.1,1513.6,6.597,0.49986
426.37,1579.2,6.5923,0.49989
1791.4,982.67,6.6362,0.49943
2762.7,1011.9,6.6423,0.49928
2775.1,989.36,6.6437,0.49927
1811,886.26,6.6415,0.49939
2085.9,1263.6,6.6226,0.49952
2370.3,1186.8,6.6284,0.49945
427.23,1476.4,6.5995,0.49984
1760.7,1241.6,6.6219,0.49955
2764.2,991.98,6.6434,0.49928
2512.6,847.36,6.6483,0.49928
2313.6,1171.2,6.629,0.49945
442.85,1554.5,6.594,0.49988
2542.7,977.28,6.6414,0.49933
1410,1522.3,6.602,0.49973
1749.3,1264.5,6.6201,0.49956
2762.6,1040.5,6.6405,0.4993
2627.3,687.61,6.659,0.49918
2070.6,1136.7,6.6294,0.49946
1530.9,1368.8,6.6124,0.49964
2070.1,781.34,6.6487,0.49931
1398.7,619.98,6.6543,0.49932
362.63,1213.2,6.6143,0.49973
318.91,624.89,6.6459,0.49949
2746.8,1051.5,6.6394,0.49931
436.95,866.57,6.6342,0.49956
2331.3,1170,6.6291,0.49944
1965.3,1538.8,6.6036,0.49967
2774,1035.7,6.6408,0.49929
1488.1,1489.3,6.6042,0.4997
1757.8,1218.2,6.6227,0.49954
1178.3,1563.5,6.5976,0.49978
1760.8,1276.8,6.6193,0.49957
1414.6,1510.9,6.6025,0.49972
2751.4,1004.1,6.642,0.49929
2763.8,1036.8,6.6406,0.4993
2573.2,948,6.643,0.49931
1622.7,1589.3,6.5977,0.49975
1776.8,1325.3,6.6163,0.49959
2062,1128,6.6293,0.49947
1499.5,1236.7,6.6203,0.49958
427.16,1045.3,6.6237,0.49965
1569.7,1047.1,6.6309,0.49949
944.33,1566.8,6.5956,0.49981
1465.9,1363.5,6.6124,0.49964
2141.6,1323.1,6.6187,0.49954
1539.6,900.38,6.6384,0.49943
1037.7,1606.3,6.5934,0.49982
1776.7,1284.9,6.6187,0.49957
462.3,626.36,6.6473,0.49946
360.61,1326.3,6.6074,0.49979
2401.8,1176.5,6.6286,0.49944
2341.4,1330.7,6.6194,0.49952
2066.4,1213.7,6.6244,0.4995
2068.8,1198.2,6.6253,0.4995
2744.2,1007.9,6.6415,0.49929
1920.7,1568.2,6.6007,0.4997
2762.2,953.22,6.6447,0.49927
2559.4,676.06,6.6577,0.4992
508.46,1592.3,6.5906,0.49989
2354,1192.3,6.6271,0.49946
1956.3,1547.8,6.6024,0.49969
1539.8,865.19,6.64,0.49942
2688.8,1519.4,6.6109,0.49954
2763.5,1015.2,6.6413,0.49929
1407.9,1523.8,6.6011,0.49973
1810,993.21,6.6348,0.49944
490.87,1350.6,6.607,0.49977
2716.9,1408.6,6.6183,0.49948
2733.5,1087.6,6.6372,0.49933
1784,1246.8,6.6206,0.49955
1795,1206.9,6.623,0.49953
2273.7,1468.9,6.6097,0.4996
1433.7,1495.3,6.6032,0.49972
2750.4,998.96,6.6419,0.49929
2323.6,803.66,6.6484,0.49929
1792.4,924.66,6.6383,0.49942
457.62,1569.8,6.5919,0.49989
2603.7,1151.7,6.6315,0.49939
1691.9,1512.2,6.6033,0.4997
2679.9,1467.5,6.6141,0.49952
2660.3,1512.7,6.6104,0.49955
2214.1,1564.3,6.6025,0.49966
1990.6,1509.6,6.6054,0.49966
2741.7,1367.2,6.6207,0.49946
480.28,1350.9,6.6065,0.49977
2063,1229.1,6.6231,0.49951
2774.7,812.29,6.6523,0.4992
2677.3,1437.1,6.616,0.49951
1737,1316.6,6.6161,0.49959
1575.9,890.39,6.6389,0.49943
2763.2,954.51,6.6443,0.49927
2688.5,1402.8,6.6183,0.49949
1792.6,940.65,6.6373,0.49942
615.82,723.54,6.6422,0.49948
1960.2,1519,6.6038,0.49967
2748.2,989.89,6.6424,0.49929
1939,1520,6.6039,0.49967
1908.9,1573.7,6.6001,0.49971
2762.6,967.89,6.6434,0.49928
453.3,1555.7,6.593,0.49988
1542.7,1243.1,6.6194,0.49958
850.62,981.97,6.6298,0.49955
429.73,1557.3,6.5925,0.49989
1554.2,1068.8,6.6288,0.49951
462.27,1485.3,6.5975,0.49985
2330.7,1167,6.6282,0.49945
1068.7,1636.7,6.5904,0.49984
2634.7,1526.6,6.6091,0.49957
1751.1,1314.5,6.6161,0.49959
944.81,1577.5,6.594,0.49982
2317,1140.7,6.6296,0.49944
2713.2,1451.6,6.6149,0.49951
430.58,1589.6,6.5901,0.49991
1792.3,955.03,6.6363,0.49943
462.4,870.1,6.6324,0.49957
2075,883.42,6.6418,0.49937
1592.3,491.13,6.6634,0.49923
316.95,640.04,6.6441,0.4995
1778.2,929.8,6.6375,0.49942
1522.6,1185.9,6.6219,0.49956
1775.7,1286.6,6.6178,0.49958
1524.3,1042.1,6.6301,0.4995
1236.3,673.31,6.6493,0.49937
2595.2,731.16,6.6547,0.49921
2070.5,1183.1,6.6254,0.4995
2774.2,946.56,6.6444,0.49927
2059.7,1244.7,6.6218,0.49952
1777.3,989.39,6.6342,0.49945
2744.4,964.05,6.643,0.49928
2346.6,1013,6.6365,0.49939
333.59,1204.6,6.6132,0.49974
2749.6,1043.3,6.639,0.49931
2774.7,1034.6,6.6397,0.4993
1945.9,1557.5,6.6009,0.4997
2198.9,1563.7,6.602,0.49967
1778,959.76,6.6357,0.49944
2749.5,1062,6.6378,0.49932
634.56,1372.4,6.6061,0.49976
1778.6,916.49,6.638,0.49942
1586.4,908.7,6.6371,0.49944
432.26,1516.6,6.5952,0.49987
568.22,1565.4,6.5926,0.49987
496.09,1065.8,6.6222,0.49965
1811,919.06,6.638,0.49942
1420.6,1493.4,6.6026,0.49972
1756.8,1288.8,6.6173,0.49958
465.85,1570.4,6.5912,0.4999
1440,1497.1,6.6021,0.49972
1618.1,1585.6,6.5969,0.49975
2314.5,1156.6,6.6282,0.49945
1785.4,904.65,6.6389,0.49941
1524.2,1044.9,6.6296,0.4995
2576.8,934.76,6.6423,0.49931
1989.9,1467.7,6.607,0.49965
1263.2,647.63,6.6503,0.49936
2482.3,780.41,6.6498,0.49927
2762,965.96,6.6429,0.49928
714.45,1579.2,6.5924,0.49986
1742.1,1291.4,6.6169,0.49959
2712.5,1427.3,6.6164,0.4995
1960.9,1507.3,6.6044,0.49967
2551.8,698.34,6.6555,0.49921
2088.8,1194.2,6.6245,0.4995
2331.1,1038,6.6347,0.4994
1810.6,965.26,6.6353,0.49944
341.87,1321.6,6.6064,0.4998
1750.1,1254,6.6191,0.49957
633.17,1609.6,6.5897,0.49989
293.39,581.16,6.6469,0.49949
2532.9,846.21,6.6465,0.49929
2547.1,1083.3,6.6337,0.49939
2063,1113.6,6.6287,0.49947
2111.2,1136.1,6.6277,0.49947
2774.8,1005.4,6.6408,0.49929
2150.9,506.7,6.6649,0.49918
430.46,1047.4,6.6222,0.49966
2063.9,1247.5,6.6208,0.49953
1793.1,912.05,6.638,0.49942
2768.3,993.73,6.6413,0.49929
2551.4,699.63,6.6553,0.49922
2743.9,1020.3,6.6395,0.49931
1592.7,493.25,6.6627,0.49924
2762.9,999.97,6.6409,0.4993
626.88,743.82,6.6405,0.49949
2744.3,976.47,6.6418,0.49929
2434.3,1387.2,6.6154,0.49954
1752.9,1238.4,6.6197,0.49956
1792.1,972.13,6.6346,0.49944
1777.8,1273.5,6.6178,0.49958
1778.6,1272.1,6.6179,0.49958
2768.3,948.85,6.6435,0.49927
2775.2,945.24,6.6438,0.49927
1816.4,859.92,6.6409,0.49939
363.11,1326.7,6.606,0.4998
2706.2,1469.2,6.6124,0.49953
2113.6,1114.4,6.6286,0.49947
2002.8,1483.7,6.6061,0.49965
1535.6,1024.3,6.6299,0.4995
2357.1,950.39,6.6389,0.49937
2083,1225.3,6.6223,0.49952
1964.3,1555.9,6.6,0.4997
2774.2,1003.8,6.6405,0.4993
2359.6,1112.3,6.6302,0.49943
480.35,1491.3,6.5963,0.49985
1525.3,1027.3,6.6299,0.4995
2743,1052,6.6374,0.49933
2546.2,1085.3,6.6334,0.49939
1942,1538.3,6.6011,0.4997
307.93,637.14,6.6432,0.49951
2115,1101.8,6.6291,0.49946
1993.5,1492.1,6.605,0.49966
2110.2,1078.8,6.6308,0.49945
2105.5,1106.6,6.6286,0.49947
1662.1,1526,6.6007,0.49972
635.71,1369.4,6.6054,0.49976
1966.2,1486.7,6.6054,0.49966
1569.8,1052.7,6.6286,0.49951
298.54,633.26,6.6431,0.49952
2761.2,1056.5,6.6373,0.49932
515.23,1613.8,6.5874,0.49992
1657.5,1574.9,6.5966,0.49975
1738.2,1306.2,6.6152,0.4996
1928.1,1528.6,6.6019,0.49969
444.11,585.6,6.6476,0.49946
1764.5,1210.9,6.621,0.49955
2357.7,1110.6,6.6301,0.49943
2300,965.51,6.6376,0.49938
1752.2,1303.9,6.6153,0.4996
1976.1,1516.1,6.6027,0.49968
2595.1,721.67,6.6537,0.49922
2777.5,1010.5,6.64,0.4993
303.69,1311.7,6.6058,0.49981
2769.6,1066.6,6.6373,0.49932
2355.5,1126.9,6.6291,0.49944
462.14,1501.7,6.5953,0.49986
2351.3,1162,6.6271,0.49946
1782.7,1266.2,6.6177,0.49958
2668.6,1474.4,6.611,0.49955
457.38,647.23,6.6439,0.49948
1055.5,1612.9,6.5906,0.49984
1785.8,869.94,6.6396,0.49941
2318.6,1118.8,6.6293,0.49944
1475.2,1481.7,6.6029,0.49972
1791.5,1195.7,6.6216,0.49955
2705.2,1373.4,6.618,0.49949
446.74,1565,6.5905,0.4999
1743.9,1280.6,6.6164,0.49959
473.36,1559.2,6.5912,0.49989
406.1,1515.3,6.5937,0.49988
628.65,773.43,6.6377,0.49951
2732.8,969.73,6.6411,0.4993
2396.7,1193.7,6.6253,0.49947
1587.8,893.02,6.6366,0.49944
469.46,1600.2,6.5877,0.49992
1559.8,351.21,6.673,0.49916
346.26,654.47,6.642,0.49952
1679.2,1524.4,6.6004,0.49972
467.19,1296.2,6.608,0.49976
2334.6,1154,6.6269,0.49946
2691.7,1495.8,6.6096,0.49955
2079.6,1241.3,6.6206,0.49953
2391.2,1226.6,6.6237,0.49948
2545.2,1117.5,6.6306,0.49941
369.74,1027.8,6.6216,0.49967
1772.9,1200.2,6.621,0.49955
2768.9,995.22,6.6401,0.4993
392.68,653.5,6.6423,0.49951
2372.2,1106.6,6.63,0.49943
556.7,728.07,6.6397,0.4995
1911.6,1548,6.5998,0.49971
2696.5,380.22,6.6777,0.49902
486.28,1612.5,6.5867,0.49993
2763.6,971.31,6.6414,0.49929
256.1,862.18,6.6287,0.49964
1812.2,907.38,6.6371,0.49942
2734.2,1097.1,6.6341,0.49935
436.15,1609.5,6.5868,0.49993
1778.4,978.16,6.633,0.49946
2767.5,1038,6.6377,0.49932
2062.4,1115.8,6.6272,0.49948
445.53,1572.8,6.59,0.49991
2076.3,869.19,6.6407,0.49938
1453,1524.8,6.5991,0.49975
454.93,1484.1,6.5956,0.49986
2734.9,965.5,6.6411,0.4993
2331.6,1165.4,6.6262,0.49947
2547.3,1103,6.6311,0.49941
1655.1,1513.4,6.6007,0.49972
2776.8,962.9,6.6418,0.49929
1767.3,1311.3,6.6143,0.49961
2653,1510.8,6.6081,0.49957
2366.1,1157.8,6.6268,0.49946
634.72,731.93,6.6395,0.4995
2528.9,1198.7,6.6256,0.49945
2103.5,1140.4,6.6258,0.49949
1812.4,853.43,6.6398,0.4994
624.79,1273.3,6.6098,0.49973
1774.6,1188.3,6.6212,0.49955
2732.3,985.79,6.6397,0.49931
1770.1,1300.4,6.6148,0.4996
340.82,826.33,6.6313,0.4996
1810.3,980.94,6.6327,0.49946
1976.1,1535.1,6.6004,0.4997
2076.5,871.25,6.6403,0.49938
1799.5,1161,6.6231,0.49953
2372.8,1231.6,6.6227,0.49949
2762.4,1044.6,6.6369,0.49933
463.67,1210.5,6.6122,0.49973
2733.8,1031.1,6.6373,0.49933
1431.9,1508.9,6.5993,0.49975
2687.6,1431.2,6.614,0.49952
2776.3,1030.7,6.6379,0.49932
1512,1026.2,6.6286,0.49951
2558.3,955.94,6.6391,0.49934
2660.7,1493.1,6.6095,0.49956
2777.4,1018.6,6.6388,0.49931
1931.3,1575.5,6.5973,0.49973
2068.6,1217.4,6.6209,0.49953
2350.5,1164.6,6.6261,0.49947
2642.8,752.47,6.6513,0.49923
1443.4,1483.1,6.6011,0.49973
2068.5,1094.5,6.6284,0.49947
1995.4,1475,6.6049,0.49966
1422.3,1483.9,6.6012,0.49973
2390.8,800.66,6.6462,0.4993
2049.5,1087.8,6.6282,0.49948
433.34,1599.3,6.5872,0.49993
607.68,1270.1,6.6098,0.49973
2371.1,1108.6,6.6292,0.49944
1958.5,1535.6,6.6002,0.4997
1588.7,876.24,6.6367,0.49944
2777,1006.8,6.6391,0.49931
2527.4,322.66,6.6814,0.49902
2725.5,1376.2,6.6175,0.49949
2734.6,1009.2,6.6383,0.49932
478.53,1213.9,6.6119,0.49973
344.23,1240.8,6.6094,0.49977
607.22,1266.7,6.6099,0.49973
438.53,1610.3,6.5861,0.49994
2004.8,1464.5,6.6054,0.49966
453.12,1514.6,6.5934,0.49988
493.56,1222.5,6.6111,0.49974
2369.8,1121.1,6.6284,0.49945
2370,1122.1,6.6283,0.49945
464.06,1579.3,6.5884,0.49992
2377.4,1108.6,6.6288,0.49944
1582.2,1032.9,6.628,0.49951
478.56,1544.1,6.5911,0.49989
2075.1,1255.9,6.6188,0.49955
1990.2,1514.3,6.6016,0.49969
2314.7,658.72,6.6538,0.49925
2569.2,962.92,6.639,0.49934
2353,1146.5,6.6268,0.49946
2733,1031.6,6.6369,0.49933
2777.1,941.43,6.6424,0.49928
2745,978.45,6.6398,0.49931
1572.5,860.68,6.638,0.49943
2737.5,1010.7,6.638,0.49932
1378.7,579.32,6.6535,0.49933
454.2,589.11,6.6461,0.49947
465.18,1598.7,6.5868,0.49993
2541.8,1007.5,6.6358,0.49937
1916.5,1537.8,6.5997,0.49971
1525.7,1042.9,6.6274,0.49952
2693.4,1395.2,6.6162,0.4995
2080.6,1093,6.6278,0.49948
854.07,996.4,6.6265,0.49958
2309.8,1175.4,6.6249,0.49948
2589.1,974.39,6.638,0.49935
623.96,1269,6.6097,0.49973
2074.2,820.39,6.6426,0.49936
2227.4,1419.3,6.6098,0.4996
469.57,1462.6,6.5965,0.49985
2100.6,866.5,6.6398,0.49938
1749.5,496.45,6.6612,0.49924
2607.7,819.55,6.6466,0.49928
2215.1,1548,6.6007,0.49968
472.98,1037.2,6.6207,0.49966
2777.5,1023.8,6.6379,0.49932
2089.9,1179.7,6.6229,0.49951
584.43,1384.9,6.6025,0.49979
2462.8,819.48,6.6454,0.4993
1556.9,1046.6,6.6272,0.49952
2099.2,1124.3,6.6261,0.49949
450.41,1483.6,6.5947,0.49987
548.78,711.56,6.6392,0.49951
2778.3,934.87,6.6426,0.49928
489.54,1600.4,6.5866,0.49993
2610.3,708.52,6.6526,0.49923
444.91,1489,6.5943,0.49987
402.74,1504.7,6.5931,0.49989
2729.5,1071.7,6.6343,0.49935
434.31,1597.6,6.5867,0.49994
2000.4,1463.6,6.6052,0.49966
2734.1,884.26,6.6444,0.49927
293.32,966.07,6.6225,0.49968
653.52,1104.2,6.6188,0.49966
2731.4,1029.3,6.6365,0.49934
314.57,1322,6.6037,0.49982
606.13,724.59,6.6388,0.49951
338.71,652.34,6.6407,0.49953
1513.8,1240.9,6.6157,0.49961
2323.1,1245.8,6.6207,0.49951
2738.2,1011.9,6.6374,0.49933
2084.3,1113.9,6.626,0.49949
2742.1,1063.5,6.6347,0.49935
1997,1621.6,6.593,0.49976
2106.9,1158,6.624,0.4995
380.31,667.22,6.6402,0.49952
2606.8,1026.8,6.6349,0.49937
2103.5,1178.4,6.6227,0.49951
1892.1,1565.3,6.597,0.49973
2761.8,1059.3,6.6353,0.49934
2273.5,1462,6.6068,0.49962
2225.5,1538.1,6.6008,0.49968
317.18,1008.6,6.6205,0.49969
629.85,929.89,6.6277,0.49959
2043,1268,6.6176,0.49956
2150.1,512.76,6.6614,0.49921
445.65,1540.9,6.5905,0.4999
1639.2,1585.2,6.5939,0.49977
2588.9,980.5,6.6373,0.49935
383.76,653.86,6.6406,0.49952
1899.5,1556.4,6.5976,0.49973
399.06,679.53,6.6393,0.49953
351.15,642.17,6.6409,0.49952
447.36,1504.9,6.5929,0.49989
2732.2,1013.8,6.6371,0.49933
394.38,653.45,6.6408,0.49952
2596.3,1189.1,6.6257,0.49944
2681.1,925.91,6.6413,0.49931
2665.4,1480.4,6.609,0.49956
1920.2,1555.2,6.5974,0.49973
1650,1528.3,6.5985,0.49974
468.7,1217.5,6.6103,0.49975
2769.3,962.91,6.6402,0.4993
1632.4,1543,6.5971,0.49975
2367.5,1142.6,6.6264,0.49946
1717.6,567.64,6.6556,0.49929
469.78,1462.3,6.596,0.49986
1532.7,1084.7,6.6241,0.49954
2101.1,1190.2,6.6218,0.49952
2354.1,1147.7,6.6258,0.49947
2735.7,958.9,6.6401,0.49931
1780.1,950.14,6.633,0.49946
1645.9,1542.2,6.5971,0.49975
2565.5,957.78,6.6377,0.49935
2733.3,912.92,6.6423,0.49929
2776.9,986.35,6.6391,0.49931
514.46,1375.8,6.6019,0.49981
1571.4,1049.6,6.6264,0.49952
1955.2,1477.2,6.6034,0.49968
1768.2,1169.8,6.6215,0.49955
1532.9,873.17,6.6358,0.49945
2725.8,1386.7,6.6164,0.4995
454.15,1204.3,6.6113,0.49974
244.31,447.97,6.6525,0.49946
437.54,1606.8,6.5855,0.49994
2562.9,962.83,6.6373,0.49935
2549.1,1075.5,6.631,0.49941
1786.2,1001.8,6.6302,0.49948
1214.9,1512.9,6.5968,0.49978
622.79,1074.5,6.6191,0.49966
1599.1,1585.8,6.5933,0.49978
2330.4,1149.3,6.6255,0.49947
1689.3,1507.8,6.5998,0.49972
2537.5,782.71,6.6469,0.49928
2324.3,787.67,6.6452,0.49932
1930.8,1573.2,6.5961,0.49974
596.38,1292,6.6073,0.49975
487.03,1493.4,6.5937,0.49987
2088.7,1251.6,6.618,0.49955
2540.6,730.95,6.6502,0.49926
2732,1386.5,6.616,0.4995
2049.7,1239.7,6.6187,0.49955
2372.5,1144.6,6.6256,0.49947
1795.4,834.04,6.6392,0.49941
1266.9,659.03,6.6464,0.49939
2073.4,1186.8,6.6212,0.49953
1662.4,1507.4,6.5997,0.49973
2773.4,1049.2,6.6353,0.49934
1017.3,1573.2,6.5909,0.49984
440.43,1566.3,6.588,0.49992
2736.7,1025.4,6.636,0.49934
2677.9,835.75,6.6457,0.49927
2552.6,1026.3,6.6338,0.49938
1812.3,952.99,6.6326,0.49946
2596,811.23,6.646,0.49928
940.94,1574.7,6.5907,0.49985
2768,1008.5,6.6373,0.49932
1594.2,480.43,6.6602,0.49926
2762.9,905.93,6.6428,0.49928
1813.1,939.39,6.6333,0.49945
466.7,1572.4,6.5882,0.49992
2083.5,1211,6.6201,0.49954
1248.9,679.12,6.6447,0.4994
2738.3,966.86,6.6391,0.49931
2768,1039,6.6356,0.49934
2020.3,1461.5,6.6041,0.49967
2772.9,1047.5,6.6352,0.49934
1526.5,483.07,6.6596,0.49927
2703.2,1380,6.6154,0.49951
471.59,1498.6,6.5928,0.49988
1580,880.44,6.6352,0.49945
536.36,709.18,6.6381,0.49952
2578.4,1192.1,6.625,0.49945
2122.6,1104.4,6.6258,0.49949
2444.8,1220,6.6219,0.49949
498.32,1560.9,6.5889,0.49991
1662,1540.8,6.5968,0.49975
1504.1,1397.2,6.6059,0.49969
2354,1130.1,6.6264,0.49946
2529.1,1120.8,6.628,0.49943
2730.5,1056.2,6.634,0.49936
2768.7,1007.2,6.6372,0.49932
2427.1,1383.9,6.6123,0.49957
359.87,1166.4,6.6114,0.49975
2087.4,1213,6.6196,0.49954
455,1504.9,6.5922,0.49989
1556.1,1069.8,6.6247,0.49954
1556.5,1066.3,6.6249,0.49954
2723.7,1396.3,6.6145,0.49951
2604.1,789.96,6.647,0.49927
2574.1,829.78,6.6446,0.4993
1678.7,1523.3,6.5982,0.49974
2509.3,1213.8,6.6228,0.49947
2678,1475.4,6.6087,0.49956
472.42,1505.9,6.5922,0.49989
1931.4,1568.8,6.5962,0.49974
408.1,1539.4,6.5896,0.49992
481.67,1604.3,6.5856,0.49994
659.72,1392.8,6.6011,0.49979
2460,771.81,6.6466,0.49929
1182,1553.9,6.5934,0.49981
437.88,1602,6.5854,0.49995
480.31,885.67,6.6283,0.4996
453.23,1365.9,6.6013,0.49982
1572.9,1036.8,6.6264,0.49952
1960.1,1466,6.6035,0.49968
2358.8,897.19,6.6384,0.49937
1757.8,1204.1,6.6182,0.49958
2765.3,1081.2,6.633,0.49936
2091.3,781.22,6.6434,0.49935
2356.7,1108.1,6.6273,0.49946
351.02,995.64,6.6203,0.49969
340.41,1343.4,6.6015,0.49983
2735.7,869.03,6.6439,0.49928
2059.6,1178.2,6.6217,0.49953
619.89,917.61,6.6268,0.4996
497.42,1238.1,6.6087,0.49975
2748.1,1064.7,6.6336,0.49936
2608.7,1061.6,6.6317,0.49939
467.66,1568.8,6.588,0.49992
2627.6,736.94,6.6501,0.49925
1618.3,1559,6.5947,0.49977
1525.7,856.97,6.6362,0.49945
1566.4,1194.3,6.6172,0.4996
1990.6,1619.9,6.5918,0.49977
1888.1,1576.5,6.5947,0.49975
1648.3,1557.6,6.595,0.49976
701.19,750.63,6.6365,0.49951
2745.9,934.68,6.6404,0.4993
588.61,738.11,6.6367,0.49952
2330.2,1142.3,6.6252,0.49948
2681.2,896.36,6.6418,0.4993
2682.7,1466.7,6.6091,0.49956
2090.5,1240.3,6.6178,0.49955
2546.8,989.8,6.6348,0.49938
2737.6,1023.7,6.6354,0.49934
483.02,1199.6,6.6103,0.49974
565.44,716.98,6.6374,0.49952
455.43,1365.6,6.6012,0.49982
314.84,627.96,6.6401,0.49954
1618.5,1575,6.5934,0.49978
2738.3,938.24,6.64,0.49931
1556.4,1246.6,6.6141,0.49962
2256.4,1460.9,6.6055,0.49964
2319.5,684.43,6.6503,0.49928
1945.9,1548.1,6.5975,0.49972
579.6,1089.7,6.6174,0.49968
2776.1,1052.4,6.6345,0.49934
2393.9,1194.9,6.6222,0.49949
475.1,1495.4,6.5928,0.49988
1813.5,628.1,6.6506,0.49932
1923.4,608.46,6.6526,0.49929
536.72,708.84,6.6375,0.49952
2738.8,980.47,6.6376,0.49933
2542.1,769.04,6.6467,0.49928
451.18,1485,6.5932,0.49988
1631.3,1558.3,6.5946,0.49977
1775,1291.9,6.613,0.49962
1857.2,557.45,6.6551,0.49928
1782.3,868.47,6.6362,0.49943
1047.5,1631.1,6.5855,0.49988
1815.3,872.66,6.6362,0.49943
2568.6,722.44,6.6499,0.49926
2531.1,330.29,6.6778,0.49904
457.16,1208.9,6.6098,0.49975
473.17,1491.4,6.5925,0.49988
1889.7,630.66,6.6506,0.49931
394.71,1355.2,6.6009,0.49983
2345.1,1206.2,6.6213,0.4995
1838.9,1424.8,6.6053,0.49967
659.64,1391.6,6.6007,0.4998
2204.7,1536.9,6.5991,0.49969
2768.9,919.89,6.6411,0.49929
409.71,1539.8,6.589,0.49992
2560.1,984.72,6.6347,0.49938
1940.2,1509,6.6001,0.4997
2738,981.54,6.6373,0.49933
725.32,1569.8,6.5885,0.49989
362.85,1185,6.6098,0.49977
2448.7,1179.6,6.6232,0.49948
2684.2,1139.7,6.6284,0.49941
2778.3,972.52,6.6387,0.49931
344.16,640.79,6.6393,0.49954
2732.7,1051.7,6.6335,0.49936
1132.5,502.75,6.6547,0.49933
2719.7,1362.5,6.6157,0.4995
2728.6,1069.2,6.6323,0.49937
2321.4,718.96,6.6478,0.4993
362.29,1181.6,6.6101,0.49976
1955.1,1540.5,6.5974,0.49972
1604.6,1574.8,6.5929,0.49978
467.82,1490.7,6.5923,0.49989
1675.3,1490.8,6.5994,0.49973
2694.9,636.04,6.6561,0.49919
467.09,1541.4,6.5888,0.49991
2704.9,1361.5,6.6157,0.4995
1478.6,485.87,6.6579,0.49928
772.63,1490.9,6.5946,0.49983
350.8,1178.7,6.61,0.49977
1559.7,1035.2,6.6255,0.49953
389.81,675.69,6.6379,0.49954
2663.7,222.72,6.691,0.49892
2606.3,1089.2,6.6294,0.49941
1783,855.25,6.6365,0.49943
2080.9,1242.4,6.6168,0.49956
2093.1,1181.6,6.6203,0.49953
2099.4,1168.5,6.6216,0.49952
2076.8,809.07,6.6408,0.49938
475.68,1541.9,6.5887,0.49991
2605.3,792.81,6.6458,0.49928
2732,983.78,6.6368,0.49933
2050.2,1089.7,6.6253,0.4995
404.42,683.46,6.6373,0.49954
2572.9,735.34,6.6489,0.49926
2327.5,1211.2,6.6205,0.49951
332.3,651.5,6.6385,0.49955
2113.6,697.49,6.6472,0.49932
893.64,646.97,6.6436,0.49944
2352.2,1142.8,6.6245,0.49948
595.65,724.63,6.6364,0.49952
2112.3,751.57,6.6443,0.49935
2667.3,1516.8,6.6046,0.4996
1687.9,1497.2,6.5988,0.49973
2778.9,1030.4,6.6349,0.49934
494.78,1588.7,6.5853,0.49994
359.13,1295.5,6.6035,0.49982
1784,1272.9,6.6131,0.49961
2491.1,841.31,6.6419,0.49933
2598.5,698.69,6.651,0.49924
353.22,1184.7,6.609,0.49977
1708.3,499.54,6.6581,0.49927
1656.7,1499.4,6.5984,0.49974
2704.5,1364,6.6151,0.49951
1797.5,864.06,6.6359,0.49943
485.85,1222,6.6084,0.49976
614.69,1342.2,6.6028,0.49979
443.34,869.81,6.6273,0.49962
2327,773.74,6.6443,0.49933
2202.5,1559.6,6.597,0.49971
2734.8,910.33,6.6406,0.4993
1943.2,1511.6,6.5991,0.49971
476.46,1277.1,6.605,0.49979
581.28,721,6.6363,0.49953
1812,1473.4,6.6006,0.49971
2671,1497.9,6.6057,0.49959
2111.3,1177.8,6.6201,0.49953
2312.4,1152.6,6.6234,0.49949
2601.6,256.91,6.6855,0.49897
371.69,1248,6.6064,0.49979
1567.9,879.55,6.6336,0.49947
1765.8,1277,6.6124,0.49962
1784.2,1516.5,6.5979,0.49973
630.68,1321.8,6.6039,0.49978
2532.6,1084.9,6.6286,0.49943
650.12,1602.2,6.5854,0.49992
621.11,748.61,6.6352,0.49953
2694.2,1435.5,6.6102,0.49955
463.9,677.43,6.6381,0.49953
1034.9,1599.4,6.5879,0.49987
2214.3,1535.3,6.5988,0.49969
2704.1,1365.9,6.6146,0.49951
2325.7,755.17,6.6451,0.49932
450.43,476.43,6.6509,0.49943
2324.6,754.28,6.6451,0.49932
615.09,1320,6.6038,0.49978
2236.4,1491.2,6.6017,0.49967
462.99,1034.3,6.6182,0.49968
2361.9,1072.4,6.6278,0.49945
1500.1,1232.7,6.6142,0.49963
2191.8,1545,6.5979,0.4997
2775.5,1049.1,6.6335,0.49935
2268.7,1274.1,6.6155,0.49956
457.2,1539.6,6.5885,0.49992
499.94,1226.4,6.608,0.49976
2074.5,736.73,6.6443,0.49935
2735.9,1052.4,6.6326,0.49937
782.52,728.76,6.6374,0.4995
458.02,915.45,6.6245,0.49964
521.14,722.61,6.6357,0.49954
2082.1,1269.8,6.6148,0.49958
240.61,446.29,6.6503,0.49947
2722,1357.7,6.6154,0.4995
2224.5,1522.2,6.5997,0.49968
1958.8,1526.5,6.5979,0.49972
2140.4,904.58,6.6352,0.49941
477.82,1555.3,6.5872,0.49993
2530.8,1028.6,6.6311,0.49941
2078.3,807.69,6.6402,0.49938
2093.2,760.6,6.643,0.49936
1817.3,828.09,6.6375,0.49942
2078.3,842.03,6.6383,0.49939
2077.9,855.64,6.6375,0.4994
2252.5,1489.5,6.6018,0.49967
1516.5,1397.6,6.6036,0.49971
2093.5,1221,6.6176,0.49956
1934,1572.3,6.5938,0.49975
2625.5,1521.6,6.6031,0.49961
1708.9,498.14,6.6577,0.49927
2762,815.19,6.6454,0.49926
497.84,1218.3,6.6085,0.49976
2715,1288.6,6.6191,0.49948
2717.9,1418.9,6.6116,0.49953
2326.3,1068.2,6.6278,0.49946
1760,1192.3,6.6172,0.49958
2542.7,490.26,6.6633,0.49915
1933.5,1549.3,6.5958,0.49974
2087.4,771.3,6.6419,0.49937
2408.9,1186.4,6.6213,0.4995
2075.5,750.3,6.6434,0.49936
2339.9,1069.8,6.6276,0.49946
2680.6,1463.1,6.6078,0.49957
2098.5,1239,6.6161,0.49957
1750.3,1170.6,6.6183,0.49958
631.87,1344.1,6.6022,0.49979
398.1,707.6,6.6352,0.49956
575.51,800.27,6.6312,0.49957
364.1,1169.6,6.6094,0.49977
2713.6,1372,6.6139,0.49952
2780.9,941.37,6.6389,0.49931
2105,1208.8,6.6178,0.49955
1798.5,1212.3,6.616,0.49959
2730.4,1072.6,6.6312,0.49938
1430,1475.2,6.5986,0.49975
1462.6,1390.6,6.6041,0.49971
2484.4,793.77,6.6437,0.49931
2353.8,593.29,6.6545,0.49924
2692.1,1435,6.6097,0.49955
454.94,1596.2,6.5837,0.49996
376.83,1191.9,6.6081,0.49978
384.22,1329.8,6.601,0.49983
1692,1621,6.5887,0.49981
2324.6,1154.6,6.6226,0.4995
2654.9,1441.5,6.6087,0.49957
2485.8,804.29,6.6427,0.49932
364.67,1178,6.6092,0.49977
2709.5,1422.7,6.6112,0.49954
1752.6,494.29,6.6581,0.49927
1579.6,1092.5,6.6211,0.49957
2488.7,827.39,6.6416,0.49933
2528.9,1123.7,6.6259,0.49945
623.73,921.06,6.6248,0.49961
2770.8,578.86,6.6596,0.49915
2066.6,1136.6,6.6221,0.49952
1784.6,840.98,6.6363,0.49943
2326.9,776.42,6.6433,0.49933
1822.5,833.65,6.637,0.49942
2105.8,990.61,6.6296,0.49946
494.67,1495.8,6.5913,0.49989
632.48,1228.7,6.6082,0.49974
2680.9,1482.7,6.6068,0.49958
2054.8,1207.6,6.618,0.49956
504,1326.7,6.6021,0.49981
2604.6,1011.9,6.6329,0.49938
2320.9,660.13,6.6502,0.49928
2698.4,638.85,6.6549,0.4992
2054.3,1209.6,6.6179,0.49956
1570.4,1020.3,6.6257,0.49953
1819,962.13,6.6299,0.49948
1686.1,1508.2,6.5969,0.49975
1923.1,1528,6.5971,0.49973
2602.6,1026.2,6.6317,0.49939
2194.4,1550.8,6.5972,0.49971
465.16,1294.9,6.6035,0.4998
1823.1,1449.4,6.6014,0.4997
480.25,1587.1,6.5843,0.49995
1517.3,1370.2,6.6051,0.49969
2605.7,798.91,6.6443,0.49929
2635.8,711.27,6.6493,0.49925
2096,1209.2,6.6178,0.49955
490.85,1299.2,6.6034,0.4998
1794.9,922.39,6.6313,0.49947
504.67,1282,6.604,0.49979
2714.8,602.29,6.6572,0.49918
1688.8,1502.5,6.5975,0.49974
415.05,1511.4,6.5892,0.49992
1647,1531.7,6.595,0.49977
725.57,889.27,6.6274,0.49958
2569.4,294.66,6.681,0.49901
1634.5,1549.1,6.5936,0.49978
2230.3,1512,6.5999,0.49968
1952,1445.5,6.6027,0.49968
461.61,1609.6,6.5828,0.49996
1963.7,1508.9,6.5985,0.49972
2256.9,1474.2,6.6027,0.49966
2709,1449.1,6.6083,0.49956
2780.3,985.66,6.6362,0.49933
2326.3,739.42,6.6452,0.49932
928.5,1477.7,6.5948,0.49982
2352.5,1233.9,6.6181,0.49953
523.06,1494.1,6.5912,0.49989
2079.8,858.35,6.6368,0.49941
2664.6,1463.5,6.6072,0.49958
641.67,1017.3,6.6197,0.49965
2300.9,602.45,6.6535,0.49926
2626.1,1519.4,6.6027,0.49962
2521.6,1160.7,6.6235,0.49947
1621.1,1565.7,6.5922,0.49979
1789.3,1246.7,6.6135,0.49961
1797.5,887.64,6.6332,0.49946
2386.1,1233.5,6.618,0.49953
2448.4,1182.9,6.6215,0.49949
2320.8,1123.2,6.6236,0.49949
1934.8,1557.7,6.5945,0.49975
1519.3,1364,6.6053,0.49969
1080.6,1646.8,6.5833,0.4999
1532.2,1225.1,6.6131,0.49963
1771.5,1251,6.6129,0.49962
2698.4,1377.7,6.613,0.49953
2625.7,1495.4,6.6043,0.49961
1591.6,485.48,6.6569,0.49929
2767.5,967.4,6.6368,0.49933
1967.4,1518.3,6.5974,0.49972
1793.1,1184.5,6.6171,0.49958
2612.1,959.16,6.6351,0.49937
1931.4,1549.1,6.5948,0.49975
442.38,865.77,6.626,0.49963
474.65,1605.7,6.583,0.49996
2660,1435.4,6.6088,0.49957
1818.4,843.51,6.6358,0.49943
2573.3,986.52,6.6335,0.49938
627.87,1076.3,6.6164,0.49968
2736.4,1053.3,6.6316,0.49937
2616.5,1520,6.6024,0.49962
1650.8,1548,6.5935,0.49978
2650.8,772.95,6.6455,0.49928
506.06,1617.1,6.5825,0.49996
493.06,1324.3,6.6016,0.49981
2712.8,1372.1,6.6132,0.49952
352.77,1175,6.6087,0.49978
2739.8,869.71,6.6411,0.4993
2078.9,1107.4,6.623,0.49951
2080.1,840.59,6.6375,0.4994
469,1346.2,6.6001,0.49983
2335.6,1041,6.6279,0.49945
1825.6,821.32,6.6367,0.49943
1991.9,1483.3,6.5999,0.4997
2365.7,1000,6.6303,0.49943
1668.9,1497.1,6.5972,0.49975
2325.8,741.85,6.6447,0.49932
2064.3,1098.3,6.6233,0.49951
2116.6,699.74,6.6455,0.49934
2110.1,1093.4,6.624,0.4995
1050.9,1628.8,6.5838,0.4999
2729.3,1358.9,6.6142,0.49951
363.81,664.62,6.6365,0.49956
1612.2,485.28,6.6568,0.49928
233.2,452.7,6.6489,0.49949
716.51,1568.4,6.5872,0.4999
434.98,1630.2,6.5804,0.49999
476.39,1221.1,6.6071,0.49977
504.52,1252.6,6.6053,0.49978
2044.3,1248,6.6144,0.49958
472.86,1496.4,6.5901,0.4999
1822.9,916.42,6.6313,0.49947
1956.8,1530.8,6.5962,0.49973
2544.4,742.1,6.6459,0.49929
2526.8,1124.2,6.6252,0.49945
2480.2,863.61,6.6391,0.49935
2103.2,1087.6,6.6239,0.4995
2730.4,1357,6.6142,0.49951
528.89,708.86,6.635,0.49954
2010.6,1442.7,6.603,0.49968
382.92,1254.4,6.6039,0.49981
1807.4,976.77,6.6278,0.4995
603.46,1265.3,6.6056,0.49977
2648.4,1450.3,6.6072,0.49958
1839.1,1614.7,6.589,0.4998
2650.3,1473.8,6.6056,0.49959
582.2,1547.6,6.5875,0.49991
2736.3,995.5,6.6347,0.49935
2336.5,1238.4,6.6172,0.49954
1898,1561.6,6.5936,0.49976
483.34,1456.6,6.5927,0.49988
308.37,625.91,6.6376,0.49956
2701.2,1133.7,6.6264,0.49942
2530.9,330.56,6.6757,0.49906
1932.9,1558,6.594,0.49975
397.52,685.34,6.6351,0.49956
2676.6,1380.1,6.6119,0.49954
1830.2,872.91,6.6337,0.49945
2368.3,1163.6,6.6211,0.4995
1924.8,1529.9,6.5961,0.49974
1738.7,1331.3,6.6076,0.49966
2606.7,1109.6,6.6263,0.49944
477.6,1233.2,6.6062,0.49978
2639.7,1467.9,6.6058,0.49959
2342.4,1050.6,6.6274,0.49946
1906,1546.3,6.5948,0.49975
2726.7,1366.6,6.6133,0.49952
1800.2,851.57,6.6348,0.49944
2077.4,735.96,6.6431,0.49936
2686.8,1109.4,6.6272,0.49942
1936.1,1541.6,6.5952,0.49974
242.18,445.63,6.649,0.49948
480.77,1321.9,6.6012,0.49982
1776.1,1298.7,6.6097,0.49964
780.61,1499.3,6.5924,0.49985
2125.1,857.85,6.6361,0.49941
1136.4,525.84,6.6511,0.49936
1221.1,1518.5,6.593,0.49981
2109,1325.3,6.6103,0.49961
1045.1,1602,6.5854,0.49988
1758.2,1252.9,6.6121,0.49962
2050.8,1218.5,6.6158,0.49957
337.76,638.41,6.637,0.49956
2620.7,817.69,6.6425,0.49931
2033.4,1451,6.6019,0.49968
2685.6,931.99,6.6366,0.49934
2722.5,1358.2,6.6137,0.49952
767.95,1678.1,6.5776,0.49997
1524.4,874.54,6.6319,0.49948
2766.4,1050.1,6.6316,0.49937
2237.9,1497.7,6.6001,0.49968
1632.4,1577.8,6.5907,0.4998
2354.4,1135.2,6.6229,0.49949
361.77,1248.5,6.6037,0.49981
1633,1531.3,6.5941,0.49977
1439.9,504.92,6.6544,0.49932
2585.1,1191.1,6.6219,0.49947
2115.5,774.85,6.6409,0.49937
2734.7,1065.8,6.6303,0.49938
475.93,921.18,6.6228,0.49965
1808.6,611.94,6.6485,0.49934
1681.1,1487.3,6.597,0.49975
1822.4,946.04,6.6292,0.49949
486.18,1490.9,6.5902,0.4999
467.88,1488.9,6.5902,0.4999
376.79,1181.6,6.608,0.49978
377.61,1185.7,6.6077,0.49978
641.57,959.49,6.6219,0.49963
2536,742.6,6.6457,0.49929
1821.3,932.07,6.6304,0.49948
2684.3,1461.1,6.6065,0.49958
2194.7,1533.5,6.5971,0.49971
2727.6,1286,6.6177,0.49948
1690.5,1486.8,6.5974,0.49974
579.55,737.26,6.6337,0.49955
949.93,1496,6.5931,0.49983
1204.7,1518.6,6.5927,0.49981
346.19,1175.8,6.6079,0.49978
2652.9,813.16,6.6425,0.4993
2315.3,1157.1,6.6207,0.49951
1878.6,636.01,6.6476,0.49934
2691.3,1376.1,6.612,0.49954
2648.5,1451.4,6.6068,0.49958
1469.5,1482.7,6.5962,0.49977
1524.8,1014.4,6.6245,0.49954
1480,1509.5,6.5943,0.49978
1939,1549.5,6.5942,0.49975
2327.4,1176.3,6.6197,0.49952
1646.7,1529.3,6.5941,0.49977
1526.1,1065.9,6.6209,0.49957
2618.3,1502.9,6.6028,0.49962
2599.7,1144.3,6.6238,0.49946
526.99,1492.1,6.5903,0.4999
1793.1,1012.5,6.6253,0.49952
636.34,777.42,6.6314,0.49956
476.48,1595.6,6.583,0.49996
2648.8,1454.3,6.6066,0.49958
2551.3,683.64,6.6493,0.49926
621.21,1302.3,6.6029,0.49978
2605.4,803.84,6.643,0.49931
476.04,888.66,6.6241,0.49964
285.15,501.47,6.6451,0.4995
2102.7,1175.7,6.6185,0.49955
469.61,1484.4,6.5906,0.4999
493.99,1047.3,6.6159,0.4997
1838.8,1613.6,6.5886,0.4998
2248.4,1285.7,6.6128,0.49958
500.24,1576.9,6.584,0.49995
1759.1,1301.2,6.6089,0.49965
1412.6,511.99,6.6535,0.49932
462.38,1487.9,6.59,0.49991
1463.3,1495.1,6.5951,0.49978
437.74,1628.4,6.5799,0.49999
597.13,1525,6.5886,0.4999
2348.3,1039.9,6.6271,0.49946
2546,986.18,6.6319,0.4994
2524.8,619.06,6.6528,0.49924
1659.4,1489,6.5968,0.49975
1552.5,1068.5,6.6208,0.49957
424.2,1500.1,6.5889,0.49992
2635.9,243.59,6.6855,0.49897
279.79,500.84,6.6449,0.49951
613.92,1076.6,6.6152,0.49969
493.07,882.52,6.6246,0.49963
1654,1528.7,6.5936,0.49978
2637.8,1492.5,6.6035,0.49961
362.87,1269.8,6.6026,0.49982
2726.4,1367.2,6.6128,0.49952
607.32,1364.8,6.5991,0.49982
345.23,994.22,6.6172,0.49971
2361.6,1062.7,6.6264,0.49946
583.2,1524.1,6.5886,0.4999
1628,1562.7,6.5909,0.4998
525.98,1510.3,6.5892,0.4999
2690.5,1374.1,6.6118,0.49954
1821.6,975.59,6.6272,0.4995
2238.4,1475,6.6012,0.49967
1765.9,1529.7,6.5945,0.49976
2636.9,1468,6.6051,0.4996
2631,1516.7,6.6017,0.49963
399.08,708.05,6.6335,0.49957
2767.2,1048.4,6.6312,0.49937
2185.3,666.52,6.6473,0.49932
2740.9,1259.4,6.6193,0.49947
1575.2,1230.3,6.6119,0.49964
346.68,1172.1,6.6078,0.49978
2661.9,1464,6.6056,0.49959
2359.4,642.76,6.65,0.49928
2205,1520.8,6.5978,0.4997
2623,913.68,6.6367,0.49935
1640.9,1545.9,6.5922,0.49979
1568.9,485.71,6.6556,0.4993
2283.9,1429.5,6.6041,0.49965
1633.7,1546.5,6.5925,0.49979
424.2,1510.5,6.588,0.49993
1794.6,981.48,6.6267,0.49951
1794.9,1493.6,6.5968,0.49974
1684.7,493.98,6.656,0.49929
2077,720.73,6.6432,0.49936
478.53,1235.8,6.6054,0.49978
2528.6,654.62,6.6505,0.49926
2570.2,797.36,6.6426,0.49931
2005,1458.6,6.6006,0.4997
2569.6,737.46,6.6456,0.49929
2121,867.36,6.6348,0.49942
2679.9,1367,6.612,0.49954
1817.7,994.2,6.6265,0.49951
471.03,1538.7,6.5867,0.49993
2090.3,842.81,6.6359,0.49941
2767.5,1266.8,6.6193,0.49946
2602,834.08,6.6408,0.49932
1809.7,947.96,6.6285,0.49949
499.13,1478.2,6.5907,0.4999
2429.8,1031.9,6.6285,0.49944
2625.8,1515.1,6.6012,0.49963
1950,1444.3,6.6013,0.49969
2735.5,1064.1,6.6298,0.49939
1421.9,1477.5,6.5962,0.49977
2583.2,1057,6.6282,0.49942
2347.2,1568.2,6.5948,0.49971
2099.4,1004.6,6.6274,0.49948
1752.3,1277.9,6.61,0.49964
2243.9,1486.8,6.6002,0.49968
2632.9,1476,6.6044,0.4996
1620.3,1563.1,6.591,0.4998
490.67,1210.4,6.6068,0.49977
2578.6,1112.7,6.6252,0.49945
1655.6,1472.6,6.5977,0.49974
2459.1,338.66,6.6735,0.49908
2507.2,761.13,6.6435,0.49931
1636.1,1563.1,6.591,0.4998
643.38,1018.5,6.6182,0.49966
2431.5,938.13,6.6334,0.4994
2780.9,955.46,6.6362,0.49933
2313.1,1008.9,6.6286,0.49945
2574.7,1016.3,6.6304,0.49941
499.1,1558.3,6.5858,0.49993
495.33,1464.6,6.5914,0.49989
2244.3,1458.5,6.602,0.49966
1526,489.06,6.6549,0.49931
1990.7,1474.4,6.5996,0.4997
2053.9,1240.7,6.6142,0.49959
653.69,1303.8,6.6023,0.49979
2710.9,1390.7,6.6108,0.49954
2348.3,952.31,6.6318,0.49942
2108.8,1084.9,6.6227,0.49951
1780.3,1514.5,6.595,0.49976
2646.4,1446.9,6.6063,0.49959
1235.1,552.02,6.6487,0.49937
2534.4,717.18,6.6465,0.49929
1970.5,1509.1,6.5967,0.49973
2702.2,1133.7,6.6255,0.49943
2695.1,1376.6,6.6116,0.49954
1999.7,1466.4,6.5998,0.4997
1536.1,1207.1,6.6127,0.49963
2051.9,1400.5,6.6045,0.49966
2616.9,1500.5,6.6023,0.49962
355.76,1293.2,6.6009,0.49984
2321.7,1142.4,6.6217,0.4995
2628.8,1488.9,6.6034,0.49961
2141.8,858.42,6.6351,0.49941
1670.6,1526.6,6.5935,0.49978
1896.9,1485.3,6.5979,0.49972
2558.2,564.42,6.6563,0.49921
638.44,1302.7,6.6022,0.49979
481.05,1247,6.6042,0.49979
1803,1182.4,6.6155,0.49959
2640.6,1464,6.6051,0.4996
1516,1364.7,6.6033,0.49971
2368,1023.8,6.628,0.49945
492.74,1585.4,6.5828,0.49996
2661,1485.6,6.6037,0.49961
490.55,1235.3,6.6051,0.49978
1827,969.55,6.6272,0.4995
2677,1383.1,6.6108,0.49955
2325.8,708.29,6.6452,0.49932
357.91,643.29,6.6361,0.49956
2691.2,1457.1,6.6061,0.49958
2632.2,774.82,6.644,0.49929
377.6,670.27,6.6349,0.49957
1519.1,1365.9,6.6036,0.49971
1765.2,1534.9,6.5932,0.49977
2744.5,1091.6,6.6279,0.4994
2536.1,320.2,6.6753,0.49906
2518,1158.5,6.622,0.49948
464.3,1494,6.5889,0.49991
2372.5,1214.5,6.6172,0.49953
1203.2,1518,6.5919,0.49982
553.97,732.24,6.6329,0.49956
1619.5,1547.3,6.5918,0.49979
2078.6,1375.5,6.606,0.49965
1508.1,1222,6.6115,0.49965
2090.5,911.28,6.6318,0.49945
2618.5,1505.2,6.602,0.49962
478.3,1600.5,6.5819,0.49997
2520.2,562.52,6.6559,0.49922
1533,1350.6,6.6041,0.4997
2628.6,726.61,6.6465,0.49928
2106.6,903.87,6.6322,0.49944
2739,864.37,6.6403,0.49931
2344.5,1036.8,6.6269,0.49946
473.78,1271.6,6.6032,0.4998
2677.6,1368.1,6.6114,0.49954
1942.8,1413.1,6.6027,0.49968
2625.3,1490.4,6.603,0.49962
1228.4,1516.5,6.5917,0.49982
1533,926.47,6.6282,0.49951
2091,810.64,6.6372,0.4994
1258.7,665.85,6.6411,0.49943
2535.1,1268.8,6.6154,0.49953
2780.6,998.24,6.6335,0.49935
982.95,1498.1,6.5921,0.49984
2610.4,960.1,6.6331,0.49938
464.76,947.34,6.6202,0.49967
2669.7,1443.7,6.6065,0.49958
2762.4,847.04,6.6415,0.49929
2531.4,1161.4,6.6213,0.49948
1705.2,1619.6,6.5862,0.49983
2714.8,1357.6,6.6125,0.49953
529.59,1576.7,6.5834,0.49995
2561.8,994.64,6.6307,0.49941
484.18,1291.2,6.6017,0.49981
2561.7,1066,6.6269,0.49944
2356.5,1219.3,6.6166,0.49954
2671.3,1491.7,6.6032,0.49961
2091,875.51,6.6335,0.49943
2184,1542.6,6.5953,0.49972
2713.4,1359.4,6.6122,0.49953
2653,770.53,6.644,0.49929
2757.3,1340.2,6.6141,0.49951
2631.5,1473.6,6.6039,0.49961
495.58,1043.5,6.6153,0.4997
2116.3,1069.9,6.6234,0.49951
2091.9,1199.3,6.6164,0.49957
2153,516.36,6.6562,0.49925
521.78,1357.9,6.5977,0.49984
2533.7,1268.7,6.6151,0.49953
1579.5,932.11,6.628,0.49951
490.72,1223.2,6.6054,0.49978
2602.9,1113.3,6.6245,0.49945
384.62,1223.3,6.6043,0.49981
1953.2,1476.8,6.5987,0.49971
2684.3,1360,6.612,0.49954
377.7,1297.9,6.6004,0.49984
1830.2,910.52,6.63,0.49948
2356.6,1123.2,6.6221,0.4995
1745.8,1302.4,6.6078,0.49966
493.67,1594.8,6.5817,0.49997
2389,1209.1,6.6173,0.49953
1832.4,1400.4,6.6028,0.49969
1937.5,732.84,6.6407,0.49939
1447.6,1491.5,6.5943,0.49978
1831.2,1013.4,6.6247,0.49952
2635.5,779.66,6.6436,0.4993
295.87,947.26,6.6184,0.49971
2721.5,1335.2,6.6135,0.49952
2479.5,774.22,6.6418,0.49933
2354,968.03,6.6304,0.49943
2487,1207.9,6.6182,0.49951
1832.1,652.89,6.6456,0.49936
2637.8,904.24,6.6365,0.49935
1606.3,1563.2,6.5902,0.49981
2544,334.2,6.6738,0.49907
1499.8,1361.2,6.6029,0.49971
2646.8,1456.3,6.6055,0.49959
2681.4,1363.3,6.6116,0.49954
508.68,1301.9,6.6012,0.49981
1032.7,1626.1,6.5824,0.49991
579.51,800.41,6.6286,0.49959
480.3,951.65,6.6199,0.49967
2641.6,755.08,6.6444,0.49929
460.01,1607.5,6.5807,0.49998
1411.4,1514.1,6.593,0.4998
484.03,1294.1,6.6013,0.49981
2651,1463.7,6.6046,0.4996
2086.9,1284.5,6.611,0.49961
1799.1,1186,6.6146,0.4996
1751.6,1269.9,6.6101,0.49964
2674.5,1484.7,6.6035,0.4996
586.11,1549.5,6.5859,0.49992
471.77,1494.5,6.5885,0.49992
492.97,1202.8,6.6061,0.49978
528.39,1512.7,6.5879,0.49991
2642.9,1460.4,6.6049,0.4996
542.38,1624.8,6.5795,0.49998
2532.8,691.16,6.6474,0.49928
1453.9,1478.7,6.5951,0.49978
2690.3,1428,6.6075,0.49957
588.02,1554.9,6.5856,0.49992
494.4,1281.6,6.602,0.49981
2721.2,1356.8,6.6122,0.49953
1826.1,972.58,6.6265,0.49951
2083.7,867.23,6.6341,0.49943
1713.5,1591,6.5881,0.49981
2688.7,1457.1,6.6054,0.49959
2557.6,712.07,6.646,0.49929
2562.3,997.09,6.6303,0.49941
479.94,1583.8,6.5821,0.49997
703.52,769.79,6.6314,0.49955
2338.7,813.11,6.6383,0.49937
2419.2,1214.8,6.6174,0.49953
471.93,1463,6.5905,0.4999
2675.4,1379.3,6.6103,0.49955
678.94,746.51,6.6322,0.49955
376.65,1272.6,6.6015,0.49983
1465.2,1382.7,6.602,0.49972
309.47,942.15,6.6181,0.49971
2210,1379.4,6.6061,0.49964
1745,1294.9,6.6085,0.49965
1763.4,1534.5,6.5926,0.49978
1657.1,1542.9,6.5915,0.49979
2669.3,816.35,6.641,0.49931
2044.9,1422.4,6.6022,0.49968
308.32,757.18,6.6289,0.49963
2593.4,757.22,6.644,0.4993
1785.6,1187.5,6.6142,0.49961
2701.4,1428.1,6.6074,0.49957
451.28,1479.4,6.5892,0.49991
2690.5,1101.8,6.6261,0.49943
429.21,809.55,6.6268,0.49962
2228.6,1502.7,6.5982,0.4997
1641.9,1559.8,6.5901,0.4998
2753.4,698.3,6.6489,0.49924
2328.2,706.04,6.6447,0.49932
2363.4,668.36,6.6473,0.4993
652.45,1322.8,6.6007,0.4998
1523.2,1338,6.6049,0.4997
616.05,1073.1,6.6142,0.4997
2764.6,840.89,6.6412,0.49929
702.83,1595.1,6.5833,0.49993
2520.1,1323.6,6.612,0.49956
2762.4,815.25,6.6426,0.49928
1551.2,1227,6.6107,0.49965
1023.6,570.53,6.6456,0.49941
2084.7,1286.3,6.6107,0.49961
2678.2,1464.7,6.6045,0.4996
374.53,1253.4,6.6022,0.49982
654.27,1306.3,6.6015,0.49979
2265.6,1429.2,6.6027,0.49966
1601.5,1580,6.5883,0.49982
2472.2,905.31,6.6341,0.49939
2267.5,1305,6.6105,0.4996
1795.4,940.67,6.6281,0.4995
412.69,1510.1,6.587,0.49994
2099.7,818.93,6.6365,0.49941
1661.6,1527.2,6.5927,0.49978
1241.8,1504.3,6.5919,0.49982
1763.9,1533,6.5931,0.49977
2766.1,1299.8,6.616,0.49949
497.73,1280.1,6.6016,0.49981
1506.8,1388.1,6.6016,0.49972
388.1,1256.8,6.6021,0.49982
2756.8,760.29,6.6452,0.49926
249.24,625.62,6.6351,0.49959
2545.2,764.39,6.643,0.49931
487.81,1603.7,6.5804,0.49998
2596,974.13,6.6314,0.4994
2343.8,678.5,6.6463,0.49931
502.91,1496.2,6.5886,0.49991
2448.7,1159.6,6.6199,0.4995
626.56,1299.1,6.6012,0.4998
493.26,1220.5,6.6051,0.49978
462.87,1191.9,6.6063,0.49978
2523.1,559.42,6.6553,0.49922
2084.8,1230.2,6.6139,0.49959
2693.5,1423.5,6.6076,0.49957
2728.1,1387.5,6.6098,0.49955
1495.5,1375.7,6.6015,0.49973
2393.7,1182.5,6.6185,0.49952
474.96,1279.9,6.6021,0.49981
456.32,1478.2,6.5898,0.49991
985.45,1561,6.5867,0.49988
655.21,1361.1,6.5981,0.49982
2159,1460.4,6.6001,0.49969
2341,1223.2,6.6155,0.49955
341.13,673.26,6.6339,0.49958
1376.4,635.88,6.6431,0.49941
2631.8,1497.1,6.6016,0.49963
1512,1203.7,6.6116,0.49965
1730,1572.7,6.5892,0.49981
2685,1464.4,6.6045,0.4996
1908.1,1383.1,6.6039,0.49968
1554.4,1209.4,6.6115,0.49964
2225.9,1486.1,6.5988,0.49969
2229,1507.3,6.5969,0.49971
2681.3,1456.5,6.6049,0.49959
2026.9,1606.1,6.5886,0.49979
2631,1482.3,6.6029,0.49962
397.39,709.7,6.6319,0.49959
2550.3,858.72,6.637,0.49936
454.44,1591.4,6.5813,0.49998
2603.6,264.32,6.681,0.49901
2508.1,1202.3,6.6181,0.49951
2358.2,912.32,6.6328,0.49941
2342.4,653.47,6.6477,0.4993
1914,1578.7,6.59,0.49979
1672.4,1473.6,6.597,0.49975
293.32,940.78,6.6177,0.49972
2668.4,1401.1,6.6082,0.49957
1844.9,1549.3,6.5918,0.49978
2433.3,1002.9,6.6286,0.49944
1551.6,928.27,6.6267,0.49952
2186.4,1531.4,6.5952,0.49972
2631.2,1475.1,6.6031,0.49961
1745.9,1137.2,6.6167,0.49959
2368.6,1027.3,6.6266,0.49946
2572.2,716.07,6.6453,0.49929
2684.5,1462.8,6.6044,0.4996
2377.1,1194.2,6.6172,0.49953
1826.2,886.5,6.6306,0.49947
531.94,1506.3,6.5875,0.49992
2066.6,711.36,6.6422,0.49937
490.53,1557.6,6.5842,0.49995
1798.2,952.43,6.6266,0.49951
1983.5,1469.3,6.5984,0.49972
2304.2,1199.5,6.6163,0.49955
486.04,1040.2,6.6145,0.49971
2542.2,575.39,6.6542,0.49923
1477.8,1389.2,6.6004,0.49974
2090.7,864.77,6.6337,0.49943
927.07,1476.4,6.5922,0.49984
1794,970.11,6.6262,0.49951
622.01,1239,6.6048,0.49977
2492.2,820.02,6.6385,0.49935
467.26,892.15,6.6217,0.49966
1530.6,1046.5,6.6201,0.49958
360.41,999.02,6.6154,0.49972
2661.6,1506.6,6.6007,0.49963
2693.9,1093.1,6.6264,0.49942
2555.8,1123.5,6.6231,0.49947
2590.8,984.91,6.6305,0.49941
2676.4,1465.1,6.6041,0.4996
2532.1,1161.5,6.6203,0.49949
2367.2,1028.8,6.6264,0.49946
2324.4,645.79,6.6478,0.4993
2744.6,556.16,6.6575,0.49917
950.21,1578.1,6.585,0.4999
2255,1312,6.6099,0.4996
454.27,913.65,6.6208,0.49967
664.95,743.32,6.6316,0.49956
2691.3,1362.5,6.6107,0.49955
2679.8,1395.1,6.6086,0.49956
2120.1,843.76,6.6348,0.49942
2632.5,782.88,6.6426,0.49931
2715.7,1421.9,6.607,0.49957
384.44,634.3,6.6361,0.49956
1976.3,1445.6,6.5997,0.49971
1211.1,557.93,6.647,0.49939
2119.9,810.65,6.6366,0.49941
2098.7,746.08,6.6402,0.49938
2472.6,903.65,6.6337,0.4994
655.78,1316.9,6.6003,0.4998
2433.6,1031.1,6.6267,0.49945
2630.7,1495.1,6.6013,0.49963
2682.3,1436.9,6.6059,0.49958
408.58,1621.1,6.5787,0.5
2540.1,758.95,6.6426,0.49932
2672.9,1430.6,6.6062,0.49958
2374.1,1189.5,6.6176,0.49953
2605.5,751.88,6.6437,0.4993
2466.9,336.78,6.6718,0.4991
1795.9,944.28,6.6274,0.4995
512.58,1202.7,6.6056,0.49978
1776.1,833.98,6.6332,0.49946
2492.7,1172.4,6.6193,0.49951
2538.7,867.58,6.6361,0.49937
2464.6,1210.6,6.6168,0.49953
1862.8,1527.8,6.5932,0.49976
2627,740.48,6.6441,0.49929
655.44,1363,6.5976,0.49982
2744.5,1374.5,6.6107,0.49954
2674,1425.5,6.6067,0.49958
2580.4,971.36,6.6308,0.4994
2454.3,1158,6.6195,0.49951
1810.9,951.29,6.6265,0.49951
1628.8,1565.8,6.5891,0.49981
868.44,1083.1,6.615,0.49967
1457,1504.8,6.5923,0.4998
1535.8,1380.7,6.6009,0.49973
1586.5,897.22,6.6282,0.49951
2737.6,967.79,6.6329,0.49936
2688,812.58,6.6407,0.49931
2558.2,540.64,6.6564,0.49921
364.94,1216.3,6.6033,0.49982
470.73,1536.2,6.5847,0.49995
515.53,1329.1,6.5981,0.49984
2774.5,1072.3,6.6277,0.4994
2567.7,636.26,6.6501,0.49926
2651.3,1443.7,6.6049,0.4996
376.14,1621.6,6.5778,0.50002
659.19,757.98,6.6308,0.49956
2244.5,1287.3,6.611,0.4996
1615,514.77,6.6526,0.49932
2730.3,452.04,6.6646,0.49912
1573.9,1071.4,6.6186,0.49959
2156.9,515.57,6.655,0.49926
674.83,762.08,6.6307,0.49956
656.58,1328.1,6.5995,0.49981
1996.3,1496.9,6.5961,0.49973
2486.3,825.3,6.6379,0.49936
2651.6,1460,6.6038,0.49961
2196.8,1539.3,6.5944,0.49973
1814,918.69,6.6281,0.49949
1493,1343.1,6.6028,0.49972
1459.8,1518.2,6.5913,0.49981
2536.5,770.61,6.6414,0.49933
479.61,1549.1,6.5838,0.49995
460.33,1537.9,6.5848,0.49995
294.08,570.01,6.6386,0.49955
1033,1624.2,6.5815,0.49992
2052.5,1273,6.6101,0.49962
521.85,1225.5,6.6039,0.49979
2258.2,1318.9,6.6091,0.49961
2517.1,873.57,6.6358,0.49937
2462.3,591.87,6.6519,0.49925
2712.5,791.35,6.6423,0.49929
2578.2,822.7,6.6388,0.49934
858.44,1460.5,6.5928,0.49984
619.09,727.08,6.6319,0.49956
1794.3,973.76,6.6255,0.49952
2514.5,1167,6.6196,0.4995
1388.4,622.66,6.643,0.49941
363.75,1188.4,6.6048,0.4998
2484.6,1213.3,6.6168,0.49953
2733.1,1052.7,6.628,0.4994
1577.9,343.62,6.6654,0.49922
1580.5,1211.8,6.6108,0.49965
1227.1,1515.3,6.5906,0.49983
2070.6,1114.9,6.6189,0.49955
2365.9,1054.4,6.6248,0.49948
2674.2,1481,6.6025,0.49961
655.17,1344.5,6.5985,0.49982
1976.9,1614.6,6.587,0.4998
2220.4,1486.4,6.598,0.4997
1868.9,622.61,6.646,0.49935
2313,1191,6.6173,0.49954
1517.7,1189.9,6.612,0.49964
1829.3,850.3,6.6319,0.49946
1640.5,1525.8,6.5915,0.49979
2477.1,1152.2,6.6198,0.4995
2368.5,384.12,6.6667,0.49915
2582.2,1150,6.6213,0.49948
482.05,1573.4,6.5824,0.49996
2680,1373.1,6.6095,0.49956
1512.3,1378,6.6006,0.49973
2340.3,777.13,6.6392,0.49937
2652,433.13,6.665,0.49913
2755.4,870.97,6.6384,0.49932
2528,608.1,6.6512,0.49925
2181.2,510.61,6.6549,0.49926
1600.7,1075.1,6.6183,0.49959
2730.4,1410,6.6079,0.49956
2424.6,1178.9,6.6182,0.49952
2128.3,755.59,6.6391,0.49939
1812.2,922.69,6.6277,0.4995
2542.9,1017.1,6.6277,0.49943
1994.2,1496.9,6.5958,0.49973
2209,1377.2,6.6051,0.49964
2681.1,1371.4,6.6095,0.49956
2580.5,308.73,6.6756,0.49906
1830.3,1015.1,6.6232,0.49953
1668.9,1541.2,6.5904,0.4998
2640.6,787.79,6.6415,0.49931
2672.9,1427.7,6.606,0.49959
2654.7,765.11,6.6428,0.4993
2580.9,1083.1,6.6246,0.49945
2587.6,1199.3,6.6184,0.4995
2538,1130,6.6223,0.49948
1754.7,1040.2,6.6214,0.49955
2682.1,1437.3,6.6054,0.49959
528.17,1618,6.579,0.49998
498.49,1456.2,6.5899,0.4999
2145.5,891.18,6.6313,0.49944
2102.5,1532.9,6.5938,0.49974
2369.1,576.01,6.6521,0.49926
640.56,1241.2,6.6041,0.49977
2269.8,1436.9,6.6016,0.49967
1246.6,664.47,6.6394,0.49945
1254,604.3,6.6437,0.49941
2509.4,1272.1,6.6132,0.49955
2350,1239.8,6.6137,0.49956
483.61,925.16,6.6196,0.49967
442.35,821.39,6.6248,0.49964
2662.7,1432.6,6.6054,0.49959
1221.9,545.37,6.647,0.49939
2539.1,839.63,6.6376,0.49936
628.08,1271.5,6.6019,0.49979
2407.5,1133.9,6.6206,0.49951
2527.7,584.98,6.6527,0.49924
610.05,1510.5,6.587,0.49991
2635.4,1486.1,6.6015,0.49963
650.18,1083.6,6.6127,0.49971
2645.8,1468.4,6.6028,0.49961
2434.2,974.65,6.6292,0.49943
2118.2,1081.5,6.6211,0.49953
699.58,1564.4,6.5838,0.49993
1586.6,914.9,6.6267,0.49952
1740.6,1432.2,6.5986,0.49973
2371.1,773.95,6.6398,0.49936
435.92,468.37,6.6468,0.49946
1620.9,1588.4,6.5868,0.49983
984.74,1496.7,6.5905,0.49985
2351.9,803.73,6.6379,0.49937
697.68,751.08,6.6307,0.49956
2316.8,607.51,6.6499,0.49929
2781.5,711.71,6.6475,0.49924
2541.7,550.99,6.655,0.49922
1892.7,1545.9,6.5912,0.49978
474.89,1245.6,6.6024,0.49981
372.57,1299.2,6.5982,0.49986
2365.1,582.96,6.6517,0.49927
785.69,1488,6.59,0.49987
2554.9,642.8,6.649,0.49927
457.07,1592.1,6.5804,0.49998
1479.5,1330.8,6.6038,0.49971
2655.5,1432.5,6.6052,0.49959
387.38,1207.3,6.6037,0.49981
925.42,636.87,6.6391,0.49947
2492.6,791.52,6.6393,0.49935
2668.5,1488.8,6.6016,0.49962
2526.9,585.13,6.6525,0.49924
2778.2,1040.8,6.6293,0.49938
2342.2,971.02,6.6285,0.49945
2597.5,1129.9,6.6224,0.49947
721.97,1561.9,6.5843,0.49992
491.59,1337.8,6.5972,0.49985
2356.9,1206,6.6155,0.49955
1878.4,1505.6,6.5942,0.49976
2238.9,1290.6,6.6105,0.4996
2719.3,1387.9,6.6087,0.49956
2332.4,1193.2,6.6159,0.49955
358.74,1265.7,6.6003,0.49984
609.73,765.5,6.63,0.49957
2092.1,1266.7,6.6102,0.49961
2651.9,1440.8,6.6045,0.4996
2560.8,829.08,6.6378,0.49935
644.67,1346.6,6.5975,0.49983
379.85,1252.2,6.6009,0.49983
1508.6,1358.6,6.6018,0.49972
798.08,1472.9,6.5905,0.49987
2259.4,1308.6,6.6092,0.49961
2700.3,1347.5,6.6113,0.49954
2655.5,1452,6.6044,0.4996
2186.3,1403.4,6.6028,0.49966
491.16,1326.9,6.5978,0.49984
2669.7,814.91,6.6397,0.49932
2778.9,1039.6,6.6292,0.49938
2561.3,324.47,6.6732,0.49908
365.32,1203.5,6.6036,0.49981
2329.5,1078.7,6.6222,0.4995
473.84,1287.6,6.5999,0.49983
2483.9,765.99,6.6405,0.49934
2521.1,774.03,6.6407,0.49933
2557.9,679.11,6.6467,0.49928
2785.1,718.09,6.6471,0.49924
1599,934.7,6.6255,0.49953
1907,1459,6.5975,0.49973
2574.4,988.13,6.6294,0.49942
665.04,975.44,6.618,0.49966
2483.6,973.87,6.6293,0.49943
1226.2,1502.9,6.5906,0.49983
2209.5,1506.4,6.5957,0.49972
2532.3,566.53,6.6533,0.49924
2684.2,1502.1,6.6007,0.49963
2700.9,1423.6,6.6062,0.49958
2620.4,1495.7,6.6004,0.49964
2275.5,1425.6,6.602,0.49966
629.61,1346.3,6.5976,0.49983
2655.3,1433.2,6.6049,0.4996
2253.3,1438.3,6.601,0.49967
643.91,1244.2,6.6033,0.49978
2782.7,799.08,6.6423,0.49928
2775.9,1058.4,6.6285,0.49939
934.42,1571.8,6.5845,0.4999
1563,1614.3,6.5842,0.49986
403.59,1334.6,6.5962,0.49987
490.4,1300.7,6.5988,0.49983
366.05,1200.6,6.6036,0.49981
2567.8,815.93,6.6388,0.49934
2372.5,794.8,6.6383,0.49937
476.84,1318,6.5982,0.49984
2665.2,1509.4,6.5997,0.49964
2461.9,1216.9,6.6159,0.49954
2369.3,579.08,6.6515,0.49927
1908.7,1526.5,6.5924,0.49977
2725.2,604.93,6.6527,0.49921
1662.6,757.09,6.6361,0.49944
496.48,956.46,6.618,0.49968
2785.2,1091,6.6265,0.4994
2658.9,1439.1,6.6045,0.4996
657.04,1325.1,6.599,0.49981
2364.7,1041.2,6.6247,0.49948
2753.6,842.06,6.6392,0.49931
1558.7,1049.7,6.619,0.49958
2639.1,903.77,6.6347,0.49937
1807.1,1164.5,6.6141,0.49961
2505.7,502.44,6.6578,0.4992
2259.5,1427.1,6.6017,0.49967
2577.4,1571.3,6.5945,0.49969
2121.8,1509.2,6.5952,0.49973
2446.7,984.04,6.628,0.49944
610.59,1510,6.5867,0.49991
2680.2,1392.1,6.6078,0.49957
2351.4,747.68,6.6408,0.49935
2554.7,643.83,6.6487,0.49927
1975.1,1519.2,6.5936,0.49975
2642.6,245.86,6.6827,0.49899
543.36,1199.8,6.6054,0.49978
1029,1556.9,6.5856,0.49988
1752,1569.6,6.5883,0.49981
629.9,1356.6,6.5969,0.49983
1944.3,1482.6,6.5957,0.49974
1462.4,1492.1,6.5929,0.4998
495.1,926.79,6.6194,0.49967
2571.9,672.54,6.647,0.49928
629.13,1243.3,6.603,0.49978
517.17,1537.3,6.5843,0.49994
1486.9,1493.3,6.5924,0.4998
2363.8,1032.3,6.6247,0.49948
2434.8,1161.2,6.6182,0.49952
1956.6,1540.8,6.5918,0.49977
2650.6,1433.3,6.6045,0.4996
495.8,931.2,6.6191,0.49967
2576.6,884.31,6.6349,0.49937
453.26,1596.5,6.5797,0.49999
2683.6,1362,6.6096,0.49956
2617,1145.7,6.6209,0.49948
1577.1,1052.7,6.6188,0.49958
2190.8,1526.2,6.5945,0.49973
1559.6,1176.3,6.6127,0.49963
447.02,619.14,6.6365,0.49954
370.83,1262.5,6.6002,0.49984
2683.3,1360.7,6.6097,0.49956
617.41,1293.7,6.6008,0.4998
384.21,654.72,6.6332,0.49958
2635.8,1469.2,6.6022,0.49962
2606.5,263.17,6.6797,0.49902
2353.7,745.74,6.6407,0.49935
358.09,1258.9,6.6002,0.49984
2667.8,1437.2,6.6046,0.4996
2455.6,1132,6.6201,0.4995
2555.8,697.6,6.6449,0.4993
2538.5,768.5,6.6407,0.49933
2671.3,1429.8,6.6051,0.49959
1817.6,851.89,6.631,0.49947
2716.2,1441,6.605,0.49959
1483.1,484.03,6.6527,0.49933
2595.9,973.56,6.6299,0.49941
1116.5,523.04,6.6473,0.49939
473.83,1275.8,6.6003,0.49982
2574.7,734.43,6.643,0.49931
2652.3,240.63,6.6833,0.49898
2694.8,1450.7,6.6041,0.4996
629.74,1312.4,6.5993,0.49981
1803.3,857.33,6.6306,0.49948
2749.7,581.2,6.6547,0.49919
451.4,1483,6.5873,0.49993
659.1,1349.4,6.5973,0.49982
2550.8,752.61,6.6425,0.49932
2010.7,1471.5,6.5969,0.49972
2563.8,995.73,6.6287,0.49942
391.82,1274.8,6.5997,0.49984
631.21,1321,6.5985,0.49982
1569,912.18,6.6262,0.49953
2594.1,853.75,6.6366,0.49936
460.03,1480.5,6.5878,0.49992
457.69,508.81,6.6435,0.49949
2257.5,1249.3,6.6122,0.49958
655.46,1243.5,6.6035,0.49978
484.14,1481.6,6.5879,0.49992
2689.6,844.04,6.6379,0.49933
1933,1622,6.5853,0.49982
2450.5,1159.9,6.6188,0.49951
2495.8,823.46,6.6374,0.49936
1603.6,1055.4,6.6186,0.49958
2552.4,607.44,6.6507,0.49925
2355.1,780.66,6.6386,0.49937
2077.4,1003.8,6.6246,0.4995
1422.2,1512.9,6.5905,0.49982
1594.8,388.39,6.6606,0.49926
2640.9,1460.4,6.6026,0.49962
712.43,896.49,6.6221,0.49963
2383.2,991.88,6.6271,0.49946
357.47,1247,6.6007,0.49984
2625.6,788.42,6.6401,0.49933
1094.3,534.84,6.6466,0.4994
2480.2,844.12,6.6356,0.49938
2037.7,1277.4,6.6087,0.49963
2680.4,222.61,6.6854,0.49896
641.47,1302.8,6.5998,0.49981
792.71,1490.2,6.5894,0.49987
480.81,1531.8,6.5849,0.49994
1735.2,1586.8,6.5866,0.49983
457.5,918.48,6.6192,0.49968
2120.4,737.95,6.6395,0.49938
2571.4,852.7,6.636,0.49937
1600,387.08,6.6608,0.49926
665.39,947.09,6.619,0.49965
433.89,645.09,6.6341,0.49956
2625.4,1486.7,6.6006,0.49964
389.57,1169.6,6.6051,0.4998
487,1350.1,6.5956,0.49986
2377.1,1058.6,6.6235,0.49949
2544.9,340.71,6.671,0.49909
2370.9,738.59,6.6411,0.49935
657.97,1318.8,6.599,0.49981
2271,1452.3,6.5994,0.49968
964.67,611.18,6.6407,0.49946
2654.7,901.03,6.6346,0.49936
711.11,898.92,6.6219,0.49963
2611.2,776.64,6.641,0.49932
2742.1,520.06,6.6585,0.49916
2482.8,330.94,6.6711,0.4991
354.05,1196.5,6.6033,0.49982
1092.6,1628.7,6.5799,0.49992
388.09,1194.9,6.6037,0.49981
477.87,1500,6.5861,0.49994
659.67,1338.1,6.5978,0.49982
1746.3,1550.1,6.5893,0.4998
2518.9,1146.9,6.6201,0.4995
2654.7,1103.7,6.6234,0.49945
630.83,1334.4,6.5978,0.49982
2357.3,1194.6,6.6158,0.49955
490.27,676.64,6.6326,0.49957
2339.1,708.16,6.6422,0.49934
654.12,1003.5,6.6157,0.49968
2372.1,1100.5,6.6211,0.4995
394.23,1299.6,6.5981,0.49985
2703.5,1336.2,6.6112,0.49954
1505.9,1187.3,6.611,0.49965
2269,1452.8,6.5993,0.49968
2595,755.63,6.6415,0.49932
1661.9,1523.2,6.5911,0.4998
2620.4,1486.5,6.6002,0.49964
2737,485.63,6.6608,0.49915
516.32,1294.8,6.5992,0.49983
1936.4,1560.7,6.5898,0.49979
2588.1,616.13,6.6498,0.49925
504.52,1303.3,6.5984,0.49983
2774.5,973.11,6.6327,0.49936
2686.5,1342.2,6.6106,0.49955
2620.9,1492.9,6.5999,0.49964
1681.6,1522.2,6.5909,0.4998
2636.7,1466.8,6.6019,0.49962
1589.5,879.9,6.6278,0.49951
1426.1,1486.2,6.5921,0.4998
1432.2,1473.5,6.593,0.4998
646.83,1321.4,6.5983,0.49982
661.86,1324.8,6.5981,0.49982
2303.1,844.58,6.6344,0.49941
1769,1219.4,6.6103,0.49964
2783.3,1094.8,6.6259,0.49941
459.09,1578.2,6.5804,0.49998
2328.4,943.6,6.6288,0.49945
2073,1001.3,6.6243,0.49951
648.2,1018,6.6152,0.49969
2591.5,651.97,6.6476,0.49927
2649.5,799.61,6.6398,0.49933
1561.3,1031.1,6.6194,0.49958
2588.1,689.77,6.6456,0.49929
2688.9,1370.6,6.6087,0.49956
2571.9,637.34,6.6488,0.49927
2140.1,1483,6.5966,0.49972
2510.8,1186.4,6.6176,0.49952
2563.9,335.04,6.6712,0.49909
1089.3,1626.6,6.5801,0.49992
472.49,1459.7,6.5885,0.49992
658.05,1265.2,6.6018,0.49979
2289.6,1376.9,6.6041,0.49965
353.65,1184.3,6.6038,0.49982
1654.7,1556,6.5882,0.49982
492.21,1323.9,6.5973,0.49985
2170.5,1430.9,6.6002,0.49969
2439,1220.6,6.6148,0.49955
2655.7,754.65,6.6421,0.49931
2345.7,636.58,6.6468,0.49931
835.78,701.17,6.634,0.49952
2490.1,836.31,6.6359,0.49938
305.89,753.47,6.6261,0.49965
395.43,655.37,6.6328,0.49958
2066.6,1149.6,6.6158,0.49957
518.52,1330.4,6.597,0.49984
646.91,1323.4,6.5981,0.49982
2092.8,1267.6,6.6093,0.49962
1569.6,343.94,6.664,0.49923
2608.1,815.1,6.6381,0.49934
2001.8,1438.1,6.5983,0.49971
2353.7,782.53,6.6381,0.49937
1579.8,1033.6,6.6192,0.49958
2707.6,1416,6.6062,0.49958
1677.8,1472,6.5946,0.49977
2094.4,739.13,6.6385,0.49939
2510.6,1257.2,6.6129,0.49955
598.16,1535,6.5846,0.49993
2613.7,947.14,6.6313,0.4994
523.7,1556.8,6.5823,0.49996
2437.8,1207.8,6.6155,0.49954
618.26,964.23,6.6177,0.49967
1469,493.17,6.6509,0.49934
491.88,1302.1,6.5984,0.49984
2572,889.98,6.6336,0.49938
1442.6,1500.1,6.5911,0.49981
2373.9,791.64,6.6378,0.49937
2533.6,643.07,6.6478,0.49928
472.58,1228.8,6.6023,0.49981
1259.8,670.58,6.6382,0.49945
659.18,1346.7,6.597,0.49983
2625.6,912.94,6.6333,0.49938
2669.9,734.37,6.6433,0.49929
2577.2,837.85,6.6368,0.49936
1769.6,1336.5,6.6037,0.49969
2103.2,851.14,6.6325,0.49944
346.31,872.29,6.6202,0.49969
349.13,1156.6,6.6051,0.49981
2259.6,1250,6.6117,0.49959
2362.1,1130.8,6.6194,0.49952
2297.8,1362,6.605,0.49964
2768.3,849.48,6.6384,0.49932
2730.7,1098.1,6.6243,0.49943
2129.6,743.1,6.639,0.49939
2728.2,1346.7,6.6105,0.49954
2714.2,541.07,6.6563,0.49919
1656.3,1503,6.592,0.49979
2591.9,723.24,6.6435,0.4993
2482.3,329.57,6.6708,0.4991
1627.4,1540.8,6.589,0.49981
1629.9,1536.6,6.5899,0.49981
2514.6,749.06,6.6412,0.49933
2700.3,1470.6,6.6022,0.49961
375.47,1190.7,6.6035,0.49981
2470,1169.8,6.6176,0.49952
2490.4,837.14,6.6357,0.49938
1774.1,1188.4,6.6117,0.49963
2800,370.92,6.6705,0.49906
2637.8,774.08,6.6411,0.49932
2663.9,1479.9,6.601,0.49963
2387.5,790.18,6.6378,0.49937
2637.8,780.1,6.6402,0.49932
520.81,1351.9,6.5954,0.49986
1133,515.56,6.6473,0.49939
2567,600.78,6.6507,0.49925
499.34,901.6,6.6196,0.49967
2624.7,1484.6,6.6003,0.49964
397.16,1303.5,6.597,0.49986
2588.5,618.47,6.6493,0.49926
1571.6,876.83,6.6275,0.49952
493.81,1339.4,6.5962,0.49985
922.56,640.83,6.638,0.49948
389.8,1209.5,6.6026,0.49982
2640,1458,6.6022,0.49962
652.15,735.79,6.6301,0.49957
2353.2,800.49,6.637,0.49938
2780.6,757.29,6.6433,0.49927
1418,1498.8,6.5914,0.49981
2637.1,380.53,6.6674,0.49911
2531.2,606.3,6.65,0.49926
2718.8,577.15,6.6538,0.4992
668.57,928.26,6.6195,0.49965
359.95,904.94,6.6184,0.4997
2610.9,727.56,6.6433,0.4993
2798,732.16,6.6454,0.49925
2656.5,1498.1,6.5992,0.49964
2502.3,322.34,6.672,0.49909
2521,1141,6.6193,0.4995
506.37,1327.2,6.5966,0.49985
850.6,691.03,6.6344,0.49952
662.96,1346.1,6.5965,0.49983
2098.1,1566.3,6.59,0.49977
1920,1432.2,6.5983,0.49972
470.22,1584.6,6.5803,0.49998
460.43,1569.7,6.5806,0.49998
373.82,1272.8,6.5985,0.49985
2528.6,265.44,6.678,0.49904
2366.5,1232.8,6.6129,0.49957
2389,1204.8,6.6147,0.49955
1571.1,894.44,6.6265,0.49952
2326.5,633,6.6465,0.49931
2283.1,1192.3,6.6148,0.49956
1887.5,1629.6,6.5837,0.49984
623.57,1623.7,6.5778,0.49998
2559.5,1138.7,6.6206,0.49949
2167.8,1562.6,6.5907,0.49976
313.01,645.98,6.6324,0.4996
616.21,1337.4,6.5971,0.49983
519.37,837.48,6.6237,0.49963
2327.4,631.19,6.6467,0.49931
742.64,1557.2,6.5836,0.49992
2518.2,805.15,6.6379,0.49936
2470.2,1151.6,6.6182,0.49952
1455.6,1502.8,6.5912,0.49981
367.76,844.43,6.6221,0.49967
459.01,1466.3,6.5876,0.49993
2061.6,1589.6,6.5876,0.49979
673.52,1372.6,6.5949,0.49984
1798.5,1268.1,6.6071,0.49966
1091.4,1625.6,6.58,0.49992
2222.8,1501.2,6.5956,0.49972
372.62,1264.4,6.5993,0.49985
2751.3,578.03,6.6541,0.4992
323.62,627.36,6.6333,0.49959
2198,691.56,6.642,0.49936
1801.5,1124.5,6.6151,0.4996
2351.8,712.76,6.6418,0.49934
2353.5,1033.3,6.6235,0.49949
2585.4,582.51,6.6515,0.49924
2538.1,999.89,6.627,0.49944
2335.5,1511.7,6.5951,0.49971
2751.1,914.01,6.6342,0.49935
2372.4,1209,6.6142,0.49956
2587.5,931.52,6.631,0.4994
356.11,1197.4,6.6027,0.49982
2353.7,711.16,6.6418,0.49934
1617.1,1552.6,6.5884,0.49982
2066,1039.8,6.6216,0.49953
1563.2,1191,6.6106,0.49965
2612.8,990.32,6.6282,0.49942
797.88,1450.8,6.5916,0.49986
396.02,1278.3,6.5982,0.49985
1770.5,1513.4,6.5919,0.49978
320.62,1071,6.6089,0.49978
2254.5,1427,6.6005,0.49968
713.75,907.59,6.6211,0.49963
2575.5,673.54,6.6461,0.49929
1494.1,1479.2,6.5924,0.4998
1182.6,1408.2,6.5958,0.49979
948.59,1559.9,6.5845,0.4999
2535.7,1065.7,6.6233,0.49947
2657.7,238.74,6.6823,0.49899
2624.6,775.87,6.6401,0.49933
2470.1,842.12,6.6352,0.49938
2276.3,1244.8,6.6117,0.49959
460.61,942.51,6.6172,0.49969
2389.6,1023.7,6.6242,0.49948
2534.9,641.34,6.6475,0.49928
853.27,1454.4,6.5916,0.49985
348.56,901.85,6.6182,0.4997
2635.2,1457.9,6.6016,0.49963
660.76,1262.6,6.6014,0.49979
1919.6,1503.2,6.5934,0.49976
2735.9,743.69,6.6435,0.49928
1849.5,635.82,6.6431,0.49938
442.66,1176.5,6.6047,0.49979
1520.9,1185.5,6.6106,0.49965
2162.4,529.25,6.6521,0.49928
2566.3,563.1,6.6525,0.49924
1823.7,1565,6.5882,0.49981
2687.9,902.87,6.6337,0.49937
2656.6,732.98,6.6429,0.4993
469.11,1574.6,6.581,0.49998
2657,758.55,6.6414,0.49931
1957.6,1455.6,6.5963,0.49973
604.9,1082.7,6.6113,0.49972
2641.4,1360,6.6081,0.49957
519.75,1303.8,6.5976,0.49984
1746.7,1547.4,6.5893,0.4998
360.03,880.58,6.6191,0.49969
1660,1625.6,6.5826,0.49986
2723.7,1361.2,6.6091,0.49955
1923.8,596.89,6.6456,0.49935
2683.6,949.56,6.6315,0.49938
474.62,1213.9,6.6027,0.49981
2710.1,506.36,6.6582,0.49917
2237.4,1474,6.5975,0.4997
2676.4,228.31,6.6837,0.49898
2683.2,1467.1,6.6021,0.49962
2176.2,1533.6,6.5925,0.49975
1289.2,679.62,6.6369,0.49946
1977,1607.5,6.5852,0.49982
2391.5,1145.6,6.6177,0.49953
2348.6,635.21,6.6462,0.49931
2733.6,527.65,6.6569,0.49918
372.35,836.28,6.6218,0.49967
2000.4,1439.7,6.5976,0.49972
2741,913.39,6.6338,0.49936
2521.4,865.39,6.6338,0.49939
478.25,1299.5,6.5978,0.49984
2266.5,1301.7,6.6082,0.49962
1808.9,1153,6.6137,0.49961
1041,1324,6.6,0.49977
2393.9,1150.6,6.6172,0.49953
2720.3,463.66,6.6616,0.49914
669.89,1006.2,6.6148,0.49969
2188.4,1526.3,6.5931,0.49974
2767.5,913.32,6.634,0.49935
634.09,1365.4,6.5948,0.49985
1432.6,576.01,6.6443,0.4994
2485.5,780.62,6.6381,0.49936
2245.3,1451.5,6.5986,0.49969
2373,648.52,6.6453,0.49932
2499.7,1145.2,6.6184,0.49951
1994.6,1476.1,6.5951,0.49974
2521.6,770.15,6.6396,0.49934
2198.8,1285.4,6.6086,0.49962
371.02,1316.1,6.5963,0.49987
