1718.6,215.13,6.7866,0.49833
1178.8,396.68,6.7562,0.4986
1836.5,304.41,6.7551,0.49855
1845.1,304.87,6.7548,0.49855
2164.3,290.07,6.7471,0.49858
2170.4,292.23,6.7464,0.49858
2237.8,210.61,6.7508,0.49853
1180.7,514.92,6.7154,0.49889
2248.3,336.85,6.7325,0.49867
2242.7,314.81,6.7326,0.49867
2296.2,238.77,6.7404,0.4986
2240.3,309.77,6.7317,0.49868
2234.7,306.19,6.7322,0.49867
2317.2,242.93,6.7367,0.49863
2332.2,247.79,6.7348,0.49864
2287.1,364.95,6.722,0.49875
1084.8,560.14,6.7006,0.499
1150.5,566.45,6.7001,0.499
2350.9,217.14,6.7364,0.49862
1854.8,391.57,6.7153,0.49883
2357.9,256.91,6.7287,0.49868
2377.1,224.56,6.7322,0.49865
2323,328.16,6.7206,0.49875
881.83,1423.8,6.6421,0.49947
2342.3,340.03,6.7168,0.49877
1004.2,1438.1,6.6404,0.49947
1468.5,667.03,6.6865,0.49908
388.58,783.62,6.6705,0.4993
1461.4,686.43,6.6816,0.49911
2399.5,274.9,6.7179,0.49876
1056.1,1575.6,6.6234,0.4996
707.34,625.43,6.6751,0.49922
1584.1,596.16,6.6805,0.49911
1054.4,1588,6.6171,0.49964
1047.9,1622.4,6.6138,0.49967
764.05,668.56,6.6699,0.49925
665.35,1575.2,6.6147,0.4997
1110,1590.7,6.6151,0.49965
1096.2,530.89,6.6787,0.49916
411.24,1125.2,6.6389,0.49954
2122.3,301.34,6.7034,0.49889
1020.4,1595.2,6.6116,0.49969
1081.1,1595.8,6.6117,0.49968
1093.1,1606.5,6.6103,0.49969
1083.3,1585.4,6.6118,0.49968
1047.4,1597.5,6.6104,0.49969
1063.1,1598,6.6099,0.49969
389.63,1284.6,6.626,0.49964
1041,544.73,6.6732,0.4992
783.52,723.56,6.6603,0.49932
776.34,736.94,6.6586,0.49934
788.12,720.31,6.6601,0.49932
1034.7,547.06,6.6723,0.49921
398.14,1147.5,6.6322,0.49959
2061.4,486.74,6.6813,0.49906
2208.8,1008.4,6.6508,0.49929
1029,1589.5,6.6081,0.49971
2055,497.01,6.6801,0.49907
386.28,1149.6,6.631,0.4996
2061,490.76,6.6801,0.49907
398.74,1149.4,6.6304,0.4996
2699.2,501.63,6.683,0.49898
701.92,1521,6.6103,0.49972
1056.3,1620.9,6.6035,0.49974
2789.1,758.34,6.6675,0.49908
406.62,1301.5,6.6205,0.49968
2198.5,1197.2,6.6374,0.49939
421.6,1302.8,6.6205,0.49967
393.64,897.44,6.6423,0.49951
2790.3,720.43,6.6691,0.49907
709.15,1230.1,6.6271,0.49959
1062.9,697.31,6.6582,0.49931
2828.4,915.96,6.6579,0.49915
2367.5,488.18,6.6792,0.49905
1126,736.22,6.6558,0.49933
2241.7,1023.6,6.6463,0.49932
2541.2,196.07,6.7093,0.4988
396.59,421.83,6.671,0.49928
423.86,1303.3,6.6188,0.49969
1067.1,1621.8,6.6012,0.49976
1026.3,1594.6,6.603,0.49975
1080.7,1594,6.6033,0.49974
390.11,1159,6.6264,0.49963
2252.6,1000.9,6.6466,0.49932
408.25,1302.6,6.6185,0.49969
423.92,1310.9,6.6178,0.49969
651.25,1606.5,6.5997,0.49981
2480,306.41,6.6949,0.49892
1053.4,1613.9,6.6013,0.49976
2381.8,480.51,6.678,0.49906
1017.3,1631.4,6.5994,0.49978
1024.2,1640,6.599,0.49978
718.89,661.29,6.6559,0.49936
2076.8,537.94,6.6714,0.49914
2212.5,1002.1,6.6452,0.49933
2211.5,1028.8,6.6436,0.49934
2228.5,1206.9,6.6338,0.49942
2714.1,942.58,6.6523,0.49922
2785,447.87,6.6833,0.49896
1035.3,1622.6,6.5991,0.49978
652.21,1537.1,6.6034,0.49978
1031,1631.2,6.5981,0.49979
1032.8,1317.7,6.62,0.49961
1031.4,1593.7,6.601,0.49976
2071,531.03,6.6709,0.49914
2802.4,890.05,6.6557,0.49917
769.96,718.75,6.6511,0.49939
2218.6,1008.3,6.6433,0.49934
962.35,1602.8,6.5998,0.49978
412.04,915.26,6.637,0.49955
748.54,1500.9,6.606,0.49975
2374,498.25,6.6749,0.49908
848.59,1339.7,6.6171,0.49965
1009.1,1614.4,6.5987,0.49978
1145.8,1560.1,6.6038,0.49973
827.61,1340,6.6166,0.49966
2075.3,538.89,6.6696,0.49915
406.61,1205.3,6.6211,0.49967
1030.5,1553.4,6.6033,0.49974
2799.7,851.72,6.6571,0.49916
2056.8,496.97,6.6727,0.49913
844.9,1410.9,6.6121,0.49969
994.76,1613.4,6.5981,0.49979
2194.3,853.38,6.651,0.49929
1055.7,1320.2,6.6187,0.49962
1053.6,1345.7,6.6171,0.49964
2209.7,1012.3,6.6421,0.49935
2197.5,1007.4,6.6423,0.49935
750.79,706.25,6.6507,0.4994
386.81,1565.7,6.5975,0.49986
1029.9,1345.9,6.6167,0.49964
2197.5,1012.2,6.6419,0.49936
2742.4,583.54,6.671,0.49906
2236.5,992.57,6.643,0.49934
2796.2,750.21,6.6617,0.49913
1059.6,1553.5,6.6024,0.49975
424.2,1205.6,6.62,0.49968
424.68,1209.2,6.6199,0.49968
2248.6,989.87,6.643,0.49934
2777,410.58,6.6837,0.49896
2232.9,1212.9,6.6305,0.49944
2237,1188.8,6.6318,0.49943
1015.5,1622.8,6.5962,0.4998
1194.1,832.85,6.6459,0.4994
2236,990.1,6.6425,0.49935
701.46,692.75,6.6498,0.49941
809.75,1558.2,6.6,0.49979
2777.7,431.53,6.6813,0.49898
776.09,1535.5,6.6018,0.49978
2066.1,564.57,6.6663,0.49918
1012.1,1612.8,6.5966,0.4998
2198.5,1187.2,6.6313,0.49944
2245.9,1039.2,6.6397,0.49937
2235.4,1016,6.6408,0.49936
939.41,1593,6.5979,0.49979
1018.8,1614.2,6.5966,0.4998
591.09,988.89,6.6321,0.49956
2235.5,1011.7,6.641,0.49936
2196.6,1006.5,6.6409,0.49936
2185.3,1190.2,6.6308,0.49944
1063.8,709.45,6.6509,0.49937
438.77,1213.9,6.6188,0.49968
377.99,1535.4,6.5987,0.49985
2193.4,1211.5,6.6293,0.49946
825.27,1413.2,6.6097,0.49971
2181.4,1383.5,6.619,0.49954
2207.7,1033.6,6.6392,0.49938
410.74,1207.1,6.6185,0.49969
1012.9,1605.7,6.5964,0.4998
1042.5,1594,6.5977,0.49979
2195.6,1028.8,6.6389,0.49938
2254.6,996.11,6.6407,0.49936
1042,1594.8,6.5974,0.49979
1253.2,1351,6.6154,0.49963
2207.9,1009.1,6.6399,0.49937
2246.5,1018.6,6.6396,0.49937
1022.7,1292.8,6.618,0.49963
2234.8,1009.8,6.6399,0.49937
2194.5,863.23,6.6476,0.49931
426.37,1184.8,6.619,0.49968
851.09,1319.4,6.6148,0.49967
2254,1017.9,6.6392,0.49937
2152.7,285.08,6.6885,0.499
2205.6,840.93,6.6489,0.4993
830.55,1319.2,6.6146,0.49967
2234.1,1031.4,6.6385,0.49938
2194.9,1193,6.6293,0.49946
2183.4,1188.4,6.6295,0.49945
2233.4,861.28,6.6477,0.49931
2198.1,1169.3,6.6307,0.49944
2178.7,1383,6.618,0.49955
694.8,736.78,6.6457,0.49944
410.43,1149.2,6.6201,0.49968
1070.4,1604.2,6.5959,0.4998
2069.9,566.84,6.6641,0.49919
2202.3,1191.8,6.6288,0.49946
393.29,1584.5,6.5933,0.49989
440.99,1212.6,6.6173,0.49969
1055.6,702.42,6.6499,0.49938
630.98,1629.7,6.5916,0.49987
2234.4,1175.6,6.63,0.49945
2139,1380.5,6.6174,0.49955
2180.6,1204.5,6.628,0.49947
2567.2,733.69,6.6567,0.4992
400.85,1208.6,6.6168,0.4997
2204.1,1172.4,6.6295,0.49945
813.63,1345.4,6.6121,0.49969
1102.9,705.76,6.6496,0.49938
2191.2,1209.4,6.6276,0.49947
2246.3,1000.1,6.6393,0.49937
809.25,1716.9,6.5841,0.49991
2028.3,1693.6,6.5922,0.49976
2206,1032.6,6.6372,0.49939
2802.9,895.49,6.6503,0.49921
2246,1013.5,6.6384,0.49938
2238.5,1194.7,6.6281,0.49946
1350.5,813.98,6.644,0.4994
382.43,1524.9,6.5968,0.49986
2234.3,1174,6.6295,0.49945
1604.1,662.49,6.654,0.49931
1033,754.26,6.6453,0.49941
1132.6,767.03,6.6453,0.49941
2230.6,1196.4,6.628,0.49946
2219.4,1191.6,6.6283,0.49946
2220,1187.7,6.6284,0.49946
1066.5,1595,6.5957,0.4998
863.75,1290.1,6.6155,0.49966
2195.1,1174.8,6.6289,0.49946
2803.3,700.62,6.6609,0.49913
2807.9,840.95,6.653,0.49919
1044.5,1418.1,6.6081,0.49971
2190.1,1206.6,6.6269,0.49947
395.68,1583.3,6.5922,0.4999
1277,1353.1,6.6132,0.49965
2184.4,1385.4,6.6162,0.49956
805.88,1520.2,6.5998,0.49979
2183.8,1166.2,6.629,0.49946
752.52,1502.9,6.6005,0.49979
901,834.42,6.6396,0.49947
1263.8,1418.4,6.609,0.49968
2181.3,1186.2,6.6277,0.49947
1096.3,717.83,6.6474,0.49939
1031.8,1613.4,6.5935,0.49982
418.56,928.52,6.6307,0.49959
1322.7,830.58,6.6423,0.49942
2331.4,425.8,6.675,0.49909
2172.8,287.44,6.6862,0.49901
2216.1,1207.9,6.6265,0.49947
2813.5,948.87,6.6462,0.49924
2220.8,1172.6,6.6284,0.49946
2157,1348.1,6.6178,0.49955
1850.3,1525.1,6.6045,0.49968
2182.1,1174.5,6.6279,0.49947
2217.6,1196.3,6.6269,0.49947
1014.7,1560.3,6.5972,0.49979
2232.3,826.27,6.6473,0.49931
2233.3,845.5,6.6463,0.49932
403.94,1214.8,6.6149,0.49972
2230.3,1189.6,6.6273,0.49947
2182.4,1170.5,6.6281,0.49947
778.4,1542.1,6.5974,0.49981
2194.6,861.54,6.6449,0.49933
705.51,771.46,6.6409,0.49948
1089,1565.8,6.5971,0.49979
2215,999.61,6.6371,0.49939
443.35,1156.4,6.6177,0.49969
450.3,1323.6,6.6088,0.49976
823.6,1290.5,6.6139,0.49968
1088.6,703.62,6.6472,0.4994
774.96,751.79,6.6424,0.49946
2239,1176.1,6.6275,0.49947
2803.4,873.8,6.6498,0.49922
392.7,1537.1,6.5942,0.49988
850.32,1418.6,6.6054,0.49974
2817.1,1022.6,6.6417,0.49928
2714.3,1011.1,6.6408,0.49931
869.84,1348.3,6.6101,0.4997
2820.7,712.9,6.6591,0.49914
2388.6,528.72,6.6668,0.49914
2728.5,504.31,6.6708,0.49907
1069.8,1297.7,6.6147,0.49965
1067.1,1553.4,6.5973,0.49979
816.93,1321.9,6.6113,0.4997
816.85,1325.6,6.6109,0.4997
997.15,1595.4,6.5936,0.49982
419.24,1229.8,6.613,0.49973
590.7,1375.4,6.6064,0.49976
451.2,1319.8,6.6086,0.49976
2751.6,454.23,6.6749,0.49903
2191.4,1188.2,6.6264,0.49948
2803.4,886.79,6.6488,0.49923
2225.5,1213.7,6.6252,0.49948
1367.5,833.83,6.641,0.49942
2694.6,972.18,6.6422,0.4993
2245.7,995.44,6.6372,0.49939
2246,847.69,6.6453,0.49933
2234.3,870.45,6.6439,0.49934
2207.2,867.11,6.6439,0.49934
1036,1627.9,6.5909,0.49984
2712.1,922.58,6.6454,0.49927
591.91,958.44,6.6292,0.49958
249.51,779.16,6.6353,0.49959
579.97,884.72,6.633,0.49955
2218.9,1177.4,6.6269,0.49947
2798.9,717.84,6.6578,0.49916
450.2,1264.7,6.6109,0.49974
448.61,1233.1,6.6126,0.49973
2233.7,994.8,6.6368,0.49939
421.85,1262.2,6.6107,0.49975
695.3,1609.1,6.5901,0.49988
2700.3,904.81,6.6459,0.49927
579.59,864.54,6.6339,0.49955
2712.8,948.78,6.6436,0.49928
1014.4,1327.1,6.6114,0.49968
1073.2,1353.2,6.6102,0.49969
1031.2,1638,6.5893,0.49985
2684.5,836.43,6.6499,0.49924
2193.5,1169,6.6269,0.49947
1057.9,1333.2,6.611,0.49968
1076.5,705.3,6.6459,0.49941
2224.8,1209.8,6.6247,0.49949
2206.3,828.74,6.6455,0.49933
2242.9,1037.6,6.6342,0.49941
591.75,1178.1,6.617,0.49968
2141.9,1381.5,6.614,0.49958
424.27,1293.2,6.6086,0.49976
397.8,1346.2,6.6058,0.49979
579.91,1014.6,6.6256,0.49961
692.61,1608,6.5897,0.49988
2706.5,804.59,6.6514,0.49922
587.42,1645,6.5863,0.49992
704.21,759.58,6.6403,0.49948
594.22,822.03,6.6366,0.49952
415.36,740.66,6.6387,0.49953
696.8,1594.1,6.5908,0.49987
2179.2,1350.6,6.6159,0.49956
1909.5,494.16,6.664,0.49921
1001.6,1166.9,6.6199,0.49962
1040.2,1533.5,6.5971,0.49979
582.17,919.14,6.6304,0.49957
868.3,1604.9,6.591,0.49985
402.02,790.19,6.6358,0.49956
2802.1,746.58,6.655,0.49918
648.1,1622.3,6.5883,0.4999
1012.9,1352.7,6.6091,0.4997
585.23,1001,6.6257,0.49961
2071.6,520.72,6.663,0.4992
1247.3,1299.6,6.6141,0.49964
1231.2,1354.2,6.6101,0.49968
2700.5,935.68,6.6433,0.49929
432.78,1196.4,6.6139,0.49972
1075.9,996.97,6.6289,0.49954
858.5,1329.4,6.6093,0.49971
1035.5,1001.4,6.6292,0.49954
873.08,1324.1,6.6098,0.49971
629.99,1388.5,6.6043,0.49977
708.32,724.5,6.6414,0.49947
2807.3,528.37,6.6685,0.49907
1065,1551.4,6.5954,0.4998
2097.5,1518.9,6.6036,0.49966
2215.8,850.88,6.643,0.49935
423.57,928.38,6.628,0.49961
1347.7,836.96,6.6392,0.49944
2194.6,830.02,6.6444,0.49934
1255.3,1330.6,6.6114,0.49966
964.97,820.34,6.638,0.49948
2218.4,1170.3,6.6258,0.49948
584.4,951.58,6.6279,0.49959
412.31,1180.3,6.6146,0.49972
1019.4,1635.9,6.5886,0.49986
2215.4,832.26,6.6439,0.49934
1048.2,1627.3,6.5894,0.49985
1296.5,1354.9,6.6099,0.49967
1043,1593.6,6.5919,0.49983
454.83,1296.8,6.6076,0.49977
469.15,1352.6,6.6048,0.49979
2207.8,872.82,6.6417,0.49936
2195.6,849.3,6.6429,0.49935
1280.4,1330.9,6.6111,0.49966
1077.2,1328.8,6.6101,0.49969
1112.6,1171.8,6.6191,0.49961
410.73,936.14,6.6266,0.49963
672.71,1599.9,6.5897,0.49988
1616,666.99,6.6498,0.49934
2762.7,595.85,6.6628,0.49912
2756.5,471.63,6.6709,0.49906
2246.6,831.61,6.6441,0.49934
706.83,1415.3,6.6024,0.49978
2190.2,1365.4,6.6135,0.49958
307.79,467.1,6.6537,0.49943
868.45,1600.7,6.59,0.49986
668.19,1541.1,6.5939,0.49985
1049.4,1610.4,6.5899,0.49985
2737.2,531.63,6.6668,0.4991
1122.4,1592,6.5921,0.49983
696.82,1591.4,6.5897,0.49988
2167.3,1376.3,6.6127,0.49959
2683.8,572.52,6.6629,0.49914
1005,1167.6,6.6185,0.49963
1045.7,1618.2,6.5891,0.49985
317.08,568.15,6.6465,0.49949
620.21,1193.4,6.6144,0.49969
1016.4,1331.8,6.609,0.4997
2815.3,684.55,6.6577,0.49915
2755.9,581.91,6.6632,0.49912
380.5,955.89,6.6251,0.49964
710.85,934.64,6.6295,0.49957
2242.6,1043.6,6.632,0.49943
2118.4,678.28,6.6514,0.49929
669.49,1549.3,6.5926,0.49986
700.68,1592.3,6.5892,0.49988
420.36,820.99,6.6326,0.49958
447.03,1196.7,6.6125,0.49973
2237,1042.9,6.632,0.49943
1060.4,774.62,6.6399,0.49946
405.25,820.07,6.6325,0.49958
2183.6,1363.9,6.6133,0.49958
2151.9,1362.1,6.6128,0.49959
2398,1103.3,6.6303,0.49943
1238.7,1418.9,6.6046,0.49972
1980.2,658.75,6.6515,0.4993
2171.5,1363,6.6132,0.49958
756.02,1525.7,6.595,0.49983
1048.8,1420.9,6.6031,0.49974
592.35,823.93,6.6345,0.49954
2254.1,983.76,6.6347,0.49941
687.75,1607.3,6.5876,0.4999
2475.9,1488.7,6.6072,0.4996
1265.1,1420.5,6.6042,0.49972
412.8,1192.6,6.6122,0.49974
452.55,965.82,6.6248,0.49963
419.36,1193.5,6.6122,0.49974
708.67,766.17,6.6377,0.4995
717.15,1543.3,6.5925,0.49986
1996.5,542.46,6.6592,0.49924
392.26,791.74,6.6335,0.49957
2171.8,1359.6,6.613,0.49958
420.13,794.89,6.6336,0.49957
2180.8,1367.3,6.6126,0.49959
712.46,1248.8,6.6113,0.49971
1262,836.77,6.637,0.49946
1077.9,1332.6,6.6086,0.4997
2183.1,1360.5,6.6129,0.49958
1024.8,1418.8,6.603,0.49975
2768.9,439.2,6.6727,0.49905
2194.3,996.39,6.6335,0.49942
1023.6,1583.1,6.5917,0.49984
2194.4,1000.2,6.6333,0.49942
2133.8,1356.3,6.6128,0.49959
2145.4,1357.3,6.6128,0.49959
1004.5,1635.1,6.5869,0.49988
2136.8,1346.8,6.6133,0.49958
2169,1366.1,6.6124,0.49959
1043.6,1557.8,6.5932,0.49982
400.04,1123.7,6.6153,0.49972
704.04,1107.3,6.6187,0.49965
2235.9,854.33,6.6413,0.49936
624.53,1049.1,6.6213,0.49964
1075.9,1557.1,6.5934,0.49982
583.62,813.17,6.6338,0.49955
621.28,1195.2,6.6133,0.4997
2196.9,853.65,6.641,0.49936
306.6,469.69,6.6522,0.49944
2795,579.04,6.6626,0.49912
2814.5,898.58,6.6442,0.49926
737.74,1423.1,6.6007,0.49979
451.4,1193.4,6.6119,0.49973
2216.3,815.73,6.6428,0.49935
2256,853.77,6.6409,0.49936
1236.2,901.83,6.6325,0.4995
733.55,1258.5,6.6103,0.49971
2812.4,884.91,6.6452,0.49925
1005.6,1635.8,6.5862,0.49988
2760.7,425.37,6.6734,0.49904
915.29,1521.5,6.595,0.49982
436.66,1154.3,6.6136,0.49972
1346.7,1586.9,6.5919,0.49981
2713.1,1059.6,6.6338,0.49936
1622.5,665.72,6.6482,0.49935
876.09,1328.6,6.607,0.49973
2387.9,492.29,6.6647,0.49916
993.38,1593.6,6.5896,0.49985
2771.8,440.45,6.6721,0.49905
598.41,876.67,6.63,0.49958
2822.8,688.92,6.6558,0.49917
599.94,909.05,6.6282,0.49959
267.51,938.43,6.6231,0.49968
2141.7,1363.7,6.6117,0.4996
2631.7,1419.7,6.6124,0.49954
912.92,1523.6,6.5947,0.49982
1047.6,1633.5,6.5866,0.49987
2131.4,1359.3,6.6119,0.4996
2128.1,674.17,6.6506,0.49929
1114,1172.5,6.6171,0.49963
2194.3,1005.1,6.6322,0.49943
1336,823.66,6.637,0.49946
1019.8,1617.3,6.5874,0.49987
2130.1,1362.5,6.6116,0.4996
1359.1,869.2,6.6346,0.49947
2155.7,1345.2,6.6125,0.49959
2052.7,1513.7,6.6011,0.49969
2126.5,1372.1,6.6109,0.4996
2467.1,1496.2,6.6054,0.49962
2426.9,910.94,6.6386,0.49936
2569.1,1539.8,6.6033,0.49962
2102.3,1497.8,6.6024,0.49967
576.4,1672.9,6.5804,0.49997
1283,1335.5,6.6083,0.49969
2744.8,1044.2,6.6348,0.49935
711.26,706.26,6.6398,0.49949
2143.1,1359.9,6.6117,0.4996
1027.1,1600.5,6.5886,0.49986
2546.2,1145.7,6.627,0.49944
323.92,559.07,6.6458,0.49949
2564,682.24,6.6529,0.49923
901.85,1166.3,6.6158,0.49966
825.4,1542.6,6.5919,0.49985
936.85,834.18,6.6347,0.49951
328.3,573.06,6.6442,0.4995
2633.5,1436.8,6.6108,0.49955
2824.9,692.83,6.6552,0.49917
1425.3,827.25,6.6368,0.49945
2174.4,1376,6.6106,0.4996
2444.4,1539.5,6.6014,0.49965
866.83,990.59,6.6247,0.49959
1059.8,1615.8,6.5874,0.49987
1301.7,1334.2,6.6083,0.49968
2256.3,835.57,6.6411,0.49936
1301.9,1331.1,6.6086,0.49968
2099,1517.3,6.6007,0.49969
1981.1,630.02,6.6515,0.4993
805.13,1162.1,6.6154,0.49967
2567.8,718.98,6.6505,0.49925
1077.1,1150.6,6.6173,0.49963
598.2,919.9,6.6268,0.4996
449.81,1228.5,6.6094,0.49976
2097.4,1502.8,6.6016,0.49968
949.8,1564.2,6.5906,0.49985
2200.4,1156.5,6.623,0.4995
411.17,1154.1,6.6126,0.49974
1018,1530.1,6.5942,0.49982
1072,1617.4,6.5871,0.49987
1956.6,658.73,6.6497,0.49931
676.89,1712.6,6.5768,0.49998
983.43,1640.6,6.585,0.49989
452.38,1196.8,6.6106,0.49975
2441.4,447.66,6.6674,0.49913
742.77,1132.3,6.6163,0.49967
1063.5,1607.7,6.5877,0.49986
1300,1299.5,6.6107,0.49967
2436.5,1520,6.6027,0.49964
2830.4,845.81,6.6464,0.49924
2107.7,1486.7,6.6027,0.49967
2197.6,1042.2,6.6296,0.49945
2435.9,1520.7,6.6026,0.49964
598.5,901,6.6275,0.49959
901.49,1165.8,6.6154,0.49966
2766.2,533.85,6.6641,0.49911
410.74,1171.6,6.6113,0.49975
2105.4,1489.2,6.6023,0.49967
2795.3,417.96,6.6727,0.49904
2690.2,1076.2,6.6319,0.49938
1014.6,1603.8,6.5882,0.49986
2652.8,505.73,6.6647,0.49913
1000.4,1640.8,6.5845,0.49989
2577.7,1537,6.6027,0.49962
2198.1,849.78,6.6397,0.49937
2538.5,293.7,6.682,0.49901
2636.6,1285.8,6.6193,0.49949
410.74,1155.6,6.6121,0.49974
2795.5,418.54,6.6726,0.49904
357.39,437.3,6.6541,0.49942
838.07,1393.6,6.6017,0.49977
432.11,1287.9,6.6051,0.49979
2487.6,1453.2,6.6075,0.4996
2108.7,1483.4,6.6025,0.49967
602.07,872.98,6.6285,0.49959
857.72,1393.3,6.6018,0.49977
952.11,831.71,6.6339,0.49951
799.72,1434.6,6.5988,0.4998
982.49,1639.7,6.5847,0.49989
408.62,828.24,6.6297,0.4996
410.38,1159,6.6117,0.49974
2746.9,1034.4,6.6347,0.49935
2058.8,1499.3,6.601,0.49969
1066.5,1308.8,6.6076,0.49971
2697.6,949.46,6.6388,0.49932
2693.1,946.5,6.6385,0.49933
1381.8,827.06,6.6358,0.49946
1067.6,1534.8,6.593,0.49982
2702.9,1000.3,6.6354,0.49935
2666.2,578.61,6.6595,0.49917
2541.5,1181,6.624,0.49946
821.08,1418.4,6.5997,0.49979
2191.2,1347.6,6.6112,0.4996
598.46,881.86,6.628,0.49959
2814,956.96,6.6396,0.49929
2135.9,1372.2,6.6097,0.49961
2753,592.91,6.6595,0.49915
397.21,822.04,6.6296,0.4996
600.42,934.96,6.6251,0.49961
1068.1,1418.2,6.6011,0.49976
2256.8,817.25,6.6412,0.49936
604.02,1257.5,6.6077,0.49975
821.18,1415.6,6.5998,0.49979
1285.8,1608.8,6.5882,0.49984
405.32,1536.2,6.589,0.49992
1237.7,1330,6.6074,0.4997
2210.4,869.41,6.6382,0.49938
455.9,1318.9,6.6034,0.4998
2395.7,1557,6.5989,0.49967
1041,1303.9,6.6078,0.49971
413.16,871.68,6.6264,0.49963
760.33,1524.4,6.5917,0.49986
2068.6,1482.8,6.6019,0.49968
855.22,1556.9,6.5899,0.49986
2559,733.5,6.6485,0.49927
1398.7,843.62,6.6349,0.49947
713.61,734.58,6.6367,0.49951
2790.1,433.75,6.6712,0.49905
2388.2,429.82,6.6671,0.49914
2061.5,1493.3,6.601,0.49969
1038.3,1548.6,6.5912,0.49984
2549.1,1108.9,6.6277,0.49943
2066.5,1485.4,6.6016,0.49968
1046.2,1308.9,6.6069,0.49972
756.61,1531.7,6.5913,0.49986
1084.6,1435.9,6.5997,0.49977
424.89,803.17,6.6304,0.49959
2012.2,533.03,6.6568,0.49925
455.8,1238.4,6.6072,0.49977
885.34,1304.9,6.6061,0.49973
2570.7,1094.9,6.6286,0.49942
1404.7,1654.4,6.5844,0.49987
2661,541.89,6.6614,0.49915
2746.3,992.32,6.636,0.49934
1034.2,1375.7,6.6031,0.49975
1837.2,1512.1,6.5982,0.49973
425.4,792.52,6.6311,0.49959
2198.5,831.6,6.6399,0.49937
620.86,1231.6,6.6088,0.49974
2774,410.66,6.6723,0.49905
1964.8,661.77,6.6479,0.49933
589.74,1662.2,6.5794,0.49997
626.15,1020.4,6.6199,0.49965
2670.6,1030,6.6326,0.49938
592.3,943.29,6.624,0.49962
1094.7,1004.5,6.6244,0.49957
1349.3,1178.4,6.6161,0.49962
1024.5,1606.9,6.5863,0.49988
1032.5,1575.3,6.5893,0.49985
430.19,1194.7,6.6089,0.49976
2105.5,1502.1,6.6003,0.49969
1973.3,647.61,6.6493,0.49932
2617.4,1463.5,6.6071,0.49958
440.82,1136.9,6.6121,0.49974
306.72,472.91,6.6492,0.49947
622.02,1249.9,6.6076,0.49975
2552.7,661.16,6.6523,0.49924
1055.2,1598,6.5871,0.49987
2431.5,1546.8,6.599,0.49967
589.04,855.75,6.6286,0.49959
1360.7,1567.4,6.5911,0.49982
2249.2,877.39,6.6374,0.49939
2438.6,1496.2,6.603,0.49964
330.18,556.8,6.6435,0.49951
1180.5,1639,6.5852,0.49988
883.49,1534.8,6.5913,0.49985
608.75,1359,6.6011,0.4998
581.04,1671.7,6.5787,0.49998
2567.2,1131.7,6.6261,0.49944
888.82,1434.8,6.5982,0.4998
830.55,1587.1,6.5867,0.49989
841.99,1520.1,6.5923,0.49985
606.98,1288.4,6.6051,0.49977
2068.8,1479.2,6.6014,0.49968
1232.9,1177.1,6.6152,0.49964
1253.5,825.74,6.634,0.49949
2564.7,1191.6,6.6224,0.49947
457.53,1189.2,6.6096,0.49975
2714.6,890.27,6.6408,0.49931
602.97,952.45,6.6232,0.49963
2088.2,1508.2,6.5994,0.4997
722.07,981.13,6.6227,0.49962
895.47,822.42,6.6324,0.49953
2067.6,1498.6,6.5999,0.4997
2098.9,1509.1,6.5993,0.4997
2110.8,1473.9,6.6019,0.49968
2606.7,203.62,6.6922,0.49892
870.73,994.27,6.6225,0.49961
2797.1,552.49,6.6618,0.49913
2216.5,983.82,6.6306,0.49944
709.73,977.26,6.6226,0.49962
868.27,1302.6,6.6056,0.49974
1195.9,1435.2,6.5996,0.49976
2084.2,1483.5,6.6006,0.49969
441.54,1155.2,6.6109,0.49975
615.03,1228,6.6083,0.49974
2641.2,1252,6.6196,0.49948
934.38,1573.8,6.588,0.49987
2547.2,1197.4,6.6219,0.49948
2395.6,504.85,6.6608,0.49919
1069.9,1292.2,6.6071,0.49971
448.11,1280,6.604,0.4998
988.58,1434.7,6.5984,0.49979
2084,1482.7,6.6006,0.49969
1284.2,1416.4,6.6011,0.49974
2820,1000,6.6363,0.49932
450.97,1288.3,6.6037,0.4998
2620.8,1452.7,6.6073,0.49958
2208,1002.5,6.6297,0.49945
1238.7,1333.1,6.6059,0.49971
1310.8,840.82,6.6334,0.49949
824.1,819.19,6.6318,0.49954
604.31,826.12,6.6295,0.49958
991.69,1434.3,6.5984,0.49979
434.16,1258.8,6.6051,0.49979
2115.6,1485.3,6.6009,0.49968
397.74,1534.2,6.5878,0.49993
1053.7,1511.9,6.5931,0.49982
419.93,1173,6.6095,0.49976
256.58,739.26,6.6311,0.49962
2577.4,1538.9,6.6008,0.49964
729.06,944.48,6.6244,0.49961
2549.9,1175.6,6.6229,0.49947
2807.9,510.14,6.6644,0.4991
2698.7,577.7,6.6584,0.49917
2214.1,1212.4,6.6183,0.49954
2618.4,1435.4,6.6083,0.49958
2559.9,1189.9,6.6222,0.49947
2607.4,202.33,6.6919,0.49892
606.07,1222.1,6.6082,0.49974
714.17,739.58,6.6353,0.49952
450.57,1309.8,6.6021,0.49981
2769.1,535.5,6.6621,0.49913
662.68,1625.3,6.5829,0.49994
2250.6,873.83,6.6368,0.49939
2083.8,1471.5,6.6014,0.49968
609.3,1316.5,6.6029,0.49979
1127.2,1556.7,6.5902,0.49984
1078.8,1546.1,6.5904,0.49984
2812.5,722.08,6.6509,0.49921
834.48,1351.7,6.6026,0.49977
2609.1,1454.7,6.6068,0.49959
1800.1,1544.5,6.5946,0.49976
866.96,1298.5,6.6057,0.49974
2196.4,985.31,6.6303,0.49945
2649.8,472.52,6.6651,0.49913
1235.4,1176.6,6.6146,0.49964
419.39,1160.5,6.61,0.49976
417.23,906.28,6.6231,0.49965
2835.1,697.92,6.6523,0.49919
360.98,440.25,6.6521,0.49943
831.23,1586.1,6.5861,0.4999
2577.3,953.63,6.6353,0.49937
869.8,1287.3,6.6059,0.49974
1318.4,1011.2,6.6236,0.49956
2567.2,870.61,6.6394,0.49934
2748.1,594.41,6.6574,0.49917
426.47,1224.7,6.6069,0.49978
2068.7,1495.4,6.5996,0.4997
1630.6,675.3,6.6441,0.49938
448.43,1267.9,6.6042,0.4998
2600.6,1489.9,6.6042,0.49961
2217.8,420.69,6.6657,0.49917
753.54,1577.7,6.5863,0.4999
2604,1464.2,6.6059,0.4996
2584.2,1516.2,6.6021,0.49963
2112.3,1487.5,6.6003,0.49969
2816.1,502.29,6.6645,0.4991
450.83,1257.9,6.6049,0.49979
1085.1,763.11,6.6358,0.49949
622.07,1268,6.6056,0.49976
1408.4,829.45,6.6338,0.49948
2207.6,1006.3,6.629,0.49946
846.44,1298,6.6053,0.49974
2537.3,1202.5,6.6209,0.49949
620.32,1362.5,6.5999,0.49981
2069.6,1492.3,6.5996,0.4997
606.55,997.21,6.62,0.49965
441.21,1308.8,6.6017,0.49982
686.03,1701.4,6.5752,0.5
819,1606,6.5845,0.49991
1190.5,868.26,6.6307,0.49952
2676.2,601.65,6.6558,0.49919
2589.2,1507.4,6.6026,0.49962
2212.5,1045.9,6.6265,0.49948
2736.1,578.59,6.6585,0.49916
2120.7,1473.9,6.6011,0.49968
2235.6,986.42,6.6301,0.49945
437.1,1327,6.6005,0.49983
711.51,927.29,6.6246,0.49961
2731.9,1002.9,6.6337,0.49936
1064.1,1323.5,6.6048,0.49973
437.75,1248.5,6.6049,0.49979
712.23,718.83,6.6361,0.49952
594.13,913.31,6.6243,0.49962
873.85,1144.3,6.6136,0.49968
2570.6,703.99,6.6486,0.49927
2419.8,1517,6.6001,0.49966
2540.8,612.48,6.6539,0.49923
1199.1,1433.9,6.5988,0.49977
2048.8,1504.1,6.5984,0.49971
258.35,752.4,6.6292,0.49963
591.4,842.93,6.628,0.49959
1275.9,826.04,6.633,0.49949
2621.6,1440,6.6077,0.49958
2546.4,1197.7,6.6209,0.49949
2807.6,523.73,6.6628,0.49912
2239.1,819.68,6.6391,0.49937
2549.8,1173.9,6.6223,0.49947
442.45,1327,6.6002,0.49983
1247.8,841.08,6.6323,0.4995
2554.6,977.69,6.6334,0.49939
862.89,821.27,6.6311,0.49954
2537,1202.7,6.6205,0.49949
2748.9,388.06,6.6723,0.49905
2203.4,1024.9,6.6272,0.49947
2790.6,522.91,6.6621,0.49912
2188.6,1212.3,6.6169,0.49955
2208.8,986.23,6.6297,0.49945
2783.4,593.81,6.6576,0.49916
1050.7,1545.9,6.5897,0.49985
2547.2,976.05,6.633,0.49939
2077.8,1478.6,6.6002,0.49969
614.96,1003.6,6.6194,0.49966
362.61,428.49,6.652,0.49944
407.06,432.1,6.6522,0.49943
2558.5,696.79,6.6486,0.49927
2756.2,592.92,6.6573,0.49917
2817.1,504.24,6.6638,0.49911
448.01,909.85,6.6225,0.49965
2435.5,1507.4,6.6007,0.49966
2071.1,1469.5,6.6007,0.49969
2128,1471,6.6006,0.49969
2740.3,356.33,6.6749,0.49903
2806.5,747.24,6.6483,0.49923
428.44,1173.8,6.6086,0.49976
2800.1,766.1,6.6474,0.49924
420.62,1234.4,6.6052,0.49979
342.31,427.6,6.6516,0.49944
452.03,1298.1,6.6019,0.49981
2662,1039.1,6.6302,0.4994
2300.8,1448.3,6.6042,0.49964
2251,870.78,6.6361,0.4994
1068.2,1303.4,6.6057,0.49972
852.29,1303.5,6.604,0.49975
2554.2,1046.6,6.629,0.49942
2085.1,558.28,6.6534,0.49928
831.78,1524.2,6.5899,0.49987
1059.1,1374.2,6.6014,0.49976
2571.5,1527.4,6.6008,0.49964
449.07,1249,6.6046,0.49979
2118.7,1483.4,6.5995,0.4997
2126.5,426.12,6.6636,0.49919
2072.8,1493.8,6.5985,0.49971
2199.9,1033.6,6.6272,0.49947
968.54,1603.3,6.5849,0.49989
440.98,1278.9,6.6028,0.49981
720.88,1313.3,6.6029,0.49977
2458.9,1453.9,6.6043,0.49963
2717.5,987.32,6.6337,0.49936
847.62,1593.4,6.5847,0.49991
2695.4,915.3,6.6375,0.49933
2105.8,1494.1,6.599,0.4997
1299,826.61,6.6326,0.4995
2076,1481,6.5998,0.4997
592.02,866.51,6.6264,0.4996
2114.5,1480.8,6.5999,0.49969
1047.8,1309.9,6.6049,0.49973
448.65,1237.1,6.6051,0.49979
612.65,1342.5,6.6003,0.49981
1046.6,1320.7,6.6042,0.49974
480.31,1548.2,6.5864,0.49993
1786.7,1558,6.5925,0.49978
2562.2,1166.9,6.6223,0.49947
2118.8,1484.5,6.5993,0.4997
582.6,1674.2,6.5763,0.5
621.1,1309.3,6.6023,0.49979
2073.2,1483.4,6.5994,0.4997
1031.3,998.09,6.622,0.4996
2434.3,1493.9,6.6013,0.49965
1034.8,1585.8,6.5861,0.49988
1301.2,1432.3,6.5988,0.49976
1634.1,662.98,6.6442,0.49938
1106.8,1535.6,6.5903,0.49984
2175,1210.2,6.6169,0.49955
2229.7,1562.2,6.5947,0.49972
2652.1,473.14,6.664,0.49913
2418.9,1551.3,6.597,0.49969
447.23,877.25,6.6239,0.49964
2748.8,621.67,6.6553,0.49919
1058.8,1371.6,6.6012,0.49976
2439.4,1485.7,6.6018,0.49965
442.55,1296.8,6.6016,0.49982
2587.5,1419.5,6.6073,0.49959
290.71,426.23,6.6506,0.49946
386.31,431.19,6.6515,0.49944
2442,1513.1,6.5999,0.49966
2751.4,575.09,6.6576,0.49917
1056.9,1395.3,6.5997,0.49977
631.26,1045.1,6.617,0.49967
2546.4,1131.5,6.6239,0.49946
2668.9,564.49,6.6576,0.49918
2447.4,451.52,6.6637,0.49916
2181.6,1193.1,6.6173,0.49955
938.49,1572.6,6.587,0.49988
374.69,430.02,6.6514,0.49944
2433.5,1507.5,6.6001,0.49966
1046,1307.8,6.6048,0.49973
785.76,1563.8,6.5865,0.4999
2251.9,820.46,6.6384,0.49938
1814.6,1518.9,6.5952,0.49975
2814.1,853.14,6.6423,0.49927
2802.2,460.57,6.6667,0.49909
2592.1,1480.5,6.6035,0.49962
628.12,1266.6,6.6045,0.49977
2326.3,408.05,6.6663,0.49916
2243.6,1005,6.6278,0.49946
721.44,764.95,6.6322,0.49955
315.07,425.86,6.6508,0.49945
997.47,1629.8,6.5824,0.49991
2490.9,1429.9,6.6058,0.49961
2632.1,1391.6,6.6096,0.49956
439.31,1236.3,6.6046,0.49979
2588.9,1504.8,6.6013,0.49963
441.37,1266.7,6.6029,0.49981
2557.8,1101.3,6.6254,0.49945
1065,1535.9,6.59,0.49985
443.51,1311.2,6.6005,0.49983
425.35,1254.8,6.6037,0.4998
685.01,1587,6.5839,0.49993
2397.7,1551,6.5965,0.49969
624.5,1240.4,6.6055,0.49976
626.25,1359.6,6.5991,0.49981
2554,1137.5,6.6234,0.49947
721.92,1298.1,6.6032,0.49977
452.04,1264.9,6.6032,0.4998
1092.4,1308.3,6.6044,0.49973
612.22,891.24,6.6245,0.49962
2058.1,1503.6,6.5975,0.49972
472.58,1328.7,6.5994,0.49983
2733.2,326.66,6.677,0.49902
414.17,768.77,6.6292,0.49961
2604.6,1477.8,6.6032,0.49962
2619.4,1449.6,6.6053,0.4996
2242.1,1025.6,6.6265,0.49947
2406.1,523.15,6.6577,0.49921
2618.9,1447.5,6.6058,0.49959
2809.1,961.41,6.636,0.49932
923.44,809.69,6.6308,0.49954
2575.6,1506.5,6.6013,0.49964
442.73,1294.5,6.6013,0.49982
449.74,942.04,6.6205,0.49967
2694.6,710.2,6.6484,0.49925
2815.6,710.76,6.6497,0.49922
2586.2,1489.2,6.6026,0.49962
1095.2,1532.9,6.5898,0.49985
2549.1,670.89,6.6491,0.49926
424.6,1265.2,6.6027,0.49981
613.46,1010.2,6.6182,0.49967
451.8,1251.5,6.6038,0.4998
2443.6,1490.4,6.601,0.49965
405.32,920.09,6.621,0.49967
1321.3,1013.7,6.6219,0.49958
878.31,1351.5,6.6012,0.49977
2824.8,941.1,6.6373,0.49931
2400,1536.8,6.5973,0.49969
2798.7,445.13,6.6678,0.49908
1103.6,1544.1,6.589,0.49985
2642.5,392.17,6.6698,0.49909
425.49,1277.2,6.602,0.49982
2419.1,1542.4,6.5971,0.49969
2702.7,963.87,6.6342,0.49936
2782.7,449.56,6.667,0.49909
408.13,1673.3,6.5753,0.50003
833.71,805.19,6.6304,0.49955
1085.2,1042.3,6.6194,0.49961
2555.4,1125.2,6.6238,0.49946
797.49,1572.6,6.5861,0.4999
834.14,1297,6.6039,0.49976
614.32,921.21,6.6224,0.49963
480.31,1551,6.5857,0.49994
1086.6,1357.7,6.6012,0.49976
1082.9,1538.1,6.5893,0.49985
426.92,1295.4,6.6009,0.49983
2246.4,800.99,6.6395,0.49937
2569.4,1515,6.6004,0.49964
1058.8,1578.9,6.5867,0.49987
2287.5,410.23,6.665,0.49917
1066.1,1357.5,6.6012,0.49976
1059.7,1359.1,6.6013,0.49976
2122,1461.5,6.6009,0.49968
1295.3,1293.5,6.6061,0.4997
2611.9,1460.5,6.6047,0.4996
427.71,1307,6.6002,0.49983
2089.1,1466.4,6.5996,0.4997
1158.3,1552.3,6.5886,0.49985
913.32,1710.8,6.5739,0.49999
1028.4,1302.2,6.6046,0.49973
629.93,1296.4,6.6024,0.49979
610.78,1016.1,6.6175,0.49967
873.88,1605.6,6.583,0.49992
2236.9,1156.8,6.6191,0.49953
1271.6,1394.5,6.6003,0.49975
444.4,1546.1,6.5855,0.49994
2814.6,762.86,6.6465,0.49924
1192.6,848.32,6.63,0.49952
2602.4,1477.4,6.6033,0.49962
2563.2,1039.3,6.6284,0.49942
2699.9,1079.9,6.6275,0.49941
2466.8,1450.4,6.6037,0.49963
422.96,1157.9,6.608,0.49977
1060.7,1041.3,6.6191,0.49962
1040.5,1578.8,6.5869,0.49987
811.06,819.99,6.6295,0.49956
2582.9,749.09,6.6445,0.4993
455.12,1295,6.6011,0.49982
1020.5,1373.9,6.6001,0.49977
2575.5,1029.1,6.6291,0.49942
1058,1527.5,6.5897,0.49985
2763.5,473.09,6.6644,0.49911
2550.1,1094.6,6.6252,0.49945
2577.3,954.6,6.6334,0.49938
2541.8,1166.3,6.6212,0.49948
2539.9,934.52,6.6339,0.49939
2201.9,820.19,6.6374,0.49939
2002.8,529.95,6.6537,0.49928
1020.3,1576.1,6.5863,0.49988
439.83,1233.8,6.6043,0.4998
1014.9,1415.6,6.5974,0.49979
2442.4,1490.5,6.6007,0.49966
2634.7,1408.2,6.6081,0.49957
2814.8,411.4,6.6695,0.49906
2644.4,1410.9,6.6078,0.49958
321.43,436.68,6.6497,0.49946
2346.6,413.94,6.6649,0.49916
884.17,824.05,6.6297,0.49955
1091.3,1013.5,6.6204,0.49961
984.44,1519.3,6.59,0.49985
2600.2,1462.7,6.6041,0.49961
849.54,822.75,6.6295,0.49955
1080.4,1153.1,6.6129,0.49967
729.96,1531.5,6.5876,0.49989
621.73,1245.8,6.6049,0.49977
2562.3,719.96,6.6459,0.49929
1929.9,520.43,6.6542,0.49928
1058.1,1148.7,6.6131,0.49967
2466.6,1433.2,6.6046,0.49962
1055.4,1576.2,6.5867,0.49987
449.47,1156.7,6.6085,0.49976
2648,1057.2,6.6278,0.49942
1970,645.14,6.6458,0.49934
450.89,936.55,6.6203,0.49967
2205.3,799.79,6.6389,0.49938
2214.1,820.26,6.6373,0.49939
2224.9,1213.1,6.6155,0.49956
2794.4,408.44,6.6697,0.49906
1993.4,542.42,6.653,0.49929
428.73,1285,6.6013,0.49982
2199.6,281.49,6.6765,0.49909
2384.3,1415.3,6.6047,0.49963
1065.3,1320.4,6.6033,0.49974
847.27,821.27,6.6294,0.49956
2582.1,1192.1,6.6201,0.49949
871.34,1294.3,6.6037,0.49975
441.51,1251.4,6.6032,0.49981
1064.6,754.54,6.6346,0.4995
455.92,1263.1,6.6024,0.49981
459.58,1164.4,6.608,0.49976
2697.8,886.44,6.6379,0.49933
794.64,819.41,6.6291,0.49956
1148.6,1551.9,6.5882,0.49985
2415.9,1514.7,6.5986,0.49968
2550.7,1161.1,6.6213,0.49948
2814.6,1003.7,6.633,0.49935
2739.9,922.26,6.6366,0.49934
448.23,845.03,6.6245,0.49964
2322.3,1515.4,6.5974,0.49969
614.47,1304.8,6.6013,0.4998
393.03,739.43,6.6303,0.4996
1068,1573.4,6.5861,0.49988
1046.5,1357,6.6005,0.49977
2730.5,1053.3,6.6291,0.4994
479.62,1554.7,6.5851,0.49994
424.96,1246.4,6.6031,0.49981
835.26,1536,6.5877,0.49988
2553.2,706.27,6.6464,0.49929
2189.9,281.38,6.6763,0.49909
2573.9,1053.6,6.6274,0.49943
448.21,1175.2,6.6072,0.49977
687.02,1534.1,6.5869,0.4999
462.71,1159,6.6083,0.49976
2822,744.06,6.6475,0.49923
1944.4,661.79,6.6448,0.49935
2546.4,635.29,6.6506,0.49925
2550.4,1092.7,6.625,0.49945
1015.2,1418,6.5969,0.4998
2606.3,1448.9,6.6048,0.4996
880.13,1413.2,6.5965,0.49981
2436.4,1503.8,6.599,0.49967
623.78,1262.1,6.6037,0.49978
323.74,572.58,6.6397,0.49954
2561.1,1063.2,6.6266,0.49944
2173.2,1374.9,6.6055,0.49964
2588.1,1191.8,6.6202,0.49949
2753.4,389.21,6.6706,0.49907
1063.1,1584.4,6.5851,0.49989
624.82,1319.7,6.6004,0.4998
2408.7,1534.2,6.5969,0.49969
2645.6,1376.3,6.6098,0.49956
1059.3,1544.5,6.588,0.49986
2052.3,1507.8,6.5963,0.49973
1059.5,1618.6,6.5824,0.49991
1295.6,843.12,6.6306,0.49951
2611.5,1347.1,6.6107,0.49956
325.96,555.2,6.6404,0.49953
2410.3,1091.2,6.6238,0.49948
1108.2,725.87,6.6358,0.49948
2744.5,798.08,6.6432,0.49928
2690.3,1023,6.6303,0.49939
2556.6,1072.9,6.6262,0.49944
2577.3,1003.9,6.6299,0.49941
2692.2,1023.4,6.6302,0.49939
2820.4,682.07,6.6508,0.49921
466.65,1199.4,6.6057,0.49978
2209.4,998.95,6.6271,0.49947
2408,1534.8,6.5967,0.49969
419.38,1518.6,6.5861,0.49994
2451.7,1468.1,6.602,0.49965
455.1,1231.3,6.6038,0.4998
1062.6,1045.6,6.6182,0.49963
619.79,838.67,6.6266,0.4996
2420.9,1506.5,6.5988,0.49967
2807.7,791.7,6.6441,0.49926
445.22,802.41,6.6271,0.49962
2556,1020.5,6.6287,0.49942
1216.8,825.7,6.6306,0.49952
2569.8,668.52,6.6486,0.49927
2398.1,1385.5,6.607,0.49961
1015.4,1520.8,6.5897,0.49985
2248.8,986.81,6.628,0.49946
2541.5,593.61,6.653,0.49924
2556.1,742.56,6.644,0.4993
2671.3,1028.2,6.6291,0.4994
1086.4,1046.4,6.6182,0.49962
2403.6,1528.5,6.597,0.49969
438.4,1174.6,6.6068,0.49978
2201.8,1022,6.6259,0.49948
2811.4,519.53,6.6612,0.49913
1795,1544.9,6.592,0.49978
2745.8,833.4,6.641,0.4993
459.22,1292.5,6.6003,0.49983
620.27,1022.2,6.6164,0.49968
2445.3,1502,6.5992,0.49967
1027.8,1321.6,6.6025,0.49975
1086.3,1070.4,6.6169,0.49963
2555.6,1123.1,6.623,0.49947
854.02,1353.2,6.5992,0.49979
2769.4,408.74,6.6688,0.49908
2704.9,877.09,6.6379,0.49933
266.18,434.48,6.6484,0.49948
628.92,893.12,6.6231,0.49963
836.05,1523.1,6.5882,0.49988
2814.3,796.31,6.6441,0.49926
2634.5,1378.4,6.6092,0.49957
2574.7,1502.8,6.6005,0.49964
2594.9,1486.7,6.6018,0.49963
431.26,1246.7,6.6027,0.49981
1056.2,1512.4,6.5901,0.49985
1965.6,649.13,6.6455,0.49935
428.89,1279.2,6.6009,0.49982
2563.6,765.25,6.6423,0.49932
432.61,1265.4,6.6017,0.49982
2392.4,538.7,6.6553,0.49924
454.99,1176.2,6.6067,0.49978
397.84,431.43,6.6501,0.49945
2303,404.92,6.665,0.49917
627.09,1242.9,6.6046,0.49977
614.61,1557.5,6.5847,0.49993
2718.5,846.86,6.6397,0.49931
705.83,1587.4,6.5826,0.49994
1041.6,1573.2,6.5854,0.49988
431,1308.8,6.5992,0.49984
260.56,734.44,6.6284,0.49964
626.18,1335.3,6.5991,0.49981
448.93,1547.8,6.5846,0.49995
2392.7,1551.6,6.5949,0.49971
613.83,946.81,6.6204,0.49965
854.88,1141.2,6.6116,0.49969
2232.1,1607.2,6.5897,0.49976
1050.7,1331.4,6.6016,0.49976
2385.6,1107.3,6.6223,0.49949
2304.5,406.97,6.6647,0.49917
880.34,1416,6.5958,0.49982
307.03,436.76,6.6487,0.49947
852.34,1525.1,6.5889,0.49987
1060.4,1626.1,6.5812,0.49992
1238.2,826.58,6.6304,0.49952
467,1305.1,6.6002,0.49983
747.54,1121.7,6.6121,0.4997
2559.1,1087.8,6.6247,0.49945
616.98,1330.7,6.5992,0.49981
621.99,838.68,6.6262,0.4996
2197.5,321.83,6.6716,0.49913
2706.2,964.99,6.6326,0.49937
2412.8,1526.8,6.5969,0.49969
1786.1,1554.3,6.5909,0.49979
615.61,945.28,6.6199,0.49965
639.66,1509.8,6.5881,0.4999
1840.7,1515.3,6.594,0.49976
2445.8,1481,6.6004,0.49966
614.37,914.31,6.6215,0.49964
2427.1,1296.8,6.6115,0.49957
2643.5,1409.1,6.607,0.49958
2666.3,527.96,6.6582,0.49918
1044.5,1368.4,6.5994,0.49977
1083.8,1149.5,6.6123,0.49967
1070.5,1307.1,6.6032,0.49974
533.61,1672.4,6.5748,0.50002
2493.6,1416.8,6.605,0.49962
2730.1,306.61,6.6775,0.49902
453.5,1160.7,6.6074,0.49977
445.69,1281.1,6.6007,0.49982
2660.1,493.5,6.6606,0.49916
2558.1,1533.2,6.5976,0.49967
1068.2,1308.9,6.603,0.49974
426.42,1231.1,6.6033,0.49981
2717.8,862.37,6.6386,0.49932
2443.8,1502,6.5988,0.49967
2218.7,1193.2,6.6156,0.49956
2185.2,1172.5,6.6166,0.49956
431.41,1234.9,6.603,0.49981
2469.5,1400.4,6.6059,0.49961
2384.9,1207.7,6.6164,0.49954
2390.2,1230.5,6.6151,0.49955
2550.9,1158.7,6.6206,0.49949
2577.4,1512,6.5994,0.49965
2216.8,295.81,6.6742,0.4991
1315.2,1156.8,6.6126,0.49965
2079.8,572.57,6.6504,0.4993
420.64,1661,6.5748,0.50003
2784.6,463.93,6.6638,0.49911
2751.3,559.48,6.6566,0.49918
2563.7,718.7,6.6449,0.4993
447.86,830.19,6.6249,0.49963
430.85,1292.2,6.5998,0.49983
2383.2,1259.1,6.6134,0.49956
619.02,952.2,6.6193,0.49966
2338.6,413.86,6.6636,0.49918
2590.3,1475.2,6.602,0.49963
421.29,1664.4,6.5748,0.50003
2823.8,993.71,6.6329,0.49935
411.16,1550.8,6.5834,0.49997
1267.4,1303.1,6.6044,0.49972
2204.4,325.04,6.6708,0.49913
1327.1,828.84,6.6304,0.49951
920.23,1526.2,6.5889,0.49987
2596.8,1254.9,6.6153,0.49952
2814.9,445.79,6.6655,0.49909
2561,683.71,6.6469,0.49928
1017.5,1533.9,6.5881,0.49987
2251.7,855.98,6.6341,0.49941
2565.2,1013,6.6285,0.49942
765.24,1493.4,6.5896,0.49988
341.63,438.11,6.6486,0.49947
1295,1307.7,6.6039,0.49972
721.46,1521.2,6.5872,0.4999
2825.9,777.53,6.6448,0.49925
1078.1,1358.4,6.6004,0.49976
2354.1,1465.7,6.6,0.49967
987.65,827.96,6.6288,0.49955
617.69,1328.7,6.599,0.49982
911.2,810.57,6.6289,0.49955
894.09,1328.1,6.6005,0.49978
774.86,937.35,6.6215,0.49962
1076.1,1538.9,6.588,0.49986
2169.5,1335.7,6.6072,0.49963
2552,1478,6.6009,0.49964
2565.8,1513.4,6.599,0.49966
2563.6,1150.7,6.6209,0.49948
617.36,911.57,6.6217,0.49964
620.61,991.09,6.6174,0.49967
2202.5,323.36,6.6709,0.49913
429.06,1261.7,6.6013,0.49982
2398.5,1363,6.6073,0.49961
1009.1,1609.2,6.5822,0.49991
2801.2,563,6.6572,0.49916
2339.9,413.74,6.6635,0.49918
727.74,1554.9,6.5847,0.49992
2213.7,855.65,6.6337,0.49942
2410.5,1539.6,6.5955,0.4997
2239.8,1549.3,6.5932,0.49974
2749.4,977.84,6.6326,0.49936
2665,1104,6.6242,0.49944
2582.5,1487.4,6.6009,0.49964
385.68,442.73,6.6487,0.49946
2817.4,995.99,6.6325,0.49935
2633.8,1125.8,6.623,0.49946
2560,1033.7,6.6274,0.49943
1065.1,1572.3,6.5855,0.49988
2396.1,1542.6,6.5955,0.4997
2251.8,1046.3,6.6236,0.4995
1954.2,646.19,6.6443,0.49936
2740,548.53,6.6572,0.49917
413.87,1516.5,6.5853,0.49995
2598.5,1381.1,6.6075,0.49958
1078.2,1525.4,6.5891,0.49985
2257.1,407.54,6.6634,0.49918
2445.9,1464.6,6.601,0.49965
1107.8,1047.5,6.6174,0.49963
717.9,950.34,6.6202,0.49964
2426.7,1522.9,6.5968,0.49969
2584.9,1499.3,6.6001,0.49964
1093.7,1331.1,6.6012,0.49976
635.27,1363.6,6.5968,0.49983
2784.3,458.11,6.6641,0.49911
631.33,1219.4,6.6051,0.49977
436.5,1295.4,6.5993,0.49984
2462.6,1476.2,6.6001,0.49966
646.43,1250,6.6031,0.49978
790.91,1521.5,6.5872,0.49989
437.33,1306.5,6.5987,0.49984
2371.5,1264.1,6.6126,0.49957
1268.8,1300,6.6042,0.49972
2386.7,1181.4,6.6176,0.49953
645.63,1218.4,6.6048,0.49977
2177.6,1344.4,6.6065,0.49964
1201.5,870.03,6.6275,0.49954
2813.8,542.98,6.6584,0.49915
1475.8,1638.8,6.5819,0.49988
2717.8,1044.5,6.6284,0.4994
434.19,1161.4,6.6066,0.49978
739.69,1591.6,6.5818,0.49994
2168.9,1357,6.6053,0.49965
2242.5,1022.7,6.6252,0.49948
1048.2,1616.3,6.5813,0.49992
1644.9,686.01,6.6403,0.49941
635.14,1321.9,6.5992,0.49981
455.3,1233.3,6.6029,0.49981
2386.3,1275.3,6.6117,0.49958
850.09,1592.6,6.5824,0.49992
2623.6,1412.4,6.6059,0.49959
423.57,899.58,6.6205,0.49967
2815.2,550.21,6.6578,0.49915
2179.2,1155.3,6.6173,0.49955
2731.2,1060.5,6.6275,0.49941
2578.2,716.91,6.6443,0.4993
2569.1,1446.5,6.6029,0.49962
634.19,1284.4,6.6013,0.4998
2513.4,1403.5,6.6054,0.49961
262.36,792.9,6.6242,0.49967
874.5,1353.9,6.5985,0.4998
438.29,901.77,6.6205,0.49967
2559.6,1085.5,6.6241,0.49946
2702.1,1045.2,6.6276,0.49941
1071,1520.9,6.5889,0.49985
2577,1190.5,6.6186,0.4995
2474,1428.2,6.6034,0.49963
1064.1,1069.3,6.6159,0.49964
760.28,1685.3,6.574,0.5
457.03,1237,6.6024,0.49981
2396,1200.8,6.6163,0.49954
1225.6,1413.6,6.597,0.49978
460.95,1236.9,6.6026,0.49981
608.61,855.26,6.6243,0.49962
2497.9,1556.7,6.5944,0.4997
435.81,1276.8,6.6002,0.49983
2715.8,1061,6.627,0.49941
796.53,1560.4,6.5843,0.49991
427.28,923.37,6.619,0.49968
893.12,1353.1,6.5985,0.49979
1047.6,1595.6,6.5834,0.4999
927.51,1490.9,6.5905,0.49985
2633.5,1235.9,6.6166,0.49951
2419.5,1503.3,6.5979,0.49968
1039.6,1392.8,6.5973,0.49979
415.37,1557.3,6.5825,0.49997
1357,1580.7,6.5855,0.49986
2806.2,438.24,6.6659,0.49909
1045.9,1044.8,6.6169,0.49964
1067.3,1376.1,6.5981,0.49978
987.13,811.6,6.6289,0.49955
2180.5,1336.6,6.6068,0.49963
1088,1357.6,6.5996,0.49977
1087.8,1542.5,6.5874,0.49987
239.9,433.12,6.647,0.4995
309.06,426.26,6.6483,0.49947
463.03,1267.7,6.6008,0.49982
2413.2,807.03,6.6379,0.49937
735.96,979.48,6.6181,0.49965
1053.7,1523.7,6.5887,0.49986
889.56,1393.8,6.5959,0.49981
609.88,1638,6.5774,0.49999
2175.3,1340.5,6.6061,0.49964
2652.8,449.43,6.6631,0.49914
1093.5,1509.6,6.5894,0.49985
2572.1,1076.3,6.6246,0.49945
2503.9,1391,6.6062,0.49961
2207.2,1003.4,6.6252,0.49949
830.18,1541.8,6.5857,0.4999
2568.2,1113.6,6.6225,0.49947
1250.6,1393.1,6.5983,0.49977
2800.6,473.46,6.6627,0.49912
2749.6,536.3,6.6575,0.49917
2787.9,455.38,6.6645,0.49911
716.64,1527.9,6.5864,0.49991
624.92,1215.7,6.6049,0.49977
2411.4,508.74,6.6561,0.49923
1247.4,1611.9,6.5828,0.49989
2588.1,1279.7,6.6134,0.49954
2743,609.72,6.6528,0.49921
1311.9,857.46,6.629,0.49952
2732.5,725.9,6.6456,0.49927
2585.2,1191.6,6.618,0.4995
439.65,1235.2,6.6023,0.49981
2511.9,1531.8,6.5961,0.49968
585.5,1670.2,6.574,0.50002
2600.4,1471.4,6.6017,0.49963
735.27,934.8,6.6203,0.49964
2445.2,1477.9,6.5997,0.49966
2446.4,1498.6,6.598,0.49968
1114.9,1518.9,6.5887,0.49985
2250.9,1514.4,6.5956,0.49972
440.86,1161.7,6.6063,0.49978
2470.1,1458.7,6.6012,0.49965
2420.5,1312.4,6.6096,0.49959
1286,1356.6,6.6002,0.49975
2262.4,1496.2,6.597,0.4997
2684.6,832.65,6.639,0.49933
2416.1,1523,6.5958,0.4997
620.97,960.74,6.6184,0.49966
761.13,1686.5,6.5735,0.5
2645.1,1373.5,6.6083,0.49957
474.73,1289.5,6.5997,0.49983
857.4,1314.6,6.6006,0.49978
1273.5,1307.7,6.6029,0.49973
2703.5,759.8,6.6428,0.49929
1025.7,1526.1,6.5877,0.49987
464.43,1279.1,6.6,0.49983
1004.9,1572.7,6.5847,0.49989
610.06,868.57,6.6233,0.49963
852.02,1369.2,6.5974,0.49981
741.96,944.61,6.6202,0.49964
1181.2,844.13,6.6283,0.49954
793.05,1561.1,6.5843,0.49991
933.34,1499.5,6.5891,0.49986
470.91,1279.4,6.6,0.49983
1659,680.45,6.6403,0.49941
2229.7,1549.3,6.5928,0.49974
2731.9,247.57,6.6829,0.49897
858.01,1303.7,6.6012,0.49978
451.87,1162.7,6.6062,0.49978
464.97,1176.5,6.6056,0.49978
2128.1,423.66,6.6609,0.49921
2818.8,983.8,6.6322,0.49935
2614.6,1445.3,6.6033,0.49962
2378.3,1235.4,6.6138,0.49956
2162.6,1370.6,6.6045,0.49965
2468.1,1421.5,6.6034,0.49963
634.08,1357,6.5964,0.49984
1035.3,1352.7,6.5997,0.49977
2411.6,1523.5,6.596,0.4997
2782.9,464.99,6.6631,0.49912
2667.6,1289.6,6.6135,0.49953
871.37,1369.7,6.5974,0.4998
2645.4,1373.2,6.6079,0.49958
2091.2,448.05,6.6586,0.49924
839.65,1292.5,6.6018,0.49977
2742.9,763.83,6.6434,0.49928
440.35,1303.3,6.5989,0.49984
437.97,869.21,6.6218,0.49966
2532.8,1504.3,6.5981,0.49967
443.01,1276.9,6.5998,0.49983
617.28,852.34,6.6237,0.49962
442.37,1265.4,6.6004,0.49983
2425.8,1527.8,6.5955,0.4997
2745.1,345.2,6.6727,0.49905
637.1,1347.3,6.5971,0.49983
2818.4,494.61,6.6614,0.49913
2640.4,1382.6,6.6075,0.49958
1366.3,1572.1,6.5858,0.49986
636.2,960.48,6.618,0.49967
2449,1477.1,6.5991,0.49967
787.91,1564.2,6.5835,0.49992
1838.8,1512.1,6.5926,0.49977
444.44,1491.1,6.5868,0.49993
275.44,435.47,6.6469,0.49949
2280.4,1555,6.5922,0.49974
441.25,1246.8,6.6014,0.49982
2762.6,1129.5,6.6232,0.49944
2748.5,962.09,6.6321,0.49937
1035.1,1533.9,6.587,0.49987
450.36,835.04,6.6237,0.49964
1089,1508.6,6.5891,0.49985
762.17,1486.9,6.5893,0.49988
2634.9,1233.3,6.6162,0.49951
1042.2,1599.9,6.582,0.49991
2538.8,292.27,6.6755,0.49906
1294.4,1302.9,6.6035,0.49972
874.91,1372.2,6.5968,0.49981
1051.4,1532.7,6.5874,0.49987
1027.5,1532.3,6.5873,0.49987
2686,833.64,6.6387,0.49933
423.42,866.99,6.6216,0.49966
1032.9,1305.7,6.6019,0.49976
2222.6,1173.2,6.6155,0.49956
270.48,424.73,6.6473,0.49949
859.55,1326.3,6.5993,0.49979
2761.6,407.57,6.6672,0.49909
2754.1,375.93,6.6698,0.49907
2427.6,922.34,6.6311,0.49942
2135,1369.4,6.6036,0.49966
457.81,1210.6,6.6031,0.4998
470.99,1267.9,6.6003,0.49982
2820.9,732.71,6.6458,0.49925
2816.1,427.96,6.6661,0.49909
995.29,1517.5,6.5881,0.49987
419.48,1549.9,6.5825,0.49997
2766.1,522.35,6.6581,0.49916
620.15,1615.3,6.5791,0.49997
2818.4,862.13,6.6384,0.4993
2625.7,1441.5,6.6031,0.49962
838.69,1316.1,6.6001,0.49979
427.97,910,6.6191,0.49968
2212.2,983.33,6.6261,0.49948
2753.7,373.27,6.67,0.49907
2731.3,974.95,6.631,0.49938
2823.5,720.47,6.6468,0.49924
463.5,1248.6,6.6013,0.49982
2027.5,1569.1,6.5903,0.49978
2262.1,1511.9,6.5954,0.49972
2669.9,1039.1,6.6272,0.49942
333.04,437.59,6.6474,0.49948
683.01,1593.7,6.5805,0.49996
449.31,797.84,6.6256,0.49963
1008.8,810.84,6.6284,0.49955
2794.9,539.04,6.6579,0.49916
1998.6,655.62,6.643,0.49937
2701.9,897.02,6.6354,0.49935
475.16,1238.2,6.6019,0.49981
1077,1522.4,6.5882,0.49986
2563.1,1200.2,6.617,0.49951
2581.7,706.9,6.6441,0.4993
2341,1484.6,6.5981,0.49969
963.75,827.58,6.6275,0.49956
2725.8,256.35,6.6816,0.49899
1269.8,1331.2,6.6011,0.49974
1133.6,1570.3,6.5848,0.49988
412.34,898.35,6.6196,0.49968
2715.6,910.3,6.6343,0.49936
858.15,806.82,6.6276,0.49957
448.7,932.46,6.6184,0.49969
1119.2,1001.7,6.6189,0.49962
1048,1040.6,6.6165,0.49964
248.73,422.95,6.6469,0.4995
2629.7,1398.7,6.6064,0.49959
2801.9,462.61,6.6628,0.49912
1098.7,725.26,6.6337,0.4995
1543.8,1036.3,6.6194,0.49958
880.52,1141.6,6.61,0.4997
2593.8,1496.5,6.5989,0.49965
2728.3,292.84,6.6774,0.49902
893.26,1373.2,6.5964,0.49981
835.57,1353.2,6.5977,0.49981
2718.5,805.39,6.6402,0.49931
2425.1,828.92,6.6359,0.49938
434.2,1656,6.5743,0.50003
2561.7,1203.1,6.6169,0.49952
586.38,1661.8,6.5748,0.50001
2804.9,1003.4,6.6309,0.49937
2557.8,1006.1,6.6274,0.49943
1313.9,1302.8,6.6033,0.49972
855.71,1392.8,6.595,0.49982
2819.3,932.98,6.6343,0.49934
923.81,825.73,6.6272,0.49957
2637.4,398.73,6.6668,0.49912
476.81,504.56,6.6435,0.49949
416.48,1551,6.5823,0.49997
434.17,1231,6.6015,0.49982
2245.7,1530.6,6.5937,0.49973
1006.6,1617.2,6.5804,0.49993
1082,1392.6,6.5967,0.49979
873.77,1392.9,6.5952,0.49982
1084.4,1569.9,6.5841,0.49989
898.4,1416.6,6.5938,0.49983
1181.3,843.34,6.6277,0.49954
1295.1,1391.5,6.5979,0.49977
2216.9,1549.9,6.5921,0.49975
416.39,1547.7,6.5826,0.49997
2555.7,616.76,6.6493,0.49926
1058.5,1534.9,6.5866,0.49987
1027.3,1286.6,6.6026,0.49975
2787.9,613.85,6.6521,0.4992
2410.6,783.21,6.6385,0.49936
2803.2,551.76,6.6565,0.49917
2733.2,1005.2,6.6294,0.49939
2086.9,1502.7,6.5949,0.49974
808.27,1488.8,6.5889,0.49988
2669.9,1288.1,6.6127,0.49953
2461,1442.7,6.6016,0.49965
650.85,1363.4,6.5956,0.49984
2478.6,1444.3,6.6013,0.49965
1093.1,1417.8,6.5947,0.49981
2581.4,1029.5,6.6261,0.49944
2600,1463.5,6.6018,0.49963
837.21,1368,6.5968,0.49981
2668.5,1074.1,6.6246,0.49944
438.3,892.16,6.6199,0.49968
817.19,1486.4,6.5892,0.49987
1969.7,662.14,6.6426,0.49937
2820.9,764.85,6.6439,0.49926
441.81,1158.7,6.6058,0.49979
1265.2,1355.1,6.5994,0.49976
446.42,1306.2,6.5976,0.49985
1974.4,667.8,6.6422,0.49937
2542.4,1186.6,6.6176,0.49951
2350.2,1464.5,6.5988,0.49968
633.29,844.07,6.6238,0.49962
1277.7,1395.4,6.5971,0.49978
468.16,1308.2,6.5977,0.49985
920.63,1524.1,6.5868,0.49988
743.45,1394.4,6.5941,0.49984
445.79,1295.1,6.5982,0.49984
1837.2,1501.2,6.5929,0.49977
2720.1,893.76,6.635,0.49935
434.02,1650.8,6.5742,0.50004
422.26,804.5,6.6242,0.49964
928.91,1495.3,6.589,0.49987
2411.7,814.28,6.6366,0.49938
2416.4,926.2,6.63,0.49943
2627.9,1387.3,6.6066,0.49959
2391.6,1154.6,6.6179,0.49953
703.8,1598.2,6.58,0.49996
1033.8,1534.7,6.5865,0.49988
2817.4,956.89,6.6329,0.49935
2750.5,1180.6,6.6197,0.49947
896.05,996.62,6.618,0.49964
835.62,1692,6.5725,0.5
1093.8,1306.2,6.6017,0.49975
317.17,437.36,6.6469,0.49948
1056.7,1566.6,6.5845,0.49989
2579.3,1201.9,6.6168,0.49951
2703,1030.1,6.6274,0.49941
958.12,1573.7,6.5831,0.49991
1214.8,842.76,6.6278,0.49954
2751.9,544.61,6.6559,0.49918
2745.9,342.82,6.6723,0.49905
603.75,935.33,6.619,0.49966
2746.7,963.25,6.6314,0.49937
1024.1,1615.3,6.5801,0.49993
2675,794.01,6.6401,0.49932
874.02,1314.5,6.5999,0.49978
971.39,1676.9,6.5749,0.49997
451.86,807.88,6.6242,0.49964
837.43,1364.8,6.5968,0.49981
630.67,1292,6.5997,0.49981
944.39,827.06,6.627,0.49957
2476.6,1418.1,6.6029,0.49964
2415.8,1527,6.595,0.4997
2226.6,875.15,6.6313,0.49944
1951.7,506.48,6.6523,0.4993
874.74,1303.4,6.6005,0.49978
972.38,1677.3,6.5748,0.49997
610.1,685.88,6.6329,0.49955
959.46,1544.5,6.5857,0.49989
2154.4,1319.7,6.6062,0.49964
278.12,424.91,6.6469,0.49949
634.13,1300.1,6.5993,0.49981
1297.8,1353,6.6002,0.49975
619.21,1239.5,6.6025,0.49979
616.3,844.81,6.6234,0.49963
996.58,1584.1,6.5824,0.49991
2807.7,790.43,6.6419,0.49928
2793.9,428.81,6.6649,0.4991
1097.6,1046,6.6158,0.49964
2809.3,1037.4,6.6288,0.49938
2802.4,443.85,6.6639,0.49911
2131.4,1352.2,6.604,0.49966
1005.1,1616.7,6.5802,0.49993
467.4,1161,6.6057,0.49978
1035.4,1357.4,6.5986,0.49978
616.96,1619.1,6.578,0.49998
2247.9,983.4,6.6254,0.49948
2660.8,645.81,6.6485,0.49925
2415.9,527.88,6.6542,0.49924
437.22,1261.6,6.5995,0.49984
2415.7,871.61,6.6331,0.49941
2817.5,866.8,6.6379,0.49931
1453.3,961.19,6.6222,0.49957
2281.2,1443.4,6.5997,0.49968
2674.9,790.07,6.6402,0.49932
2366.1,1279.6,6.6102,0.49959
326.03,579.21,6.6365,0.49956
2251.7,982.48,6.6259,0.49948
1074.6,1019.3,6.6168,0.49964
2651.7,433.18,6.6631,0.49914
1048.6,1064.9,6.6146,0.49966
2733.2,973.17,6.6305,0.49938
1086.7,1394.7,6.5957,0.4998
883.63,1002.4,6.6168,0.49965
600.97,828.05,6.6244,0.49962
1150,1280.3,6.6034,0.49974
2789.9,427.59,6.6648,0.4991
450.96,773.48,6.6258,0.49963
2700.8,696.61,6.6454,0.49927
2218.9,817.77,6.6346,0.49941
2479.5,1460.9,6.6,0.49966
2618.5,1271.2,6.613,0.49954
717.92,1594.6,6.5805,0.49995
2415.6,903.74,6.6312,0.49942
2716.2,860.2,6.6363,0.49934
2609.5,1468.3,6.6004,0.49964
982.47,1578.5,6.5825,0.49991
833.08,1281.4,6.6013,0.49978
2366.4,1281.1,6.6097,0.49959
2598.1,1378.8,6.6061,0.4996
2704.7,870.11,6.6355,0.49935
998.68,1584.3,6.5822,0.49991
2102,1476.8,6.5957,0.49973
2191.8,1323.1,6.6059,0.49964
439.78,1291.4,6.5976,0.49985
763.51,1680.5,6.5732,0.50001
2247.2,966.18,6.6269,0.49947
1951.4,506.85,6.6519,0.4993
953.51,1689.7,6.5734,0.49999
1015.6,947.98,6.6206,0.49961
1257.6,1371.1,6.5984,0.49977
2597.2,1375.9,6.6065,0.49959
1286.8,824.9,6.6285,0.49953
1097.1,603.15,6.6406,0.49945
2567,998.44,6.6273,0.49943
2778.5,491.91,6.6603,0.49914
1239.1,844.41,6.6275,0.49954
2812.1,758.17,6.6433,0.49927
451.87,745.11,6.6277,0.49961
428.96,907.29,6.6185,0.49969
476.29,1260.6,6.6001,0.49983
743.62,1319.4,6.5986,0.49981
