2353.1,818.73,6.7715,0.49842
1238.9,335.83,6.7931,0.49833
1300,320.46,6.7734,0.49846
1207.4,240.15,6.7806,0.49841
1076.3,305.95,6.7727,0.49848
1308.1,321.18,6.7657,0.49852
1306.8,330.69,6.7639,0.49853
1362.2,339.37,6.7594,0.49856
1202.6,233.01,6.7699,0.49849
2103.1,173.15,6.778,0.49835
1379.5,334.36,6.7509,0.49861
1322.8,345.66,6.7477,0.49864
1380.8,337.08,6.7475,0.49864
2561.9,1220.5,6.6987,0.49892
1363.3,354.82,6.7445,0.49866
2567.3,1230.6,6.6965,0.49894
1370.7,368.32,6.7374,0.49871
1366.3,367.94,6.7363,0.49872
1301.3,370.14,6.7304,0.49877
2071,563.78,6.7185,0.4988
1300.6,379.14,6.7283,0.49878
2283.6,825.91,6.7014,0.49892
2217.7,786.58,6.7021,0.49891
2306.4,851.72,6.6968,0.49895
1361.7,409.08,6.7174,0.49885
2301.3,900.96,6.6897,0.499
2319.5,917.67,6.6872,0.49902
1431.7,386.69,6.7171,0.49885
757.36,1398.7,6.6508,0.49942
2308.2,944.05,6.6849,0.49903
2256.1,898.09,6.6865,0.49903
2299.3,841.53,6.6885,0.499
2247.3,949.2,6.6816,0.49906
2316.6,921.82,6.6823,0.49905
949.46,405.4,6.707,0.49896
2315.1,918.4,6.6814,0.49906
2241.1,938.13,6.6792,0.49908
1269.6,388.32,6.7092,0.49892
1137.4,852.53,6.6776,0.49917
1268.9,390.54,6.7079,0.49893
2237.6,861.71,6.6818,0.49906
2777.6,1457.4,6.6513,0.49923
2321.8,1006.2,6.6722,0.49912
2290.3,869.4,6.679,0.49907
2243.2,1026.1,6.6686,0.49916
2258.9,1018.8,6.669,0.49915
1086.7,1053.5,6.6601,0.49931
1067.3,1064.3,6.6571,0.49933
2747.6,1468.5,6.645,0.49928
618,1528.1,6.6257,0.49962
2252.2,1006.7,6.6669,0.49917
1079.2,1073.5,6.656,0.49934
2506.1,1426.8,6.6433,0.49933
2015.5,994.27,6.6639,0.49921
1977.8,710.92,6.6791,0.49909
2507.6,1485.5,6.6377,0.49937
2757.1,997,6.6689,0.49909
1111.4,1276.3,6.6423,0.49944
1100.6,1092.6,6.6525,0.49936
2517.9,908.69,6.6711,0.49911
1097.8,1274.1,6.6421,0.49945
2518.7,915.31,6.6706,0.49911
2727.7,846.8,6.6763,0.49904
1108.9,1282.2,6.6411,0.49945
1971,688.42,6.6788,0.4991
2112.5,294.94,6.7095,0.49884
938.21,398.69,6.6932,0.49906
1241.2,520.88,6.6856,0.49909
1994.7,725.18,6.6753,0.49912
301.95,733.42,6.6633,0.49937
2010.8,1106.3,6.653,0.49929
729.52,1439.3,6.6259,0.4996
1063.4,1088.8,6.6484,0.4994
2277.3,1055,6.6576,0.49923
1304.7,752.71,6.6683,0.49922
2744,856.24,6.6722,0.49906
2741.4,819.29,6.6739,0.49905
2262.5,929.83,6.6634,0.49919
2746.5,863.38,6.6715,0.49907
2742.8,856,6.6714,0.49907
2730.4,1019.5,6.6625,0.49914
1950,747.24,6.6712,0.49915
379.19,563.66,6.6722,0.49928
1047.7,1092,6.6469,0.49941
1060.1,1077,6.6475,0.4994
1059.6,1100.6,6.6459,0.49942
2495.7,1484.6,6.6314,0.49942
1084.4,935.17,6.6549,0.49934
378.38,570.05,6.6706,0.49929
2224.4,930.64,6.6615,0.49921
2500.6,1081.7,6.6553,0.49923
1053.9,1296.7,6.6343,0.49951
1947.7,752.57,6.6694,0.49917
744.24,1416.7,6.6247,0.49961
2526.8,947.87,6.6626,0.49917
1078.4,1459.1,6.6236,0.49959
2533.4,940.08,6.6625,0.49917
1097.2,1136.3,6.6427,0.49944
1057.2,343.52,6.6935,0.49904
1655.2,1198.1,6.6423,0.4994
2216.2,1094.5,6.6513,0.49929
1038.3,1453.3,6.6233,0.49959
2717.8,884.52,6.667,0.49911
1081.7,942.15,6.6529,0.49936
1094.7,947.87,6.6526,0.49936
2129.9,310.81,6.7015,0.4989
2473.5,952.56,6.6605,0.49919
2755.2,1030.9,6.659,0.49916
2726,834.3,6.6696,0.49908
1319,768.3,6.6635,0.49926
1687,817.77,6.6625,0.49924
1082.6,1115.5,6.6428,0.49944
1049,802.93,6.6597,0.49931
1062.3,1460.6,6.622,0.4996
1041.3,1088.8,6.6436,0.49943
1048.6,1307.5,6.6312,0.49953
1306.2,1243,6.6363,0.49947
1669.5,823.78,6.6614,0.49925
1926.7,770.86,6.6657,0.4992
2219.2,972.39,6.6562,0.49925
2465.2,1425.4,6.6323,0.49941
1678.2,1065.6,6.6479,0.49935
1034.8,803.54,6.6587,0.49932
1038.3,963.93,6.6498,0.49938
1051,967.59,6.6496,0.49939
2744,831.83,6.6686,0.49909
2743.5,847.84,6.6674,0.4991
1034.7,1305.7,6.6305,0.49954
937.6,1438.4,6.6216,0.49961
1964.5,1050.9,6.65,0.49932
1079.3,977.65,6.6489,0.49939
2714.6,850.92,6.6666,0.49911
918.29,494.8,6.6769,0.49918
919.5,493.81,6.6767,0.49918
1998.3,959.71,6.6551,0.49927
749.61,1439.6,6.62,0.49964
2463.3,1422.8,6.6316,0.49942
1078.3,976.91,6.6485,0.49939
1091.1,958.28,6.6496,0.49938
1228.1,434.28,6.6834,0.49911
1991.3,1066,6.6487,0.49932
1942.3,970.62,6.654,0.49929
1092.3,1146.9,6.6393,0.49946
1626.3,1211.7,6.6385,0.49943
1650.1,1074.1,6.6462,0.49937
1493.1,531.52,6.6769,0.49914
1296.6,806.12,6.659,0.49929
2464.8,1413.1,6.6319,0.49941
1077.3,938.13,6.6503,0.49938
2461.4,1418.8,6.6314,0.49942
1692,1070.5,6.6462,0.49937
2738.8,982.33,6.659,0.49916
1669.8,1208.7,6.6384,0.49943
1060.3,1122.4,6.6396,0.49946
300.47,801.67,6.6511,0.49946
2231.6,1107.3,6.6471,0.49932
1049.1,976.7,6.6476,0.4994
2462.6,1501.1,6.625,0.49947
310.54,778.79,6.6522,0.49945
2466.6,1501.6,6.6247,0.49947
722,1449.9,6.6181,0.49966
2739.4,1026.5,6.6562,0.49918
1974.8,773.07,6.6635,0.49921
2719.1,902.39,6.6625,0.49914
2515.1,1101.4,6.6491,0.49927
1050.5,344.92,6.6888,0.49908
2206.2,1109.2,6.6459,0.49933
2300.2,746.03,6.6666,0.49916
1088.8,950.95,6.6481,0.49939
1626,1084.6,6.6436,0.49939
1055.7,1454,6.6187,0.49963
1073,826.75,6.6546,0.49934
1604.7,1444.8,6.6221,0.49956
2106.7,795.97,6.662,0.49921
2309.1,784.71,6.6639,0.49918
311.24,815.06,6.6487,0.49947
2252.1,963.71,6.6535,0.49926
1048.8,1107.3,6.6386,0.49947
1987.3,756.3,6.6632,0.49921
1028.2,1451.2,6.6181,0.49963
1638,1215.8,6.6359,0.49945
1034.4,982.6,6.6452,0.49942
909.87,515.21,6.6726,0.49922
1042.7,788.45,6.6559,0.49933
2531.3,983.02,6.654,0.49923
2235.7,970.5,6.6526,0.49927
2471.6,1108.9,6.6469,0.49929
1085.3,834.33,6.6534,0.49935
2477.5,980.57,6.6544,0.49924
1968.1,761.96,6.6624,0.49922
747.74,1442,6.6165,0.49967
1313.7,814.44,6.6557,0.49932
2286.3,985.41,6.6518,0.49927
2469.2,980.11,6.6537,0.49924
1055.4,1441.9,6.6183,0.49963
1300.4,1138.7,6.6376,0.49946
1042.3,1288.5,6.6275,0.49956
1080.3,1311.3,6.6264,0.49956
2271.6,950.81,6.6529,0.49927
2699.1,1464.5,6.6272,0.49942
2759.6,848,6.6635,0.49912
257.14,539.69,6.6634,0.49937
2512.3,1014.1,6.6518,0.49925
1282.2,927.2,6.6487,0.49937
1066.4,1445.1,6.6178,0.49963
2708.1,1491.6,6.6258,0.49943
1074.6,1136.8,6.6359,0.49949
1981.9,1098.5,6.643,0.49937
1034.8,1114.1,6.6368,0.49948
1981,1131,6.6412,0.49938
1067.2,1310,6.6259,0.49957
2274.4,954.98,6.6524,0.49927
1016,1436.8,6.6177,0.49964
1607.2,1527,6.6143,0.49962
1297.1,924.61,6.6486,0.49937
2705.2,1436,6.6287,0.4994
1045.4,968.93,6.6446,0.49942
1978.2,769.59,6.6613,0.49923
2270.3,948.41,6.6528,0.49927
2483.3,1112.4,6.6454,0.4993
1028.1,1302.6,6.6259,0.49957
1640.4,1114,6.64,0.49942
1034.5,1129.8,6.6357,0.49949
2414.5,1510.5,6.6208,0.4995
1620.2,1447.4,6.62,0.49957
1040.3,1305.8,6.6256,0.49957
1675.2,1078.9,6.6421,0.4994
735.77,1512.7,6.6104,0.49972
1664.6,1111.4,6.64,0.49941
1013.5,1452.5,6.6162,0.49965
2277.3,965.59,6.6513,0.49928
2254.5,954.01,6.6517,0.49928
1297,1165.5,6.6347,0.49948
2326.1,750.99,6.6633,0.49918
1062.2,1461.7,6.6155,0.49965
435.39,1537.9,6.6056,0.49979
1312.1,1261,6.6293,0.49952
2751.7,1049.6,6.6511,0.49922
1640.6,1059.1,6.642,0.4994
320.2,800.65,6.647,0.49948
1921.2,1254.2,6.6325,0.49945
904.71,1442.9,6.6156,0.49966
1085.7,1147.2,6.634,0.4995
1028.2,795.78,6.6529,0.49936
1055.1,1120.9,6.6349,0.4995
1314.7,795.96,6.6546,0.49932
1276,1266.5,6.6282,0.49953
2555.7,1603.3,6.6134,0.49955
1025.5,1442.1,6.6159,0.49965
2003.5,1120.1,6.6399,0.49939
2489.5,996.6,6.6503,0.49926
2291.3,970.42,6.6499,0.49929
1028.7,814.31,6.6514,0.49937
1991.3,1074.9,6.643,0.49937
1938.5,756.04,6.6599,0.49924
1085.4,1317.8,6.6235,0.49958
2486.9,1064.8,6.6467,0.49929
1022.7,1459,6.6144,0.49966
743.78,1519.3,6.6082,0.49973
2759.6,846.16,6.6614,0.49914
2454.4,1504.4,6.6201,0.4995
1093.6,1150.3,6.6327,0.49951
1663.9,1059,6.6412,0.4994
2003.8,1087.5,6.6412,0.49938
2193.6,1158.8,6.6386,0.49938
849.96,1454.3,6.6133,0.49968
2715.7,866.28,6.6595,0.49916
2682.5,1484.1,6.6239,0.49945
1069.2,808.96,6.6514,0.49937
795.9,574.49,6.6642,0.49929
320.51,1254.8,6.6212,0.49969
2486.5,1079.4,6.6448,0.49931
2281.5,1115.2,6.6412,0.49936
1976.7,1111.5,6.6398,0.49939
1315,930.1,6.6459,0.49939
1094,968.53,6.6422,0.49944
1069.6,826.62,6.6502,0.49938
1082.6,830.2,6.65,0.49938
2486.5,1003.4,6.6487,0.49928
2485.1,888.4,6.6552,0.49923
1976,1122.8,6.6389,0.4994
321.34,810.06,6.6448,0.4995
438.2,1549.5,6.6029,0.49981
294.49,821.16,6.6438,0.49951
1614.8,1125.6,6.6365,0.49944
1030.9,976.61,6.6413,0.49945
1315.2,1147.7,6.6335,0.49949
1058.3,1467.1,6.6128,0.49967
2460.6,886.26,6.6553,0.49923
2506.3,1014,6.6481,0.49928
1924.3,1163.5,6.6359,0.49943
750.81,1448.3,6.6127,0.4997
2508.9,1062.6,6.6457,0.4993
2735.7,1015.4,6.6502,0.49923
1083.5,1169.4,6.6308,0.49953
2485.7,1029.1,6.6472,0.49929
908.42,541.47,6.6662,0.49926
1084.3,1137.3,6.6325,0.49951
901.46,514.43,6.6678,0.49925
2489,1003.2,6.6483,0.49928
1947.1,1127.7,6.6378,0.49941
2665.8,1491.1,6.6217,0.49946
1848.1,1535.3,6.6121,0.49962
313.32,807.85,6.6441,0.49951
1071.5,1132.1,6.6326,0.49951
1948.6,1089.1,6.6399,0.49939
316.16,922.32,6.6379,0.49956
2574.6,214.68,6.7063,0.49882
787.47,1426.3,6.6135,0.49969
1255.7,1468.8,6.6133,0.49965
1948.3,1095,6.6393,0.4994
2505,1013.1,6.6476,0.49928
1578.5,1469.7,6.615,0.49961
1007.1,1472.6,6.6117,0.49968
2692.6,1454.2,6.6243,0.49944
2215.4,1161.9,6.637,0.49939
2739.7,1053.1,6.6478,0.49925
2467.8,1395.5,6.6254,0.49946
1093.7,993.05,6.6395,0.49946
1608.3,1450.7,6.6162,0.4996
2205.7,1078.3,6.6419,0.49936
1615.7,870.25,6.6494,0.49934
2157.6,333.65,6.6895,0.49899
2721.8,1006.4,6.6501,0.49923
1278.4,1157.1,6.6318,0.4995
1287.3,775.42,6.6529,0.49934
1892,1277.1,6.6283,0.49949
1975.7,1141,6.6364,0.49942
2212.3,993.25,6.6457,0.49933
1278.7,1266.2,6.6257,0.49955
1946.5,1114.2,6.6377,0.49941
1587.6,1008.1,6.6415,0.49941
1059,1454.4,6.6126,0.49967
2229.4,976.2,6.6469,0.49932
2486,1393.8,6.6253,0.49946
1945.7,1125.2,6.6371,0.49942
1654.9,1232.7,6.6292,0.4995
2758.2,826.6,6.6595,0.49915
1074.4,1321.2,6.6209,0.4996
2128.2,806.42,6.6552,0.49926
1081.6,820.35,6.6487,0.49939
1276.1,1193.9,6.6293,0.49952
2464.6,1073.5,6.6434,0.49932
735.22,1449.2,6.6107,0.49971
879.22,1460.7,6.6108,0.4997
304.74,862.91,6.64,0.49954
1276.7,1179.2,6.63,0.49952
1288.7,803.96,6.6507,0.49936
1952.8,1002.4,6.6433,0.49937
1634.5,1087.9,6.6369,0.49944
303.71,779.06,6.6444,0.49951
933.18,636.78,6.6586,0.49932
2188.6,1007.6,6.6444,0.49934
1657.6,1126,6.6349,0.49945
1071.4,1008.5,6.638,0.49947
1938.4,1198.4,6.6324,0.49945
2711.8,1363.5,6.6291,0.4994
1308.8,799.95,6.6506,0.49935
1030.8,985.47,6.6388,0.49947
1021.2,1449.1,6.612,0.49968
1287.9,791.45,6.6509,0.49935
1676.9,1067.1,6.6379,0.49943
2506.8,1021.9,6.6458,0.4993
2503.9,1003.6,6.6466,0.49929
1579.2,1453.4,6.6147,0.49962
1664.6,1231.9,6.6285,0.4995
2414.7,1449.4,6.62,0.49951
1950.5,1102.1,6.6371,0.49941
1624.2,1221.5,6.6289,0.4995
1061.7,1324.4,6.6198,0.49961
1885.6,1437.2,6.6173,0.49957
1274.4,1208.7,6.6276,0.49954
2130.3,814.6,6.6542,0.49927
1024.8,1301.2,6.6209,0.49961
1630.5,1130.7,6.634,0.49946
1273.4,824.51,6.6487,0.49937
2527.3,819.56,6.6568,0.49921
1311.4,1175.9,6.6296,0.49952
2729.3,1360,6.629,0.4994
323.46,844.8,6.6403,0.49953
1035.7,1315.5,6.6199,0.49961
1539.8,1544.8,6.6076,0.49967
319.28,1174.1,6.6225,0.49967
2306.1,835.3,6.654,0.49925
1288.2,808.84,6.6495,0.49936
1968.1,1159.8,6.634,0.49944
1274.1,845.98,6.6472,0.49938
2525.9,1063.5,6.6434,0.49931
2526.5,1038.8,6.6442,0.49931
1007.4,1462.2,6.6104,0.49969
2406.7,1481.3,6.6176,0.49953
343.57,1268.2,6.6175,0.49971
2576.5,1598.5,6.6099,0.49957
1008,1458.1,6.6107,0.49969
313.75,780.59,6.6435,0.49951
2248.3,959.25,6.6463,0.49932
912.39,558.55,6.6624,0.49929
1656.3,1226.2,6.6285,0.4995
2514.4,880.08,6.6535,0.49924
2728.4,841.43,6.6569,0.49918
1663.8,1131.7,6.6337,0.49946
2748.4,1013.5,6.6479,0.49924
1281.7,1187.3,6.6285,0.49953
1317,843.46,6.6475,0.49938
2706.9,1452.3,6.6225,0.49945
1317.7,1182,6.629,0.49952
2481.2,673.26,6.6641,0.49916
2410.5,1473.7,6.6176,0.49953
1052.3,990.31,6.6374,0.49948
1665.2,869.27,6.6475,0.49935
899.7,588.48,6.6602,0.49931
1631,1106.1,6.6346,0.49946
2737.5,1011.4,6.648,0.49925
2295.7,1123.6,6.6375,0.49938
2437.1,1397.2,6.623,0.49948
335.58,1267.1,6.6171,0.49971
2520.9,1001.6,6.646,0.49929
640.52,1531.7,6.6026,0.49979
2738.8,1058.7,6.6452,0.49927
2477.9,1011.9,6.6449,0.49931
2736.8,933.55,6.6519,0.49922
1030.2,967.72,6.6386,0.49947
2729.2,1356.1,6.6286,0.4994
1940.2,793.03,6.6532,0.49929
2483,896.99,6.6511,0.49926
1223.4,1553.4,6.6044,0.49972
1654,1143.9,6.6322,0.49947
1004.4,1477.4,6.6086,0.49971
2517.7,1117,6.6393,0.49935
1311.3,1274.9,6.6228,0.49957
1991.2,770.05,6.6543,0.49928
1308.3,790.76,6.6497,0.49936
2728.5,884.01,6.6541,0.4992
2523.1,881.06,6.6523,0.49924
1946.2,1138,6.6338,0.49944
2680.8,1472.7,6.6198,0.49948
1991.2,1077.6,6.6376,0.49941
2137.5,795.57,6.6536,0.49927
1575.8,1539.9,6.6066,0.49968
1517.3,1546.3,6.6061,0.49969
1648,1205.2,6.6284,0.4995
1573.8,1544.9,6.6065,0.49968
2482.1,1387.2,6.6234,0.49947
2387.3,1508,6.6145,0.49955
319.55,1147.6,6.6226,0.49967
1268,1471.1,6.61,0.49967
2716.9,584.99,6.671,0.49907
1555.2,1457,6.6125,0.49964
2187,836.29,6.6516,0.49928
1092.1,1145.4,6.6282,0.49955
2502.3,1081.9,6.6406,0.49934
2502.6,1060.6,6.6417,0.49933
1833.4,1533.6,6.6087,0.49965
2463.1,1011.4,6.6441,0.49931
2765.7,1051.3,6.6452,0.49926
1558.8,1495.4,6.6097,0.49966
1731.6,1291.8,6.6236,0.49954
1187.5,462.83,6.6698,0.49921
2665.2,1489.7,6.6179,0.49949
2737.1,951.53,6.65,0.49923
2208.1,779.22,6.6549,0.49925
2327.3,757.78,6.6572,0.49923
2200.5,999.57,6.6425,0.49935
1321.7,945.7,6.6402,0.49943
2688.1,1445.2,6.6211,0.49946
2525,996.98,6.6452,0.4993
1600.6,1227.2,6.6264,0.49952
1684,1072.9,6.6351,0.49945
2238.1,884.31,6.6488,0.4993
340.7,1186.1,6.6204,0.49969
2720.3,1390.4,6.6253,0.49943
328.31,938.3,6.6334,0.49959
2729.9,940.64,6.6502,0.49923
912.62,455.47,6.6683,0.49925
2696.1,1459.9,6.6201,0.49947
2454.3,1402.8,6.6213,0.49949
2230.1,1199.9,6.6313,0.49944
2707,1359.4,6.627,0.49942
2449.5,1419.4,6.6202,0.4995
2474.9,1089.6,6.6394,0.49935
1937.9,1164.1,6.6317,0.49946
1938.6,1154,6.6322,0.49945
1050.1,820.06,6.6452,0.49942
2461,1074.6,6.6402,0.49935
332.42,1181.2,6.6203,0.49969
1027.4,1450,6.6092,0.4997
2674.8,1436.6,6.6212,0.49947
2642.2,1176.1,6.6363,0.49935
1634.3,877.3,6.6455,0.49937
1671.2,1128.4,6.632,0.49947
2692.6,1485.7,6.6181,0.49949
1565.2,1473.8,6.6108,0.49965
2277.9,791.44,6.6545,0.49925
1276.2,910.16,6.6416,0.49943
2281.7,996.18,6.6427,0.49934
1664.2,1204.3,6.6276,0.49951
2731,1323.1,6.629,0.4994
2481.7,1052.7,6.6409,0.49934
2730.2,953.45,6.6491,0.49924
1275.2,881.91,6.6431,0.49942
2734,982.21,6.6474,0.49925
2501.2,1059.8,6.6409,0.49933
1269.4,1254.6,6.6225,0.49958
1061.6,1470.3,6.6078,0.49971
1610.6,1234.6,6.6258,0.49953
1046.7,1442.3,6.6098,0.49969
2698.8,1393.2,6.6244,0.49944
1288.3,1199.5,6.6257,0.49955
2504.5,1011.8,6.6435,0.49931
1058.1,1444.4,6.6097,0.49969
1283.5,1265.2,6.6219,0.49958
1661.7,1111.5,6.6325,0.49947
2279.5,781.46,6.6544,0.49925
1919.4,802,6.6509,0.49931
2233.8,734.91,6.6565,0.49924
2275.5,1077.3,6.6378,0.49938
340.5,1161.6,6.621,0.49968
1064,1456.8,6.6085,0.4997
2654.4,1484.1,6.6176,0.4995
917.93,575.9,6.6587,0.49932
1308.6,793.87,6.6479,0.49937
1270.1,1240.9,6.623,0.49957
1621.5,1210.3,6.6267,0.49952
1233.2,1473.5,6.6085,0.49969
2735.7,1064.1,6.6429,0.49929
1044.6,1306.5,6.6176,0.49963
1631.7,1063.9,6.6347,0.49946
1306.4,1272.8,6.6214,0.49958
2737.4,939.2,6.6495,0.49923
1915.3,1158.7,6.6311,0.49946
2310.8,847.89,6.6504,0.49928
1986.6,1116.5,6.6338,0.49944
1625.3,1167.9,6.6289,0.4995
1654.8,1093.7,6.633,0.49947
1275,869.78,6.6431,0.49941
2208,1118.4,6.6346,0.49941
1920.3,1092.3,6.6346,0.49944
1665.9,1055.6,6.6355,0.49945
1267.7,1267.7,6.6211,0.49959
1922.6,1067.4,6.6359,0.49943
1618.1,1067.1,6.6346,0.49946
1611.6,1082.8,6.6333,0.49947
1031,976.23,6.6358,0.49949
1215.4,1550.4,6.6027,0.49974
1024.6,1464.6,6.6072,0.49971
1918,787.37,6.6511,0.49931
2485,1027.1,6.6417,0.49933
1043.6,979.56,6.6356,0.49949
1228.1,1488.6,6.6069,0.4997
1317.7,1154.1,6.6278,0.49953
1637.7,1082.7,6.6329,0.49947
1286.9,1215.7,6.624,0.49956
2447.7,1459.4,6.6159,0.49954
1042.9,1323.3,6.616,0.49964
1307.9,1198.1,6.625,0.49955
1660.8,1079.1,6.6333,0.49946
1559.1,1484.6,6.6088,0.49966
2764.6,902.45,6.6515,0.49921
2674.6,1587.7,6.6087,0.49956
2458.1,1112.6,6.6367,0.49937
2730.8,956.88,6.6478,0.49925
1671.1,1208.7,6.6259,0.49952
2502.7,966.53,6.645,0.4993
1306.7,1211,6.6241,0.49956
2725.9,931.18,6.6498,0.49923
2458.1,1432.8,6.6174,0.49952
1053,979.11,6.635,0.49949
1281.4,861.17,6.6433,0.49941
2747.3,975.83,6.6469,0.49925
1549.1,1505.8,6.607,0.49968
2240.4,981.97,6.6419,0.49935
2143.7,872.5,6.6469,0.49932
1282.2,1159.9,6.6269,0.49954
2472.3,1104.3,6.6369,0.49937
2250.7,1126.7,6.6339,0.49941
1864.2,1459.2,6.6119,0.49962
1308.2,1271.2,6.6207,0.49959
2522.3,1082.7,6.6383,0.49935
1543.3,1474.3,6.6091,0.49966
1323.5,844.88,6.644,0.4994
2275,1109,6.6349,0.4994
2693.7,1456.5,6.6186,0.49948
2220.2,983.9,6.6415,0.49936
1623.3,1182.5,6.6272,0.49951
1666.6,867.89,6.6448,0.49937
1642.6,1225.6,6.6248,0.49953
936.36,1534.9,6.6014,0.49977
1044,979.69,6.635,0.4995
2509.9,1009.6,6.6422,0.49932
1082.4,1315.5,6.6162,0.49964
2483.7,1030.5,6.6409,0.49934
341.81,1160,6.6199,0.49969
1605.6,1155.8,6.6284,0.49951
2734.2,1008,6.645,0.49927
2759.8,876.52,6.6521,0.49921
327.33,1507,6.599,0.49986
1909.4,1206.9,6.6272,0.49949
1066,1443.7,6.608,0.49971
1276.3,901.11,6.6404,0.49944
503.41,887.45,6.6364,0.49954
2587.4,438.51,6.6778,0.49904
2683.8,1442.3,6.619,0.49948
2433.3,1484.2,6.6133,0.49956
1051.5,842.38,6.642,0.49944
1241,1488.3,6.6062,0.49971
961.55,1536,6.6012,0.49977
1296.4,1202.3,6.6236,0.49957
1282.2,1268.9,6.6201,0.49959
2677.2,1435.8,6.6192,0.49948
1283.4,1255.4,6.6208,0.49959
2313.9,853.43,6.6487,0.49929
1277.1,943.94,6.6379,0.49946
2402.7,1493.8,6.6125,0.49957
1984,1134.9,6.6314,0.49946
1009.8,1437.3,6.6082,0.49971
1281.5,826.88,6.6446,0.4994
2200.4,1204,6.6287,0.49946
1290.9,869.54,6.642,0.49942
1564.5,1542,6.604,0.4997
2763.1,877.29,6.6518,0.49921
2462,1423.1,6.6181,0.49952
1291.4,883.65,6.6412,0.49943
2665.7,1446.1,6.6183,0.49949
1305.5,1226.8,6.6224,0.49957
317.23,777.11,6.6395,0.49954
1270.5,1231.6,6.6219,0.49958
2676.1,1461.4,6.6173,0.4995
1661.1,1209.2,6.6253,0.49953
1601.3,1450.5,6.6106,0.49965
2508.4,1008.3,6.6418,0.49933
1061.6,1316.1,6.6158,0.49964
2720.9,589.35,6.668,0.49909
1320.2,828.74,6.6441,0.4994
2205.9,409.73,6.6766,0.49908
1284.3,1242,6.6213,0.49958
301.16,871.33,6.6343,0.49959
1050.8,809.03,6.6435,0.49943
2688.8,1459.5,6.6175,0.49949
1277.1,930.81,6.6383,0.49945
1043.9,964.32,6.6351,0.49949
1673.4,1059.3,6.6334,0.49946
2212.3,397.35,6.6781,0.49907
1286.6,1215.9,6.6227,0.49957
1915,1145.1,6.6301,0.49947
2412.9,1484.4,6.6131,0.49956
1531.1,1536.3,6.6037,0.4997
1054.1,1125.3,6.6261,0.49956
2675.5,1459.9,6.6172,0.4995
1284.2,1243.6,6.621,0.49959
2525.2,893.56,6.648,0.49928
334.33,1157.9,6.6192,0.4997
1292.8,941.99,6.6376,0.49946
2665.9,1462.5,6.6167,0.4995
1599.3,1215.7,6.6242,0.49954
1304,1239.5,6.6212,0.49958
1625.1,1215.5,6.624,0.49954
335.45,1163.6,6.6186,0.4997
2271.5,1105.5,6.634,0.49941
1840,1460.4,6.6107,0.49963
2520,1006.9,6.6416,0.49933
2205.7,1012.3,6.6386,0.49938
2501.8,1068.3,6.6382,0.49936
2502.2,1048.7,6.6391,0.49935
2721.4,892.56,6.6499,0.49923
1292.8,928.42,6.6381,0.49945
2717,963.26,6.646,0.49926
740.23,1516.4,6.6007,0.49979
1625,1154.3,6.6276,0.49951
2734.5,968.66,6.6461,0.49926
2388.1,1487.9,6.6121,0.49957
2518.2,1021.4,6.6406,0.49933
2654.2,1472.1,6.6158,0.49951
1302.8,1254,6.6202,0.49959
1928,1206.3,6.6264,0.4995
1915.9,1129.9,6.6305,0.49947
1966.8,1140.6,6.6302,0.49947
326.13,798.55,6.6381,0.49955
2457.2,1022.8,6.64,0.49935
2715.8,1367.5,6.6234,0.49944
2400,1461.7,6.6139,0.49956
1203.2,1554.5,6.6002,0.49976
2745.5,840.63,6.6529,0.49921
1582.1,1472.4,6.608,0.49967
2464.3,1396.9,6.6186,0.49951
2759.6,878.54,6.6508,0.49922
1946.3,789.59,6.6489,0.49932
2392.1,1474.6,6.6129,0.49957
1985.7,1103.5,6.6322,0.49945
2661.8,1469.4,6.6158,0.49951
1647.1,1168.8,6.6266,0.49952
2737.2,1020.4,6.6428,0.49929
2129.8,822.69,6.6481,0.49931
1608.9,1104,6.63,0.49949
1301.3,1266.4,6.6192,0.4996
2657.3,1461.7,6.6162,0.49951
2716.4,949.47,6.6463,0.49926
2443.9,1441.9,6.6152,0.49954
1937,1177.1,6.6273,0.49949
1979.2,1169.7,6.6283,0.49948
343.97,1276.9,6.6118,0.49975
1893.3,971.73,6.6386,0.49941
2683.8,1467.7,6.616,0.4995
2398.6,1462.9,6.6134,0.49956
1310.5,1149.9,6.6257,0.49955
1287.4,1203.1,6.6226,0.49957
1965.4,1140.4,6.6297,0.49947
1590.9,1504.6,6.6052,0.49969
300.25,606.12,6.6486,0.49947
1985.8,1170.5,6.6279,0.49948
2671.4,1442.4,6.6174,0.4995
1601.8,1187.7,6.6251,0.49953
2723,945.29,6.6464,0.49926
1276.3,1142.6,6.6258,0.49955
1619.5,1201.4,6.6244,0.49954
1599.4,1204.2,6.6241,0.49954
1655.9,1065.2,6.632,0.49947
2605,221.93,6.698,0.49887
1568.8,1445.6,6.6093,0.49966
1591.9,1459,6.6085,0.49966
1602.5,1174.5,6.6257,0.49953
2714.8,869.43,6.6503,0.49923
1029.1,1438.2,6.6066,0.49972
2205.9,786.69,6.6505,0.49929
2208.6,1115.6,6.6321,0.49943
2722.2,920.37,6.6476,0.49925
1284.2,952.84,6.6362,0.49947
1291.3,1257.4,6.6189,0.4996
2723.2,1025.9,6.6419,0.4993
2687.2,1456.4,6.6165,0.4995
2499.9,1091.4,6.6359,0.49937
2716.3,962.37,6.6452,0.49927
1796.6,1536.1,6.6042,0.49968
1109.1,467.89,6.6649,0.49926
1619.2,1111.4,6.6294,0.4995
2385.5,1486.2,6.6114,0.49958
328.88,1491.4,6.5984,0.49986
2724,959.84,6.6453,0.49927
1054.4,330.36,6.6762,0.49917
1309.6,789.55,6.645,0.4994
2496.9,1103.6,6.6352,0.49938
2700,1475,6.6157,0.4995
1986.7,1087.8,6.6324,0.49945
2723.1,960.99,6.6452,0.49927
1317.6,949.37,6.6363,0.49946
1293.8,1231.4,6.6202,0.49959
2458.1,1022.4,6.6391,0.49935
258.86,582.34,6.649,0.49948
2686.5,1459.4,6.6161,0.4995
2508.5,1024.8,6.6393,0.49935
2734.6,1328,6.6249,0.49943
2286.3,851.37,6.6471,0.49931
1041.5,450.15,6.6654,0.49926
2712.8,1427.1,6.6182,0.49948
2682,1465.6,6.6155,0.49951
1307.4,1201,6.6222,0.49958
2718.6,1425.6,6.6186,0.49948
1845.6,1440.8,6.6108,0.49963
2734.4,861.43,6.6506,0.49923
2495.9,1101.7,6.6349,0.49938
2384.6,899.5,6.6451,0.49931
2730.8,944.38,6.646,0.49926
2232.8,997.04,6.6388,0.49938
1533.1,1525.6,6.6031,0.49971
2399.3,1401.5,6.6169,0.49953
756.72,1467,6.6026,0.49977
1257.3,1487.7,6.6043,0.49972
1290.8,1154.6,6.6246,0.49956
506.88,1522.8,6.5972,0.49984
2416.1,1459.1,6.6131,0.49956
1285,1232,6.6202,0.49959
1094.6,856.64,6.6394,0.49946
818.46,1476.6,6.6029,0.49977
1892,970.13,6.6379,0.49941
1980.1,1154.2,6.6283,0.49948
2760.2,931.77,6.6466,0.49925
1609.6,759.27,6.648,0.49935
1565.3,1504.7,6.6046,0.4997
2454.2,491.85,6.6702,0.49911
2753.3,881.5,6.6495,0.49923
1293.3,916.84,6.6374,0.49946
2231.9,1168.9,6.6287,0.49946
1590.9,1444.3,6.6088,0.49966
305.19,861.96,6.6335,0.49959
1670.3,1094.6,6.6297,0.49949
2720.4,1046.9,6.6402,0.49931
1313.1,941,6.6361,0.49947
820.07,1469.3,6.603,0.49976
2663.6,1459.6,6.6153,0.49951
1982.3,1107.5,6.6307,0.49946
1093.9,822.74,6.641,0.49944
2642.9,1486.8,6.6132,0.49953
2204.2,1014,6.6369,0.49939
2688.6,1481.5,6.614,0.49952
1020.9,1440.5,6.6058,0.49973
1282.9,1256.9,6.6185,0.49961
1930.1,813.78,6.6468,0.49934
313.21,857.66,6.6327,0.49959
2006.4,1189.1,6.6259,0.4995
2727.8,863.08,6.6499,0.49923
1536.7,1516.5,6.6033,0.49971
1619.6,1431.6,6.6092,0.49966
1556.6,1485.3,6.6053,0.49969
2260.4,1008,6.6377,0.49938
2274.6,867.46,6.6455,0.49932
1275.5,1157.3,6.6239,0.49956
1300.2,1142.3,6.6245,0.49956
1915.8,1115.3,6.6297,0.49947
2684.3,1404,6.6187,0.49948
2504.3,897.14,6.6459,0.4993
2522.6,1034.6,6.6386,0.49935
2723.8,948.21,6.6451,0.49927
1357,625.89,6.6543,0.49932
1559.1,1515.4,6.6034,0.49971
2689.4,1480.8,6.614,0.49952
1003.9,1475.9,6.6032,0.49975
1356.8,628.53,6.6541,0.49932
319.47,792.05,6.6366,0.49956
2473.9,1033.5,6.6378,0.49936
2166.8,892.06,6.6432,0.49935
1237.1,1470,6.605,0.49972
2746.8,858.27,6.6502,0.49923
1293.3,903.66,6.6376,0.49946
1312.8,884.55,6.6387,0.49945
1707.6,1593.1,6.5979,0.49974
1656.8,1225.4,6.6219,0.49955
2732.5,1355.6,6.6226,0.49944
2672.3,1432.4,6.6167,0.4995
2687.5,1464.8,6.6148,0.49951
1927.3,1105.1,6.6304,0.49947
1084.8,825.8,6.6406,0.49945
1917.3,1100.2,6.6303,0.49947
2209.5,1092.7,6.632,0.49943
1055,966.95,6.6323,0.49952
2710.3,1315.2,6.6244,0.49943
2732.3,902.01,6.6473,0.49925
2462.7,1386.1,6.6179,0.49952
1315.8,1172.4,6.6228,0.49957
1578.9,1473.3,6.6061,0.49968
1594.2,1432.1,6.6089,0.49966
2726.3,876.57,6.6493,0.49924
1646.5,1177.1,6.6244,0.49953
2472.6,1366.1,6.6183,0.49951
937.67,1466,6.6029,0.49975
2746.3,856.64,6.6499,0.49923
1701.4,525.84,6.6626,0.49923
1312.9,871.34,6.6391,0.49944
2726.1,1051.1,6.6398,0.49931
2656.2,1177,6.6315,0.49939
2657.5,1468.9,6.6139,0.49953
1609.2,1416.9,6.6103,0.49965
2192.9,889.68,6.6429,0.49935
2408.3,1476.9,6.6111,0.49958
326.78,946.73,6.6276,0.49963
1953.5,1196.1,6.6245,0.49951
1266.6,1274.4,6.6167,0.49962
2470,1109.5,6.6332,0.4994
1293.7,920.07,6.6363,0.49947
2719.1,1397.3,6.6189,0.49948
1033.6,967.14,6.6322,0.49952
2719.4,1328.8,6.6234,0.49944
1096.9,977.61,6.6317,0.49952
2721.9,1043.2,6.6394,0.49931
1611.2,783.62,6.6456,0.49937
2679.5,1430.2,6.6166,0.4995
925.84,1518.4,6.5989,0.49979
1357.4,625.11,6.6537,0.49933
1626.8,1189.2,6.623,0.49955
1595,1065,6.6299,0.49949
2232.4,1009.1,6.6365,0.4994
2476.5,1076,6.6351,0.49938
1335.6,805.7,6.6424,0.49942
2681.2,1364,6.6209,0.49947
1615.1,1149.9,6.6256,0.49953
1552.7,1524.3,6.602,0.49972
1620.7,1180.7,6.6238,0.49954
2747.2,939.66,6.645,0.49927
2341.4,1510.1,6.6078,0.49961
787.34,612.49,6.651,0.49939
1291.7,1143.5,6.6239,0.49956
1250.8,1540.4,6.5988,0.49976
1575.5,1434.1,6.6079,0.49967
2497.5,1107.9,6.6334,0.49939
1617.1,1210.4,6.622,0.49956
729.64,1459.8,6.6019,0.49978
1313.7,914.38,6.6364,0.49946
1921.2,1056.4,6.632,0.49946
2471.6,1071.4,6.6349,0.49938
626.74,1562.3,6.5946,0.49985
806.34,1531.9,6.597,0.49981
1570.1,1433.5,6.6082,0.49967
1577.7,1505.1,6.6032,0.49971
1596.3,1483.3,6.6046,0.49969
1291.2,866.22,6.6389,0.49945
1925.8,1041.3,6.6328,0.49945
2733,898.51,6.6469,0.49925
2718.1,1329.8,6.6229,0.49944
2711.5,1434.7,6.6164,0.4995
2705.7,1323.3,6.6234,0.49944
1652.7,1156.1,6.6248,0.49953
2715.1,1043.6,6.6388,0.49932
2516.1,1049.5,6.6364,0.49937
1229.5,1492.9,6.6025,0.49974
1566.8,1494.7,6.6039,0.4997
2678.5,1431.2,6.6161,0.4995
2719.2,945.36,6.6443,0.49928
2727.9,851.9,6.6493,0.49924
2200.4,1165.1,6.6273,0.49947
2735.4,1325.3,6.6231,0.49944
1069.8,332.93,6.674,0.49919
2739.8,1233.2,6.6288,0.49939
2464.3,1024.3,6.6372,0.49937
1629.2,1081.5,6.6289,0.4995
320.45,1154.7,6.6162,0.49972
331.69,808.5,6.6344,0.49958
1331.1,1202.3,6.6201,0.49959
1057.7,1445.2,6.6044,0.49973
1629.8,1160.3,6.624,0.49954
1054.3,1438.1,6.6052,0.49973
1656.3,1228.1,6.6207,0.49956
1303.4,1244.7,6.6179,0.49961
2463,1022.4,6.6372,0.49937
1631.7,779.54,6.6453,0.49937
1654.6,752.2,6.647,0.49936
2387.5,1460.5,6.6107,0.49958
2729.1,1039,6.639,0.49932
1314.5,929.82,6.6352,0.49947
1303.6,906.63,6.636,0.49947
2700.4,1332.3,6.6219,0.49946
1276.1,816.34,6.6411,0.49943
519.2,1516.8,6.5958,0.49985
1545.2,1477.9,6.6048,0.4997
1044.6,818.47,6.6397,0.49946
2727.3,1256.4,6.6268,0.49941
1285.5,1232.1,6.6184,0.49961
2729.1,866.42,6.6483,0.49924
2288.4,1087.5,6.6319,0.49943
2227,766.74,6.6493,0.4993
2687.9,404.3,6.6773,0.49902
1080.8,812.15,6.6406,0.49945
1644.5,1184.9,6.6229,0.49955
1851,1462,6.6074,0.49965
2445.1,1424.4,6.6143,0.49955
1670.8,1184.7,6.6227,0.49955
1649.2,1186.4,6.6226,0.49955
1530.2,1485.5,6.6039,0.4997
521.6,1527.5,6.5949,0.49986
2454.6,1039,6.6359,0.49938
1924.1,1043.8,6.632,0.49946
2687.6,1438.1,6.6153,0.49951
2424.9,1370.6,6.6165,0.49953
2626.1,1544.5,6.6073,0.49958
2456.7,1113.1,6.6319,0.49941
2745.8,811.88,6.6511,0.49922
729.15,1449.9,6.6018,0.49978
2665.8,1441.3,6.6148,0.49952
807.28,595.26,6.6513,0.49939
2746.9,843.6,6.6496,0.49923
2342.7,825.68,6.6466,0.49931
2565.4,240.49,6.6929,0.49892
1825.3,1513.9,6.603,0.49969
2455.7,1041.1,6.6357,0.49938
1316.1,800.14,6.6421,0.49942
2715.5,1046,6.6381,0.49933
1096.6,843.71,6.638,0.49947
2478.9,1094.6,6.6329,0.4994
2480.5,1070,6.6343,0.49939
325.11,889.59,6.6298,0.49962
2762.6,817.22,6.6515,0.49921
1560.8,1533.6,6.6004,0.49973
1304.9,935.01,6.634,0.49948
1572.1,1513,6.6019,0.49972
2525.3,1008,6.638,0.49935
1645.1,1216.2,6.6206,0.49956
2480.6,1055.4,6.635,0.49938
2731.8,1348.8,6.6216,0.49945
1928.6,1148.9,6.626,0.4995
1570.7,1483.5,6.6039,0.4997
1554,1453.1,6.6061,0.49968
2473,1113,6.6319,0.49941
1524.3,1496.3,6.6027,0.49971
2180.8,1132.9,6.6285,0.49946
1610.9,1076.5,6.6282,0.49951
2735.1,847.45,6.6489,0.49924
2517.6,1101.8,6.6328,0.4994
1543.5,1505.1,6.6019,0.49972
2206,1165.2,6.627,0.49947
1967,1076.2,6.6301,0.49947
2064.5,1180.1,6.6247,0.4995
1203.8,1543.8,6.5976,0.49978
2478.2,1092.4,6.6328,0.4994
1037.7,804,6.6403,0.49945
1673.9,1155.6,6.6238,0.49954
2730.1,919.42,6.6448,0.49927
1369.7,614.35,6.6528,0.49933
342.91,1464.2,6.5973,0.49987
1311,1155.8,6.6222,0.49958
2737,1025.1,6.6391,0.49931
1269.2,1468.1,6.6034,0.49973
1311.9,1141.5,6.6229,0.49957
2371.9,1484.2,6.6082,0.4996
2481.2,1057.9,6.6346,0.49939
1574.3,1483.7,6.6035,0.4997
2713.2,1423.9,6.6159,0.4995
1216.8,1508,6.6001,0.49976
1889,1283.8,6.618,0.49957
1564.9,1524.5,6.6006,0.49973
2686.6,1439.6,6.6146,0.49951
1573.8,1523,6.6004,0.49973
1328.5,1230.2,6.6175,0.49961
1303.7,880.06,6.6365,0.49946
2166,1212.3,6.6236,0.4995
1595.5,1432.5,6.6068,0.49968
351.85,985.34,6.6244,0.49965
2685.8,1435.6,6.6146,0.49951
2387.5,956.26,6.6392,0.49936
2387.1,982.31,6.6377,0.49937
1359,615.04,6.6526,0.49933
2285.6,1112.5,6.6295,0.49945
2692.4,1102.1,6.634,0.49936
2748.8,863.47,6.6477,0.49924
2653,1444.2,6.6136,0.49953
2229.5,992.3,6.6355,0.4994
2309,859.86,6.6436,0.49933
2738.4,1320.4,6.6224,0.49945
2032.6,1228.7,6.6216,0.49953
1239.9,1551.9,6.5965,0.49978
1088.7,982.56,6.6298,0.49953
1011.6,1437,6.6034,0.49974
1022.5,1438.7,6.6034,0.49974
1582.3,1475.6,6.604,0.4997
1581.1,1492.3,6.6026,0.49971
391.34,767.97,6.6364,0.49955
1406.8,1389.5,6.6087,0.49967
2508.7,989.84,6.6379,0.49936
2722.7,868.02,6.6468,0.49926
2471.7,1074.5,6.633,0.4994
1992.3,1014.1,6.6329,0.49944
2760.1,852.67,6.6481,0.49924
2719.8,976.52,6.6411,0.4993
2641.6,1469.7,6.6116,0.49955
2176.2,1197.2,6.624,0.4995
2715.2,858.61,6.6471,0.49926
2349,1508.8,6.6059,0.49962
921.25,581.75,6.6517,0.49937
1575.6,1503.2,6.6017,0.49972
314.58,817.13,6.6324,0.4996
1531.9,1524.2,6.5996,0.49974
755.87,1487.6,6.5985,0.49981
809.36,1530.4,6.5954,0.49982
2737.3,982.78,6.6407,0.4993
337.73,1502.9,6.5944,0.49989
2729.9,999.71,6.6396,0.49931
1485.1,1590.2,6.5946,0.49978
1265.5,1474.6,6.6019,0.49974
2721.8,1382.6,6.6184,0.49948
1318.7,815.2,6.6397,0.49944
2388.2,1505.4,6.6067,0.49961
1847,1470,6.605,0.49967
1277.5,805.44,6.6403,0.49944
1105.4,457.48,6.6617,0.49928
2708.5,817.86,6.6493,0.49924
1970.6,1239.5,6.6203,0.49954
2722.3,1378,6.6184,0.49948
2212.8,748.03,6.6489,0.4993
2458,1044.8,6.6343,0.49939
2722.2,869.21,6.6465,0.49926
1209.9,1525.8,6.5979,0.49977
513.76,1502.2,6.5953,0.49986
734.47,1458.5,6.5999,0.4998
2715.9,1004.8,6.639,0.49932
2759.9,840.6,6.6485,0.49924
795.68,615.27,6.6483,0.49941
1632.9,760.9,6.6446,0.49938
2512.9,1101.6,6.6316,0.49941
1670.2,1100.5,6.6261,0.49952
1261.7,1490.8,6.6008,0.49975
1964.4,966.29,6.6347,0.49943
2730.1,987.9,6.64,0.49931
1563.3,1503.5,6.6011,0.49972
2477,1107.3,6.6308,0.49942
2392.8,1382.4,6.6143,0.49955
2423.1,1472.6,6.609,0.49959
2514.5,1063,6.6336,0.49939
1075.4,827.89,6.6376,0.49947
2287.3,858.19,6.643,0.49934
1660.6,871.93,6.6384,0.49942
2008.8,835.89,6.6423,0.49937
320.94,621.2,6.6437,0.49951
2191.5,1210.9,6.623,0.4995
1254.9,1453,6.6027,0.49973
1834.2,1491.9,6.6031,0.49969
1919.9,1075,6.6288,0.49948
716.46,1537.9,6.5941,0.49984
2099.6,1378.3,6.6124,0.49959
2738,1233.1,6.6267,0.49941
1547.1,1543.1,6.5982,0.49975
2682.3,1459.6,6.6121,0.49954
2768.9,901.18,6.6451,0.49926
2717.7,876.06,6.6459,0.49927
2471.4,1060.6,6.6332,0.4994
2521.2,1029,6.6354,0.49937
1303.9,815.96,6.6391,0.49944
2761,854.63,6.6475,0.49924
2737.8,985.28,6.64,0.49931
1278.2,833.6,6.6382,0.49945
1319.5,1123.3,6.623,0.49957
2659.7,1447.2,6.6132,0.49953
1596.9,1455.2,6.6045,0.49969
2462.4,1378.5,6.615,0.49954
1812.1,1522.9,6.6009,0.49971
2766.7,745.61,6.6537,0.4992
349.91,1136.8,6.6153,0.49972
2512.8,1087.8,6.6319,0.4994
2457.3,1111.3,6.6301,0.49942
1538.6,1499.3,6.6012,0.49972
2121.1,1373.2,6.6123,0.49959
1903.7,1198,6.6216,0.49954
1316.4,904.65,6.6344,0.49948
1378.1,1483.5,6.6016,0.49973
1650.5,1209,6.6198,0.49957
2463,1038.1,6.6341,0.49939
2200,335.69,6.6776,0.49908
2098.8,817.73,6.6435,0.49935
2736.5,850.74,6.6471,0.49925
2716.5,1006.9,6.6384,0.49932
375.16,1309.2,6.6059,0.49979
743.23,1538.3,6.5936,0.49984
1312.9,1231.6,6.6162,0.49962
330.93,1129.1,6.6153,0.49973
2055.2,1232.1,6.6202,0.49954
959.58,1529.3,6.5955,0.49981
315.09,603.06,6.6441,0.49951
1208.2,541.36,6.6557,0.49932
2390.8,1167.4,6.6266,0.49946
2730.6,1002,6.6388,0.49932
2689.3,1423.4,6.6142,0.49952
2122.4,1222.9,6.6211,0.49953
2700.5,1447.9,6.6127,0.49953
2411.4,1442.5,6.6101,0.49959
2693,1103,6.6329,0.49937
960.91,1529.4,6.5954,0.49981
2042.3,1183.9,6.6226,0.49952
2632.4,1241.9,6.6244,0.49945
1579.2,1492.9,6.6015,0.49972
322.02,950.38,6.6244,0.49966
491.71,549.34,6.6498,0.49943
1017.8,1433.4,6.6028,0.49975
946.46,1523.3,6.5957,0.49981
1077.6,981.05,6.6286,0.49954
1248,1506.1,6.5988,0.49976
1320.9,789.7,6.6402,0.49943
2421.9,1455.8,6.6091,0.49959
328,1296.2,6.606,0.4998
2645.5,1454.3,6.6116,0.49955
1322,848.27,6.6371,0.49946
1082.8,880.13,6.6342,0.4995
2626.3,1482.1,6.6094,0.49957
329.42,920.02,6.6261,0.49964
2412.1,1390.2,6.6136,0.49956
2451.6,1077,6.6315,0.49941
332.73,803.67,6.6324,0.49959
2491.5,686.5,6.6537,0.49924
1699.3,534.76,6.658,0.49927
1315.5,1206,6.6173,0.49961
2469.9,693.46,6.6531,0.49924
1661.3,1066,6.6267,0.49952
2735.2,845.09,6.6471,0.49925
327.48,1188.9,6.6117,0.49976
2427.5,1420.9,6.6117,0.49957
2525.7,1011.5,6.6356,0.49937
921.25,467.19,6.659,0.49932
1819.6,1470,6.6041,0.49968
2133.7,867.11,6.6405,0.49937
1326.3,1256.9,6.6143,0.49964
525.21,1496,6.5948,0.49986
2730.1,852.29,6.6465,0.49926
2221.9,568.64,6.6588,0.49922
2074.3,985,6.6341,0.49943
1247.7,1506.8,6.5985,0.49977
1310.1,1225.5,6.6164,0.49962
1517.1,1504.6,6.6,0.49973
2721.3,967.41,6.6402,0.49931
338.52,1221.5,6.61,0.49977
2280.4,1046.2,6.6318,0.49943
375.33,1308.1,6.6055,0.4998
2730.1,588.79,6.6622,0.49914
1230.7,1463.4,6.6013,0.49974
325.03,609.17,6.6432,0.49951
2347.4,1506.4,6.6048,0.49963
337.46,898.18,6.6271,0.49963
2636.7,216.86,6.6939,0.4989
1962.6,637.03,6.6525,0.49929
1689.1,855.76,6.6381,0.49942
2433.7,1429.8,6.6106,0.49958
2719,969.3,6.6399,0.49931
1976.2,1208.9,6.6207,0.49954
2119.3,903.17,6.6384,0.49939
1070.2,1171.5,6.6174,0.49963
2511.2,1100,6.6304,0.49942
2072.9,1546.7,6.5995,0.4997
2394.9,1502.8,6.6053,0.49962
2729,1028.2,6.6366,0.49934
833.27,1465.4,6.5987,0.4998
1388.2,613.9,6.6506,0.49935
2407.4,1454.3,6.6087,0.4996
1310.5,1258.3,6.6139,0.49964
2526.4,255.69,6.6881,0.49896
329.94,1296.2,6.6055,0.49981
1005.3,456.58,6.6596,0.49931
2415.1,1432.1,6.6102,0.49958
2515.1,1065.4,6.6322,0.4994
2392,1503.5,6.605,0.49963
1641.5,1210.9,6.6185,0.49958
1103.4,459.88,6.6599,0.4993
1994.6,1240.3,6.6184,0.49956
2283.4,771.93,6.6463,0.49931
1869.8,1414.6,6.6072,0.49965
1660.9,706.04,6.6462,0.49936
2120.4,820.93,6.6422,0.49936
1659.1,1199.5,6.6191,0.49958
1230.1,1507.3,6.5979,0.49977
2457.7,1051.3,6.6325,0.49941
2278.7,881.99,6.64,0.49936
1812.9,1520.3,6.5999,0.49972
1389.7,632.42,6.6491,0.49936
1223.3,1525.5,6.5965,0.49978
1321.7,1142.6,6.6201,0.49959
1057.9,1187.5,6.616,0.49964
1331,917.46,6.6325,0.49949
2714.6,596.5,6.6608,0.49915
835.74,1459.6,6.599,0.49979
1240.8,1496.8,6.5981,0.49977
2532.5,697.7,6.6524,0.49924
1081.5,1351.3,6.6066,0.49971
883.61,1488.2,6.5969,0.49981
2729.2,1041.4,6.6355,0.49934
2226.5,996.92,6.633,0.49942
2761.4,840.05,6.6468,0.49925
1839.9,1468.3,6.6035,0.49968
2682.1,641.3,6.6573,0.49918
2050.7,1226.4,6.6196,0.49954
2520.4,1083.8,6.6308,0.49941
1406.2,1389.8,6.6066,0.49969
2425,735.36,6.6493,0.49928
1216.1,1542.6,6.5949,0.4998
2202.1,837.17,6.6414,0.49936
1227,1532.7,6.5953,0.49979
1213.1,1516.6,6.5967,0.49978
1283.8,1254.7,6.6137,0.49964
2435.2,1301.1,6.6178,0.49952
1538.7,1415.6,6.6053,0.49969
2395.9,1480.1,6.6062,0.49962
2322.2,811.37,6.6441,0.49933
2415,1462.3,6.6075,0.49961
1239.4,1548.2,6.5947,0.4998
2692.9,1414.8,6.6139,0.49952
1284.2,1211,6.6157,0.49963
1257.4,1093.9,6.6223,0.49958
1967.4,1075.6,6.6271,0.49949
1219.5,1498.3,6.598,0.49977
2333.4,1493.2,6.6047,0.49963
2698,1447,6.6114,0.49954
1286.3,1228.9,6.6151,0.49963
2699.8,1438.8,6.6124,0.49953
1658.8,1208.9,6.6182,0.49958
2461.1,942.63,6.6377,0.49936
1814.9,1511.1,6.6002,0.49971
2644.7,1447.1,6.6111,0.49955
307.91,965.24,6.6223,0.49968
1659.8,779.91,6.6417,0.4994
1416.8,596.8,6.6515,0.49934
1617,852,6.6373,0.49944
2058.8,1199.3,6.6206,0.49953
2685.3,1422.5,6.6128,0.49953
2452.3,1065.1,6.6309,0.49942
2459.9,1075.5,6.6304,0.49942
2736.8,979.48,6.6387,0.49932
1037.5,821.86,6.6357,0.49949
2541.4,249.38,6.6878,0.49896
2652.9,1237.3,6.6234,0.49945
2128.7,875.8,6.6385,0.49939
2443.2,1363.2,6.6138,0.49955
1597.5,1214.7,6.6174,0.49959
2451.7,1394.6,6.6119,0.49957
1245.1,1462.2,6.6004,0.49975
2218.4,397.37,6.6704,0.49913
1821.2,1500.7,6.6008,0.49971
2401.6,1457.1,6.6074,0.49961
1808.9,1479,6.6021,0.4997
1240.8,1523.3,6.5961,0.49978
2493.2,681.38,6.6528,0.49924
2755,857.41,6.6453,0.49926
320.86,882.59,6.6265,0.49964
2657.8,1574.1,6.6014,0.49962
2447.7,1113,6.6281,0.49944
2457.8,1099.8,6.6289,0.49943
1234,1514.8,6.5963,0.49978
331.02,805.88,6.6313,0.4996
2187.6,341.32,6.6752,0.4991
2448.7,1345.3,6.6147,0.49955
2422.4,733.83,6.6487,0.49928
1542.1,1445.1,6.6029,0.49971
2411.9,1430.2,6.6092,0.49959
1811,1480.2,6.602,0.4997
343.04,1248.6,6.6072,0.49979
1995.5,1207.2,6.6197,0.49955
2361,1490.5,6.6047,0.49963
2069.6,1546.4,6.5985,0.49971
1588,1469.3,6.6015,0.49972
1294.4,942.86,6.6299,0.49952
1525.6,1518.1,6.5978,0.49975
1510.1,1513.9,6.598,0.49975
325.6,1123.7,6.6138,0.49974
1096.6,1195.2,6.615,0.49965
2755.8,856.33,6.6451,0.49926
1279.4,1262.3,6.6122,0.49966
2323.6,1506,6.6033,0.49965
1813.3,1470.4,6.6025,0.49969
2394.1,1463.5,6.6067,0.49961
2768.4,750.54,6.6512,0.49921
1267.7,1128.7,6.6199,0.4996
2687.7,1447.7,6.6106,0.49955
1397.4,1355.9,6.6079,0.49968
2331.6,1491,6.6042,0.49964
1504.4,1544.8,6.5953,0.49977
345.4,1120.1,6.6136,0.49974
1911.5,1143.6,6.6226,0.49953
1322.3,1592.4,6.591,0.49982
758.26,1466.6,6.597,0.49982
519.49,1500.8,6.5929,0.49988
1694.5,1302.2,6.6123,0.49963
818.65,570.67,6.6494,0.4994
718.02,1524.2,6.5928,0.49985
2386.3,1478.3,6.6055,0.49962
2694.1,1396.9,6.614,0.49952
2686.3,1419.6,6.6125,0.49953
2735.3,1303.9,6.6205,0.49946
724.39,1535.3,6.5921,0.49986
1247.9,1453,6.6005,0.49975
2506,1289.9,6.6184,0.49951
841.89,1462.6,6.5974,0.49981
2396.5,1466.5,6.6065,0.49962
2036.5,1195.4,6.6199,0.49954
1272.4,1495,6.5974,0.49977
337.61,1137.2,6.6124,0.49975
2279.5,1172,6.6228,0.4995
2454.4,1299.6,6.617,0.49953
2499,1126.5,6.6274,0.49944
1277.8,1254.9,6.6129,0.49965
1309.2,1251.9,6.6132,0.49965
2682.8,1423.1,6.612,0.49954
1288.6,811.21,6.6374,0.49946
2393.8,1464.7,6.6064,0.49962
1815.4,1511.6,6.5993,0.49972
1659.2,1201.4,6.6177,0.49959
2439.9,1409.7,6.6104,0.49958
1545.2,1478.7,6.6003,0.49973
2701.9,1430.2,6.6119,0.49953
1967.1,918.89,6.6345,0.49943
2073.8,983.08,6.6321,0.49944
2723.4,855.09,6.6444,0.49928
2709.2,1254.3,6.6225,0.49945
2742.9,760.42,6.6497,0.49923
2401,1452.8,6.607,0.49961
1904.7,1355.3,6.6098,0.49963
2383.8,1479.5,6.6052,0.49963
1641.4,1203.1,6.6175,0.49959
2412.9,1428,6.6089,0.49959
2687.3,1430.6,6.6115,0.49954
1617.5,822.34,6.6381,0.49943
2290.3,798.68,6.6435,0.49934
2699,487.14,6.667,0.4991
525.4,1522,6.5915,0.49989
1966.5,684.87,6.6482,0.49933
2674.8,281.69,6.6844,0.49897
2504.1,898.38,6.6393,0.49935
341.68,927.16,6.6239,0.49966
1972.1,1135.5,6.6234,0.49952
2471.2,689.88,6.6514,0.49926
1557.1,1517.5,6.5977,0.49975
2467.9,1343.2,6.6152,0.49954
1835.9,1476.9,6.6017,0.4997
1504.9,1522.4,6.5968,0.49976
2248.2,798.51,6.6433,0.49934
2692.1,1394.8,6.6137,0.49952
2722.8,1003.5,6.6362,0.49934
2524.8,1024.7,6.6328,0.49939
1786,1535.1,6.5971,0.49974
2224.6,1090.2,6.6267,0.49947
1944.8,1214.3,6.6181,0.49956
2239,1146.9,6.6239,0.49949
2695.5,1513.4,6.6059,0.49958
2323.1,851.88,6.641,0.49935
2356.1,1491.9,6.6041,0.49964
717.16,1529.1,6.5922,0.49986
1079,460.41,6.6581,0.49931
1548.5,1516.4,6.5975,0.49975
2715.4,479.6,6.6675,0.4991
1859.1,1425.1,6.6052,0.49967
1899.2,643.28,6.6501,0.49932
341.74,876.92,6.6259,0.49964
1091.6,1000.1,6.6249,0.49957
2412.7,1166.4,6.6241,0.49948
347.73,1482.5,6.5926,0.4999
1499.1,1532.2,6.5959,0.49977
1823.1,1498.2,6.5999,0.49971
2247.7,1023.8,6.6309,0.49944
1233.8,1453.6,6.5999,0.49976
2719.5,1352.6,6.6165,0.49949
326.2,649.39,6.6386,0.49955
1546.4,1432.8,6.6029,0.49971
2168.3,1180.8,6.6214,0.49952
2408.7,1440.5,6.6078,0.4996
2505.5,1053.6,6.6309,0.49941
840.49,1463.6,6.5969,0.49981
2768.3,851.83,6.6448,0.49926
1046.3,960.11,6.6275,0.49955
2681.9,1360.4,6.6154,0.49951
2427.5,1444,6.6078,0.4996
1281,1229.1,6.6139,0.49964
2021.1,1188.1,6.6197,0.49954
1603.4,1430.6,6.6032,0.4997
364,1255,6.6062,0.49979
2687.7,1428.4,6.6112,0.49954
1295,887.26,6.6321,0.4995
1345.4,876.44,6.6329,0.49949
2702.1,1312.1,6.6187,0.49948
1285.9,1133.5,6.6195,0.4996
2364.4,1431.8,6.6078,0.49961
2434.3,1392.5,6.6109,0.49958
1612.4,1165.1,6.6186,0.49958
1190.3,1591,6.5897,0.49984
353.41,1226.1,6.6077,0.49978
2724.4,856.97,6.6438,0.49928
1263.4,1460.5,6.5995,0.49976
1480.2,1586.7,6.5915,0.4998
1056.2,1455.6,6.5983,0.49978
2683.3,1453.7,6.6094,0.49956
2360.2,1487.8,6.6039,0.49964
918.61,1509.5,6.5943,0.49982
1102.5,1040.5,6.6226,0.49959
2204.1,1174.2,6.6218,0.49951
351.43,1465.5,6.5934,0.4999
1664.5,858.78,6.6359,0.49944
329.1,810.79,6.6292,0.49962
1271.9,1471.2,6.5987,0.49976
325.43,949.11,6.622,0.49968
1559.1,1542.3,6.5949,0.49977
343.74,904.56,6.6241,0.49966
1339.3,1142.9,6.6182,0.4996
2717.9,1353,6.6161,0.4995
2545.1,253.43,6.6864,0.49897
1817.2,1501.9,6.5995,0.49972
2330.2,1498.1,6.6031,0.49965
2307.2,1559.5,6.5983,0.49969
2239.5,856.28,6.6394,0.49937
2416,1424.7,6.6086,0.4996
1839.7,1468.1,6.6018,0.4997
1941.3,1073.5,6.6257,0.4995
1814.1,1506.8,6.5991,0.49972
1288.1,1449.7,6.5998,0.49975
1599.3,1439.7,6.6024,0.49971
1244.4,1514.3,6.5955,0.49979
340.55,878.6,6.6258,0.49964
2246,1009.6,6.6306,0.49944
1816.2,1533.4,6.5968,0.49974
1326,939.68,6.6291,0.49952
2157.3,887.51,6.637,0.4994
1802.9,1489.8,6.6001,0.49971
365.84,631.44,6.6399,0.49953
1345.7,934.08,6.6295,0.49952
2247.8,884.84,6.6377,0.49938
1233.8,1496.7,6.5966,0.49978
347.47,1132.2,6.6124,0.49975
2397.9,1396.9,6.61,0.49959
1296.2,854.39,6.6336,0.49949
2193.2,1222.3,6.6188,0.49954
2709,1334.7,6.617,0.49949
2771.2,743.71,6.6508,0.49922
444.84,1578.3,6.5863,0.49994
1329.1,879.77,6.6325,0.49949
1265.6,1512.5,6.5953,0.49979
1074.3,1154.7,6.616,0.49964
2414.6,1424.9,6.6082,0.4996
2712.2,1323,6.6177,0.49949
362.78,1229.2,6.6073,0.49979
1974.8,1170,6.6205,0.49954
1823,1360.4,6.6085,0.49965
1248.4,1451.4,6.5997,0.49976
2405,1436.9,6.6074,0.49961
2637.4,1197.4,6.624,0.49945
2755.5,842.81,6.6447,0.49927
1920.3,700.28,6.6462,0.49935
2353.1,843.86,6.6403,0.49935
347.67,1135.3,6.6122,0.49975
1559,1418.7,6.6039,0.4997
2187,1104.3,6.6251,0.49949
1080,1317.1,6.6071,0.49971
2744.1,559.87,6.661,0.49914
2469.6,1134.3,6.6255,0.49946
417.9,617.64,6.6416,0.49951
1324.8,1190.3,6.6156,0.49963
2504.4,1065.5,6.6297,0.49942
2695.6,1441.5,6.6102,0.49955
2035.3,384.64,6.6692,0.49916
778.06,1633.9,6.5834,0.49992
2711.1,453.2,6.6688,0.49909
2674.6,1352.3,6.6157,0.49951
1074.8,1471.2,6.597,0.49979
1838.6,1464.3,6.6019,0.4997
1829.6,1480.5,6.6008,0.49971
2437,1422.3,6.6087,0.49959
2712,1325.9,6.6174,0.49949
2285.1,818.92,6.6415,0.49935
2708.5,1332.7,6.6169,0.49949
863.9,1505.7,6.5936,0.49983
284.99,588.14,6.6413,0.49953
1640.9,881.14,6.6341,0.49946
2501,1101.9,6.6276,0.49944
1116.9,1005.5,6.6241,0.49957
1956.9,835.04,6.6381,0.49941
779.95,1513.8,6.5925,0.49985
1324.5,1127.1,6.6187,0.4996
1059.4,1442,6.5988,0.49978
2462.9,1108.7,6.6276,0.49944
2417.1,1450.8,6.6065,0.49961
2768.5,836.57,6.6451,0.49926
2522.5,1061.6,6.63,0.49942
1227.6,1513.7,6.5951,0.49979
1061.5,1330.2,6.6057,0.49972
1116.7,1023.9,6.6231,0.49958
1251.9,564.01,6.651,0.49935
2693,1391.1,6.6131,0.49953
2393.3,987.82,6.6326,0.49941
2678.3,1394.2,6.6127,0.49953
1662.2,1264.1,6.6131,0.49962
2678.9,1446.5,6.6093,0.49956
1634,1423,6.6033,0.4997
522.25,988.21,6.6218,0.49965
2361.3,1432.6,6.6071,0.49961
346.07,932.56,6.6222,0.49967
2253.1,1084.5,6.6263,0.49947
1827.5,1482.9,6.6005,0.49971
2374.5,1415.9,6.6084,0.4996
1097.8,1337.2,6.6054,0.49972
1920.1,1194.3,6.6184,0.49956
2674.3,1405.2,6.6119,0.49954
331.93,889.17,6.6246,0.49965
911.91,650.47,6.6435,0.49944
1658.9,980.19,6.6283,0.4995
1791.6,1531,6.5966,0.49974
2503.8,916.24,6.6374,0.49936
1826.6,1489.5,6.5998,0.49971
2520,1043.9,6.6309,0.49941
1732.8,1580.4,6.5927,0.49978
2344.2,1473.4,6.6044,0.49964
328.23,813.68,6.6286,0.49962
2008.8,1231.7,6.6168,0.49957
310.78,601.51,6.6406,0.49953
2210.2,826.58,6.6399,0.49937
282.69,601.32,6.6405,0.49954
282.89,602.76,6.6405,0.49954
1470.5,601.36,6.6497,0.49935
364.52,1207.8,6.6076,0.49978
1042.9,1452.2,6.5978,0.49979
1064.4,1032.4,6.6221,0.49959
1567.2,1495.5,6.5981,0.49975
2228.6,776.35,6.6429,0.49935
2535.5,815.83,6.6431,0.49931
2682.3,1453.7,6.6087,0.49956
332.77,890.44,6.6244,0.49966
1912.7,1295.6,6.6123,0.49961
1795.8,1499.8,6.5988,0.49972
2673.1,1360,6.6145,0.49952
2677.2,1468.2,6.6072,0.49957
357.19,1252.1,6.6055,0.4998
2762.7,1236.4,6.6231,0.49944
2209.1,651.47,6.6505,0.49929
1254,599.61,6.6482,0.49938
1557.9,1495.9,6.5978,0.49975
1525.3,1383.3,6.6049,0.4997
2665.4,1404.7,6.6115,0.49954
2733.6,599.62,6.6582,0.49917
1789.4,1509.7,6.598,0.49973
1276.7,1436.8,6.6006,0.49975
1825.5,1485.5,6.6,0.49971
2384.1,296.96,6.6791,0.49905
2324.1,798.72,6.6421,0.49934
2404.2,1484.4,6.6037,0.49964
1978.5,765.62,6.6419,0.49937
1402.2,1414.1,6.602,0.49973
1043.3,973.17,6.6254,0.49957
2367.3,304.53,6.6785,0.49906
1407.4,1369,6.605,0.4997
2456.8,1058,6.6293,0.49943
2276.6,323.01,6.6755,0.49909
2677.5,1395.1,6.6122,0.49954
1333.4,798.96,6.6365,0.49946
2504,1051.5,6.63,0.49942
2089.2,1367.2,6.609,0.49962
350.19,1139.7,6.6111,0.49976
2678.2,1444.5,6.6091,0.49956
1091.4,1304,6.607,0.49971
1845.9,1438.4,6.603,0.49969
2756.6,844.28,6.644,0.49927
1899.6,1196.9,6.6177,0.49957
2720.2,853.81,6.6431,0.49929
2413.7,1377.1,6.6107,0.49958
2685.7,1472.8,6.6071,0.49957
2723.4,1330.1,6.6168,0.49949
1989.3,1234.7,6.6162,0.49957
1206.7,1532.2,6.5932,0.49981
1237.2,1531.2,6.5934,0.49981
2760.2,865.99,6.6434,0.49928
669.9,1535.5,6.5903,0.49988
2165.3,1209.6,6.6184,0.49954
2433.6,1392,6.6098,0.49959
2440.4,1360.3,6.6118,0.49957
1602.1,1186.4,6.6168,0.4996
2722.8,1328.6,6.6168,0.49949
1227.3,1514.2,6.5946,0.4998
2287.6,1002.6,6.6305,0.49944
2352.1,1479.6,6.6034,0.49964
363.04,1207.3,6.6077,0.49978
1971,712.58,6.6451,0.49935
1980,1136.6,6.6216,0.49953
1279.6,1133.6,6.6182,0.49961
1277.4,1441.2,6.6,0.49975
1080.9,1319.6,6.6062,0.49972
1814,1503.5,6.5985,0.49973
2332.1,1480.9,6.6031,0.49965
1327.3,900.76,6.6308,0.49951
1833.2,1392.3,6.6058,0.49967
1091.2,969.79,6.626,0.49956
1086.5,1185.6,6.6143,0.49965
1077.5,861.51,6.6311,0.49952
2308.6,392.77,6.6698,0.49913
2721.7,952.48,6.6371,0.49933
1620.5,884.72,6.6331,0.49947
1699.4,905.89,6.6323,0.49947
1604,1428,6.6022,0.49971
2674.3,1402.7,6.6114,0.49954
1619.8,810.52,6.6372,0.49944
2435.3,1364,6.6114,0.49957
1297.7,916.33,6.6292,0.49952
679.94,1515,6.5919,0.49987
1341.5,1592.4,6.5889,0.49983
1620.4,841.08,6.6354,0.49945
2448.7,1100.8,6.6265,0.49945
2253.5,803.06,6.6414,0.49936
277.6,584.15,6.6407,0.49954
2708.2,1252.1,6.6209,0.49946
2267.5,726.8,6.6454,0.49932
2275.4,1061.8,6.627,0.49947
1974.1,1033.8,6.6268,0.49949
2408.7,1353.7,6.6123,0.49957
1103.8,1143.4,6.6158,0.49964
2285.8,1059.4,6.6271,0.49946
346.02,1201,6.6072,0.49979
2346.7,1486.5,6.6026,0.49965
346.52,1463.1,6.5923,0.49991
745.4,1467.6,6.5945,0.49984
1753.6,689.03,6.6449,0.49937
1344.9,980.5,6.6262,0.49954
1251.7,1495.1,6.5957,0.49979
1258.8,1492.9,6.5957,0.49979
2730,552.28,6.661,0.49915
1551,1522,6.5952,0.49977
2724.4,989.66,6.6352,0.49935
1621.9,886.4,6.6328,0.49947
2724.1,1296.5,6.6183,0.49948
796.52,548.59,6.6485,0.49941
2410,1347.8,6.6127,0.49957
2749.8,820.15,6.6448,0.49927
2235.9,645.35,6.6505,0.49929
2450.7,1370.6,6.6109,0.49957
1923.1,723.63,6.6437,0.49936
333.46,658.19,6.6367,0.49956
2436.7,1361.9,6.6114,0.49957
1681.4,1119.7,6.6201,0.49957
1122.6,464.21,6.6563,0.49932
2500.1,901.56,6.6375,0.49936
341.52,833.87,6.627,0.49963
2230.1,410.42,6.6667,0.49916
2210.6,1055.7,6.627,0.49947
2032.9,1149.5,6.621,0.49953
2182.9,1158.7,6.6217,0.49952
294.57,593.3,6.6401,0.49954
1284.7,1237,6.6114,0.49966
1903.3,645.55,6.6483,0.49933
1238.1,1529.6,6.5931,0.49981
1079.4,1317.9,6.6056,0.49972
2756.2,1305,6.6183,0.49947
1608.2,1213.8,6.615,0.49961
1244,1443.5,6.5993,0.49976
1650.4,867.34,6.6335,0.49946
790.12,1460.4,6.5951,0.49983
1348.2,906.12,6.6297,0.49951
2175.1,1162.7,6.621,0.49952
1597,1414.4,6.6024,0.49971
1279.1,1290.9,6.6083,0.49969
346.35,1463.3,6.5922,0.49991
2687,1401.4,6.6114,0.49954
520.96,1500,6.5911,0.49989
2273.3,823.61,6.64,0.49937
2400.2,1485.4,6.6031,0.49964
1053.5,1151.1,6.6148,0.49965
2431.2,1372.5,6.6105,0.49958
2183.5,1053.7,6.6264,0.49948
2324.1,799.59,6.6414,0.49935
1997.7,1212.7,6.6166,0.49957
2133.7,850.27,6.6372,0.4994
778.6,1634.4,6.5823,0.49993
1050.6,1152.3,6.6152,0.49965
1797.5,1489.6,6.5987,0.49973
1366.3,1497.8,6.5959,0.49978
974.93,475.29,6.6547,0.49935
2247.4,791.66,6.6415,0.49936
1609.5,1193.9,6.6154,0.49961
2724.5,1347.6,6.6151,0.4995
1476.7,1349.1,6.6063,0.49969
1661.5,1187.7,6.6163,0.4996
1325.8,1635.3,6.5851,0.49987
1394.4,1437.7,6.5997,0.49975
2723.9,987.48,6.6351,0.49935
2460.8,1063.1,6.6282,0.49944
687.25,1526.7,6.5902,0.49988
1234.9,1494.6,6.5954,0.49979
1683.5,872.44,6.6336,0.49946
1835.9,1439.8,6.602,0.4997
2718,593.49,6.6579,0.49917
2704.9,1406.8,6.6115,0.49954
1696.3,890.67,6.6323,0.49947
2731.8,827.52,6.6439,0.49928
1781.5,1519,6.5965,0.49974
362.1,1146.2,6.61,0.49976
2691.6,1424.4,6.6098,0.49955
675.13,460.15,6.6536,0.49938
1331.9,938.2,6.6278,0.49953
2031.8,1233.6,6.6155,0.49958
2483.5,571.08,6.6568,0.49921
1603.2,716.74,6.642,0.4994
1041.5,1464.7,6.596,0.4998
2719.1,1030.4,6.6323,0.49937
2204.5,778.62,6.6416,0.49936
2685.1,1442.2,6.6085,0.49956
2234.3,620.81,6.6517,0.49928
1221,1530.1,6.5927,0.49981
1650.9,1596.8,6.5899,0.49981
1666.3,846.56,6.6349,0.49945
2729.4,1327.6,6.6162,0.4995
1331.6,910.3,6.6293,0.49952
1536.3,1476.1,6.5984,0.49975
334.82,904.02,6.6227,0.49967
335,873.05,6.6242,0.49966
2741.8,703.98,6.6506,0.49922
1329.2,929.23,6.6286,0.49952
2572.6,1164,6.6238,0.49946
2694.3,1416.6,6.6102,0.49955
1643.7,1373.8,6.6052,0.49969
1299.9,976.62,6.6254,0.49955
2327.9,1490.5,6.6018,0.49966
1081.6,1322.4,6.6053,0.49972
2455.2,1099,6.6257,0.49946
1781.8,1437.6,6.6018,0.4997
1985.3,1100.1,6.6229,0.49952
1388,1459.5,6.598,0.49976
1635,905.5,6.631,0.49948
2219.2,1322.3,6.6118,0.49959
2250.4,1108.6,6.6237,0.49949
2704.1,1388.5,6.612,0.49953
2636.3,1471.6,6.6054,0.4996
1047.1,1437.8,6.5976,0.49979
2716.8,991.98,6.6344,0.49936
1669.6,1349.7,6.6067,0.49967
2282.7,893.55,6.6358,0.4994
2221.4,1114.2,6.6231,0.4995
2381.4,1473.1,6.603,0.49964
2736.5,585.46,6.6583,0.49917
1606,1221.9,6.6134,0.49962
1974.3,1011.7,6.6269,0.49949
1864.3,1412.6,6.6037,0.49968
2325.2,313.19,6.6758,0.49908
2750.3,935.4,6.638,0.49932
2504.6,1316.4,6.6141,0.49954
2677,1468.9,6.6063,0.49958
1220.4,1530.9,6.5924,0.49982
2648.2,1418.9,6.6095,0.49956
2431,1373.7,6.61,0.49958
1834.7,1424.5,6.6028,0.49969
336.03,917.82,6.6217,0.49968
2775.6,1075.3,6.6308,0.49937
1531.1,1480.5,6.5971,0.49976
1493.3,1454.3,6.599,0.49974
1642.8,821.04,6.6359,0.49945
1924.9,788.07,6.6393,0.4994
2685.9,1398.8,6.6109,0.49954
2762.9,1266.9,6.62,0.49946
1946.1,719.86,6.6435,0.49936
2394.2,1139.5,6.6229,0.49949
683.11,1557.7,6.588,0.4999
2688,1450.1,6.6077,0.49957
1694.8,828.2,6.6353,0.49945
1267.1,1450.1,6.5981,0.49977
2727.8,1306.6,6.6171,0.49949
1227.5,1435.3,6.5989,0.49976
1855.8,1397.1,6.6052,0.49967
2239.9,1050.1,6.6268,0.49947
2409,1378.3,6.6095,0.49959
1050.4,1343.7,6.6033,0.49974
1791.7,1496.9,6.5976,0.49973
1915.8,1114.2,6.6214,0.49954
1348.7,907.87,6.629,0.49952
2397.5,1474.2,6.603,0.49964
805.34,544.72,6.6479,0.49941
1274.3,1448,6.598,0.49977
1321.1,1244,6.6108,0.49966
1862.1,1410.7,6.6037,0.49968
2740.3,1230.4,6.6212,0.49945
788.27,1418.8,6.5977,0.49981
1221.8,1494.5,6.5948,0.4998
2225.8,795.12,6.6406,0.49936
2011.4,1236.9,6.6146,0.49959
1303,906.87,6.6292,0.49952
347.84,1204.6,6.6065,0.49979
1209.2,1549.5,6.5905,0.49983
1643.7,865.21,6.6332,0.49947
2342.8,1466.2,6.6032,0.49965
1899.7,417.35,6.6637,0.49921
1666.6,815.72,6.6361,0.49944
2735.2,848.09,6.6423,0.49929
1620.3,1249,6.6117,0.49964
2493.2,1349.6,6.6117,0.49956
1303.3,935.59,6.6276,0.49953
1832,1506.2,6.5967,0.49974
2722.6,859.18,6.641,0.4993
1081,1290.8,6.6071,0.49971
2055.6,1210.4,6.6163,0.49957
2773.5,427.63,6.6695,0.49907
2398.3,1352.7,6.6108,0.49958
2662.1,1378.9,6.6119,0.49954
2432.6,1375.6,6.6097,0.49959
1065.8,1313.9,6.6049,0.49973
2515.9,654.49,6.6506,0.49926
1640.9,764.04,6.6389,0.49942
2262.9,327.87,6.6736,0.4991
1456.2,721.77,6.6401,0.49943
2708.6,1350,6.614,0.49952
2364.4,1426.8,6.6058,0.49962
1579.1,1479.1,6.5975,0.49975
2581.5,1496.3,6.603,0.49962
2478.5,1381,6.6096,0.49958
2770.2,838.34,6.6431,0.49928
2331.5,1477.9,6.6021,0.49966
748.03,1627.9,6.5822,0.49994
2397.4,1458,6.6039,0.49964
1651.5,837.77,6.6343,0.49946
1643.8,851.95,6.6338,0.49946
1619.8,757.05,6.639,0.49942
1634.2,775.26,6.6377,0.49943
2397.4,1356.8,6.6105,0.49958
1115.1,1180.3,6.6127,0.49966
2466.4,1277.8,6.6156,0.49954
1698.8,540.06,6.6531,0.49931
1018,1462.3,6.5958,0.4998
2379.8,1476.9,6.6023,0.49965
2693.4,1334.2,6.6147,0.49951
848.57,1421,6.5977,0.4998
2635.7,1431.8,6.6078,0.49958
337.29,919.33,6.6213,0.49968
458.71,585.95,6.6419,0.4995
2196.9,825.18,6.6381,0.49939
1080.5,1016.6,6.6213,0.4996
2788.2,420.41,6.6701,0.49906
1992.8,1239.6,6.6141,0.49959
304.58,598.69,6.6389,0.49955
1294.2,1149.6,6.6153,0.49963
338.42,945.35,6.6199,0.49969
2717.8,574.8,6.6576,0.49917
2339.1,1462.7,6.603,0.49965
301.55,611.99,6.6383,0.49955
1252.5,1509.9,6.5933,0.49981
2260.6,766.85,6.6418,0.49935
2267.5,694.08,6.6461,0.49932
349.57,1216.9,6.6055,0.4998
2416.5,1362.7,6.61,0.49959
1412.6,1367.6,6.6035,0.49972
1389.9,628.5,6.6455,0.49939
1683.3,758.15,6.6392,0.49942
1634,840.94,6.6338,0.49946
2058.8,1025.4,6.6266,0.49949
1664.4,1244.6,6.6119,0.49963
2694.7,1413.8,6.6097,0.49955
2502.1,1089.3,6.6262,0.49945
303.55,674.04,6.6342,0.49959
2726.9,531.85,6.6609,0.49915
1664.3,1170.7,6.6163,0.4996
2764.7,1228,6.622,0.49944
1684.9,842.03,6.6344,0.49945
749.51,1625.6,6.5822,0.49993
1545.5,1516.6,6.5942,0.49978
2250.3,1156.5,6.6212,0.49951
1655.2,1179.8,6.6159,0.4996
1093.7,1158.8,6.6135,0.49966
1273.9,803.18,6.6343,0.49948
2335.7,1475.5,6.6021,0.49966
2713.6,541.6,6.6596,0.49916
1674.4,763.69,6.6385,0.49942
2696.2,1321.2,6.6153,0.49951
2717.4,548.6,6.6595,0.49916
1814.9,1463,6.5996,0.49972
2716,1339.1,6.615,0.49951
1296,936.35,6.6272,0.49954
2191.7,376.95,6.669,0.49915
1777.9,1516.5,6.5956,0.49975
350.88,1230.2,6.6047,0.49981
806.33,606.02,6.6429,0.49945
1096.7,1020.7,6.6209,0.4996
1674.8,862.64,6.6328,0.49947
2015.6,1216.4,6.6153,0.49958
2323,1501,6.6,0.49967
1068.4,877.7,6.6285,0.49954
2329,960.6,6.6317,0.49942
1338.2,1561.6,6.5897,0.49983
338.05,932.04,6.6203,0.49969
2416.1,1364,6.6097,0.49959
1923.2,1070.5,6.6232,0.49952
2200.2,1189.6,6.6183,0.49954
2268.3,1013.3,6.628,0.49946
1635.6,891.38,6.6314,0.49948
1097.4,983.19,6.6229,0.49959
1428.7,583.12,6.6487,0.49936
342.3,808.21,6.627,0.49963
2693.9,1331.7,6.6144,0.49952
2242.8,857.69,6.6367,0.49939
1053.1,1012.7,6.6215,0.4996
2722.2,582.75,6.6572,0.49918
347.35,896.71,6.6223,0.49967
2223.4,1026.1,6.627,0.49947
690.23,1524,6.5894,0.49988
2689.3,269.96,6.6827,0.49898
1027.6,1434.4,6.5968,0.4998
1245.7,1437.6,6.5985,0.49977
2339.2,1463.7,6.6027,0.49965
2670.4,1385.6,6.6114,0.49954
2622.8,1456.8,6.6057,0.4996
2399.1,913.42,6.6343,0.4994
1910.2,1296.2,6.6103,0.49963
1946.1,694.9,6.6442,0.49936
2626.5,1449.5,6.6062,0.49959
2679.6,272.05,6.6823,0.49899
2110.5,938.19,6.631,0.49945
2358.6,1460.6,6.6029,0.49965
2685.6,1401.3,6.6101,0.49955
2673.1,1297.5,6.6162,0.49951
1341.5,599.15,6.6467,0.49938
1938.6,806.6,6.6371,0.49941
2401,1449.6,6.604,0.49963
2055.7,1050,6.6249,0.4995
1666.2,1158.3,6.6167,0.49959
1668.2,829.96,6.6347,0.49945
2675.5,1387.9,6.6108,0.49955
1158.8,720.73,6.6382,0.49946
1081.4,998.04,6.6219,0.4996
2620,1478,6.604,0.49961
868.02,1457.5,6.5951,0.49982
1623.6,872.38,6.632,0.49948
2485.6,921.09,6.6346,0.49939
1613.8,1184.6,6.6152,0.49961
2713,515.98,6.6615,0.49914
347.02,1169.9,6.6075,0.49979
1263.3,1001.7,6.6231,0.49957
1268.9,1481.7,6.5952,0.49979
1369.9,1502,6.5939,0.49979
2690.2,1505.5,6.6032,0.4996
2691.3,645.72,6.6529,0.49922
2614.4,489.52,6.6623,0.49915
2504.2,266.29,6.6814,0.49902
1321.4,1300.6,6.6068,0.4997
1872.3,1436.3,6.6011,0.4997
2395.3,1365.1,6.6093,0.49959
1516.3,1514.4,6.5944,0.49978
2402,1373.8,6.6087,0.4996
1969.2,1069.4,6.6233,0.49952
1241.5,1546.1,6.5904,0.49983
2681.7,1357.9,6.6124,0.49953
638.41,463.7,6.6517,0.4994
1922.7,1141.8,6.6193,0.49956
2352.2,1437.4,6.6043,0.49964
1243.5,1527.3,6.5915,0.49982
2016,1207.7,6.6155,0.49958
2671.1,282.46,6.6809,0.499
2481.6,983.03,6.6312,0.49941
1081,845.7,6.6301,0.49953
2457.4,1389,6.6079,0.4996
2687.2,1324.2,6.6145,0.49952
2208.4,824.88,6.6381,0.49939
1960.1,984.67,6.6276,0.49949
2064.1,376.42,6.667,0.49917
1259.4,1527.1,6.5915,0.49982
2362.4,1499.1,6.6,0.49967
362.41,1202.4,6.6064,0.49979
1685,780.59,6.6374,0.49943
2718,989.57,6.6335,0.49936
2710.9,1409.8,6.6092,0.49955
1483.4,1477.1,6.5964,0.49977
1253.4,1492.1,6.5942,0.4998
2334.3,858.54,6.6369,0.49938
2476.5,509.47,6.6595,0.49919
2700,1394.2,6.6104,0.49955
2024.5,1158,6.6186,0.49955
2191.1,1030.4,6.6262,0.49948
2459.3,1354.8,6.6104,0.49958
943.34,1519.9,6.5909,0.49985
2458.8,1062.6,6.6264,0.49945
2492.4,1577.2,6.5952,0.49969
2634.7,1432.2,6.6072,0.49958
2111.8,369.41,6.6682,0.49916
1624.4,809.8,6.6353,0.49945
2695.7,1322.3,6.6147,0.49951
1782.4,1508.4,6.5957,0.49975
2650.5,1290.7,6.616,0.49951
942.31,531.99,6.6484,0.4994
1625,840,6.6336,0.49946
1622.9,1096.9,6.6192,0.49958
2714.4,1326.5,6.6146,0.49951
2459.8,1060.6,6.6268,0.49945
1286.1,1135.8,6.6156,0.49963
1084.1,1442.6,6.5962,0.4998
1042.6,1282.1,6.6065,0.49972
2140.7,887.23,6.6339,0.49942
2483.5,548.12,6.6568,0.49921
1711.4,549.82,6.6513,0.49932
1469,602.06,6.6473,0.49937
1247.8,1525.5,6.5919,0.49982
369.15,1211.1,6.6054,0.4998
1634.9,811.12,6.6348,0.49945
2059.2,967.66,6.629,0.49947
2723,1346.1,6.6135,0.49952
2283.3,1057.6,6.6253,0.49948
2437.5,1357.6,6.6099,0.49958
1936.1,1046.7,6.6235,0.49952
1969.4,1035.2,6.6247,0.49951
1831.1,1421.7,6.6017,0.4997
2510,1095.8,6.6259,0.49945
2212.6,628.15,6.6495,0.4993
1922.7,1182,6.6164,0.49958
1893.9,1275.7,6.6114,0.49962
2662.5,1401.9,6.6093,0.49956
2137.2,1214.3,6.616,0.49956
2665,1392.8,6.6099,0.49956
2723.9,1402.6,6.6101,0.49954
2540.4,824.28,6.6403,0.49933
2716.8,448.42,6.6665,0.49911
2401.4,1441,6.6044,0.49963
2195.6,778.4,6.6402,0.49937
2734.6,778.96,6.645,0.49927
2035.4,1212.8,6.615,0.49958
2644,221.81,6.6879,0.49895
2653.8,1403,6.6091,0.49956
2128.2,816.17,6.6373,0.4994
2251.6,408.27,6.6651,0.49917
374.35,1259.2,6.6024,0.49982
2413.8,1423.5,6.6054,0.49962
1701.9,537.77,6.6524,0.49931
2709.9,509.4,6.6611,0.49915
1925.9,756.86,6.6398,0.4994
799.12,1425.4,6.596,0.49982
2233.3,1272.1,6.6128,0.49958
2245.9,853.91,6.6359,0.4994
2390.3,1479.5,6.6014,0.49966
1082.5,979.78,6.6224,0.49959
1620.3,728.8,6.6397,0.49942
944.27,533.12,6.6482,0.4994
2465.3,582.94,6.6543,0.49923
2633.7,1358.2,6.6116,0.49955
1817.6,1464.5,6.5984,0.49973
2120.5,846.9,6.6355,0.49941
1566.7,1474.2,6.5969,0.49976
1473.1,1498.1,6.5946,0.49978
1670.6,853.92,6.6329,0.49947
1857.3,1462.4,6.5988,0.49972
1091,368.17,6.6622,0.49928
2342.3,1453.7,6.6027,0.49965
1838.9,1411,6.6024,0.49969
2204.1,1275.8,6.6124,0.49959
2715.3,1294.7,6.6161,0.4995
854.44,1512.2,6.5901,0.49986
1929.2,789.96,6.6379,0.49941
2769.8,832.56,6.6425,0.49928
2641.2,1325.2,6.6136,0.49953
812.11,1357.6,6.6002,0.49979
2463,555.15,6.656,0.49922
1702.8,551.8,6.6513,0.49932
2499.2,1101.9,6.6247,0.49946
865.05,1500,6.5912,0.49985
2734.9,979.92,6.634,0.49936
1622,729.94,6.6396,0.49942
354.74,1256.4,6.6025,0.49982
1665.5,1172.4,6.6154,0.4996
2309.6,967.18,6.6304,0.49944
1676.7,752.49,6.6388,0.49942
1635.7,871.69,6.6312,0.49948
1844,1484,6.5971,0.49973
2726.4,1013,6.6325,0.49937
2004.7,760.4,6.6395,0.49939
346.57,1275.1,6.6015,0.49983
346.85,1154.8,6.6079,0.49978
1300.7,826.16,6.6319,0.4995
2393.5,1457.8,6.6028,0.49964
1317.5,972.24,6.624,0.49956
2146.5,1196,6.6168,0.49956
2702,461.7,6.6649,0.49912
2213.5,779.34,6.6397,0.49937
2514.5,621.18,6.6515,0.49925
2721.2,989.69,6.6327,0.49937
2749.6,594.36,6.6561,0.49918
2734.1,577,6.657,0.49918
1985,1104.2,6.6209,0.49954
2687,1445.7,6.6065,0.49958
1987,628.68,6.6478,0.49933
2342.9,1484.4,6.6006,0.49967
2125.2,1173.3,6.6179,0.49955
1520.6,1498.6,6.5943,0.49978
1654,995.58,6.6248,0.49953
753.63,490.3,6.6497,0.49941
2415.5,1492.1,6.6006,0.49966
841.68,1424.9,6.5961,0.49982
1996.5,1219.6,6.6141,0.49959
2314.1,779.15,6.6405,0.49936
2360.7,1435.6,6.6039,0.49964
354.02,1242.5,6.6031,0.49982
2394.5,1496.7,6.5998,0.49967
1686.6,829.1,6.634,0.49946
1029.8,1475.7,6.5933,0.49982
511.56,546.3,6.644,0.49948
2718.7,464.07,6.6646,0.49912
1954.3,1044.3,6.6234,0.49952
1089,369.42,6.6617,0.49928
1686.9,859.99,6.6323,0.49947
363.59,1449.4,6.5908,0.49992
1461.4,1519,6.5928,0.4998
2739.8,495.43,6.6622,0.49913
375.18,1273.8,6.6016,0.49983
1796.4,1514.3,6.5948,0.49976
352.44,951.5,6.6185,0.4997
2267.4,661.94,6.6469,0.49931
2495.5,671.74,6.6483,0.49928
1320.9,1087.8,6.6175,0.49961
2466,579.53,6.6541,0.49924
2174.6,825.97,6.637,0.4994
2705.8,1332,6.6138,0.49952
2381.3,538.84,6.6561,0.49923
843.05,1491.2,6.5916,0.49985
2654.4,1400.9,6.6088,0.49957
2268.7,756.88,6.6416,0.49935
767.99,1589.6,6.5836,0.49992
2402.6,1463.2,6.6028,0.49964
2527.6,1140.8,6.6225,0.49948
1728.7,538.89,6.6516,0.49932
1616.1,1089.2,6.6195,0.49958
1047.4,822.07,6.6309,0.49953
2712.3,1431.4,6.6076,0.49957
2462.3,1347.9,6.6103,0.49958
339.45,824.59,6.6256,0.49965
1927.9,775.73,6.6383,0.49941
2134.2,360.23,6.6682,0.49916
349.93,910.93,6.6206,0.49968
2665.9,264.86,6.6821,0.49899
2109.1,1172.3,6.6172,0.49956
1057.2,1169.3,6.6116,0.49968
2077.8,1007,6.626,0.49949
1679.1,1057.4,6.6214,0.49956
1367.6,1499.9,6.5938,0.49979
1804.7,1485.1,6.5965,0.49974
1099.6,850.33,6.6291,0.49954
2734.7,1238.4,6.6194,0.49947
352,1219.3,6.6042,0.49981
1645.9,859.46,6.632,0.49948
1064,1480.4,6.593,0.49982
1082.1,1455.3,6.5947,0.49981
1246.4,1535.7,6.5904,0.49983
974.79,1523.7,6.5896,0.49986
1789.2,1528.8,6.5935,0.49977
1606.8,1469,6.5968,0.49975
2501.2,851.41,6.6376,0.49936
820.45,1506.1,6.5899,0.49987
1330.7,1283.6,6.6065,0.4997
2463.8,709.32,6.6454,0.4993
326.14,806.73,6.6255,0.49965
1788.2,1541.4,6.5927,0.49977
304.71,672.36,6.6331,0.49959
343.69,1195.1,6.6057,0.4998
2357.8,837.87,6.6372,0.49938
1605.9,1253.3,6.6097,0.49965
2454.1,1356.3,6.6093,0.49959
2621.1,1456.3,6.6046,0.4996
371.74,1223.1,6.604,0.49981
354.84,803.96,6.626,0.49964
1111.9,887.42,6.627,0.49955
1547.4,1549.5,6.5908,0.49981
1027.3,1446.9,6.5949,0.49981
1060.7,1138.2,6.6135,0.49966
2250.2,761,6.641,0.49936
1224.3,1509.8,6.5916,0.49982
2365.9,480.9,6.6595,0.4992
2702.3,208.58,6.6899,0.49892
2447.5,1437.8,6.6041,0.49963
2595.3,1447.9,6.6048,0.49961
2688.6,1421.5,6.6077,0.49957
1827.4,1464.2,6.5982,0.49973
1572.9,1491.7,6.5951,0.49977
1608.8,1412.8,6.6004,0.49973
1984.3,1193,6.6151,0.49958
2031.5,1232.6,6.6132,0.4996
2461.9,1409.5,6.606,0.49961
2771.6,765.86,6.6455,0.49926
747.71,502.79,6.6486,0.49941
2165.1,815.14,6.6368,0.4994
1964.3,1345,6.6065,0.49965
2682.4,1504.9,6.6016,0.49962
2132.2,1169.6,6.6172,0.49956
2733.6,1369.5,6.6115,0.49953
1427.6,1367.9,6.6022,0.49972
375.53,1276.1,6.6011,0.49983
1754,1484.4,6.5963,0.49975
1350.4,1540.6,6.5899,0.49983
1626.8,870.75,6.631,0.49949
2226.1,749.61,6.6413,0.49936
2016.4,1209.6,6.6143,0.49959
2626.2,1445.6,6.6052,0.4996
2172.8,579.66,6.6515,0.49928
2525.5,971.91,6.6311,0.49941
1509.9,1516.9,6.5924,0.4998
2661.4,1356.5,6.6112,0.49955
2281.8,1054.5,6.6247,0.49948
1646.9,835.4,6.633,0.49947
735.32,1633.4,6.5796,0.49996
2572.8,1156.9,6.622,0.49947
2663.3,1257.5,6.6171,0.4995
1622.7,745.15,6.638,0.49943
1253.5,1439,6.5968,0.49978
1556.3,1511.1,6.5937,0.49978
2743.6,537.03,6.6592,0.49916
436.41,1586.2,6.5819,0.49997
1907.1,1194.8,6.6147,0.49959
2670.6,1325.3,6.6131,0.49953
2216.1,1273.2,6.6118,0.49959
1225,1505.2,6.5923,0.49982
357.4,1268.1,6.6012,0.49983
2609.2,1418.5,6.6067,0.49959
374.42,1233.9,6.6029,0.49982
956.96,1514.7,6.5898,0.49986
2478.3,642.74,6.6495,0.49927
2390.8,933.03,6.6322,0.49942
1054.5,1118.9,6.6147,0.49965
1667.2,1246.1,6.6102,0.49965
1621.3,990.71,6.6243,0.49954
2683.5,1331,6.6129,0.49953
1927.8,1211.8,6.6136,0.4996
2144.2,1217.4,6.6146,0.49958
2431.7,1464.8,6.6019,0.49965
1930.7,773.61,6.638,0.49941
2001.7,1205.5,6.6142,0.49959
2450.6,1357.8,6.6089,0.49959
2453,1139.3,6.6212,0.4995
927.11,1462.2,6.5935,0.49983
1978.5,1022.6,6.6242,0.49951
848.86,750.85,6.6334,0.49953
348.12,847.2,6.6232,0.49966
1078.1,1333.2,6.6024,0.49975
2399.8,886.46,6.6343,0.4994
1698,799.15,6.6348,0.49945
1685.8,1584.5,6.5886,0.49981
2298.7,884.34,6.634,0.49941
2016.3,1167.6,6.6164,0.49957
2646.1,1178.5,6.6207,0.49947
2636.5,249.21,6.684,0.49898
2265.4,762.28,6.6406,0.49936
1361.5,647.92,6.6423,0.49942
362.13,1205.6,6.6044,0.49981
1958.4,1027.4,6.6237,0.49952
1579.6,1475.9,6.5958,0.49976
2720.5,832.69,6.6408,0.49931
2290,876.96,6.634,0.49941
1097.8,367.57,6.6614,0.49929
2668.1,265.87,6.6815,0.499
315.43,600.23,6.6372,0.49956
1805.3,520.34,6.6535,0.4993
2413.5,1357.7,6.6086,0.4996
1791.6,1497.5,6.5955,0.49975
2145.6,807.86,6.6368,0.4994
1654.8,808.79,6.6339,0.49946
708.12,1650.9,6.5777,0.49997
2225.6,739.42,6.6412,0.49936
1372.4,1482.7,6.5943,0.49979
1861.6,1406,6.6019,0.4997
1642,1393.7,6.6014,0.49972
1096.2,1176.3,6.6108,0.49968
1739.3,1506.4,6.5944,0.49976
2481.6,676.75,6.6472,0.49929
1712.1,527.56,6.6517,0.49932
2398,1445.8,6.6028,0.49964
2523.3,1045.4,6.627,0.49944
1834.8,1411.6,6.6012,0.4997
2379.1,1394.7,6.6057,0.49962
373.82,1236.3,6.6029,0.49982
2262.8,1022,6.6258,0.49948
2360.4,1450.4,6.6021,0.49965
2698.3,1433.9,6.6062,0.49958
2125.5,1188,6.6159,0.49957
1678,832.95,6.6327,0.49947
2403.3,1466.2,6.6015,0.49965
1928.2,957.67,6.6273,0.49949
2025.7,1546.4,6.5932,0.49975
1392.5,637.01,6.643,0.49941
1297.3,1285.4,6.6057,0.49971
1800.3,1381.5,6.6029,0.49969
2486.8,1578.8,6.594,0.4997
2318.9,1497.4,6.5986,0.49969
2317,856.91,6.6351,0.4994
351.15,927.04,6.6191,0.4997
2335.6,1474.9,6.6002,0.49967
2336.3,1494.7,6.5985,0.49968
2578.9,1492,6.6013,0.49964
2698.1,1458.7,6.6049,0.49959
1767.9,1459.4,6.5977,0.49974
2721.2,608.68,6.6538,0.4992
2316,1171.2,6.6181,0.49953
696.31,1234.6,6.6054,0.49976
2743.3,1334.9,6.6133,0.49952
2168.3,919.1,6.6311,0.49944
2412.3,1454.5,6.6022,0.49965
1860.8,1239.1,6.6117,0.49962
1240.6,1469.6,6.594,0.4998
367.52,1149.6,6.6074,0.49978
1393.1,618.63,6.644,0.4994
1050.1,1135.4,6.613,0.49967
2720.7,983.8,6.6325,0.49937
2500.9,797.84,6.6399,0.49934
2752.8,958.65,6.6343,0.49935
2342.7,1450.3,6.6019,0.49966
1059.6,1465,6.5933,0.49982
433.53,1583.3,6.5818,0.49998
832.93,735.46,6.6335,0.49953
2512.7,588.79,6.6525,0.49924
1084.3,829.24,6.6295,0.49954
2690.1,1333,6.6127,0.49953
1800.6,1505.6,6.5946,0.49976
2719,1378.9,6.6098,0.49955
2439.9,289.32,6.677,0.49906
2085,950.54,6.6283,0.49947
2350.6,1135.5,6.6202,0.49951
1096,1126.6,6.6141,0.49966
2607.8,237.09,6.6842,0.49898
1322.4,1300.1,6.6053,0.49971
2687.2,1319.9,6.6133,0.49953
2583.9,247.1,6.6831,0.499
1186.7,477.1,6.6528,0.49935
2403.5,1362.6,6.6078,0.4996
1061.7,993.97,6.6203,0.49961
368.83,1162.3,6.6066,0.49979
1312.2,1396.2,6.5993,0.49976
1706.3,554,6.65,0.49933
2193.4,1176.7,6.617,0.49955
2350.1,1436.3,6.6027,0.49965
2150.9,1169,6.6172,0.49955
2694.6,1384.6,6.6094,0.49956
736.57,584.52,6.6426,0.49946
2638.8,1322.9,6.6125,0.49954
1852,1433.7,6.5994,0.49972
2407.4,1429.4,6.6036,0.49964
1790.7,1504.6,6.5942,0.49976
2385.9,902.56,6.6329,0.49941
348.31,1141.9,6.6075,0.49979
740.97,482.13,6.6491,0.49941
357.45,852.13,6.6227,0.49967
877,1471.7,6.5918,0.49985
804.78,610.58,6.6409,0.49947
2350.8,1444,6.6024,0.49965
2486.6,544.63,6.6557,0.49922
1858.9,1237.9,6.6115,0.49962
2495.2,273.38,6.6791,0.49904
1231.1,1505.3,6.5917,0.49982
375.62,1248.3,6.602,0.49983
2710,611.05,6.6534,0.49921
1300.6,909.57,6.6266,0.49954
2425.3,507.52,6.6577,0.49921
1025.3,1446.7,6.5946,0.49981
265.17,700.05,6.6304,0.49962
2285.4,894.57,6.633,0.49942
2682.7,1447,6.6053,0.49959
1564.8,1425.3,6.5987,0.49974
2748.1,570.89,6.6563,0.49918
1090.6,342.16,6.6633,0.49927
2245.6,745.29,6.641,0.49936
323.14,882.46,6.6208,0.49969
358.46,1479.7,6.5881,0.49994
2708,1225.2,6.6188,0.49948
2579.3,1473.8,6.6022,0.49963
2683.8,1410.7,6.6075,0.49957
1526.7,1473.5,6.5953,0.49977
1974.1,1040,6.6229,0.49952
349.19,1157.8,6.6066,0.49979
1516.8,1492.4,6.594,0.49978
2206.8,1074.5,6.6223,0.49951
366.88,1146.2,6.6074,0.49978
2436.6,1366.9,6.6076,0.4996
2755.2,594.59,6.6546,0.49919
2201.5,1058.9,6.6234,0.4995
737.98,1633.6,6.579,0.49996
1255.4,1516.8,6.5908,0.49983
2460.7,703.45,6.6451,0.49931
1126.8,872.62,6.627,0.49955
2505.2,986.86,6.6292,0.49943
1425.8,1435.8,6.597,0.49977
2210.7,828.96,6.636,0.4994
2481.5,277.72,6.6783,0.49904
2345.3,1458.1,6.601,0.49966
2044.6,1160.8,6.6164,0.49957
2434.7,872.66,6.6351,0.49939
1688.5,812.38,6.6337,0.49946
1359.3,1517.8,6.5914,0.49981
691.01,1518.9,6.588,0.4999
2516.3,690.31,6.6462,0.49929
1813.7,1484.6,6.5958,0.49975
1966.2,934.68,6.6285,0.49948
2312.3,884.59,6.6335,0.49941
2111,657.27,6.6453,0.49934
1897.1,868.39,6.6318,0.49946
2498.5,724.99,6.644,0.49931
2125,888.48,6.6316,0.49944
1102.2,867.77,6.6271,0.49955
1984,693.21,6.6421,0.49937
2261,408.53,6.6638,0.49918
2664.8,1388.1,6.6086,0.49957
2691.5,1391.9,6.6086,0.49956
2331.2,318.31,6.6728,0.4991
2142.3,1182,6.6161,0.49956
2675.2,276.57,6.6799,0.49901
2484.7,1579.3,6.5936,0.49971
1593.9,1490.7,6.5942,0.49978
2731,528.9,6.6589,0.49916
1254.6,1544.6,6.5884,0.49985
2316.4,844.37,6.6354,0.4994
2674.9,1332.8,6.612,0.49954
386.33,782.05,6.6267,0.49963
1946.4,1058.1,6.6217,0.49954
1788,1501.9,6.5946,0.49976
1945.7,986.78,6.6255,0.49951
2708.8,614.69,6.6528,0.49921
2524,1047.2,6.6263,0.49945
2413.9,1441.6,6.6027,0.49964
1808.8,1492.1,6.5952,0.49975
459.97,1560,6.5829,0.49996
356.48,823.02,6.6239,0.49966
2754.3,585.45,6.6555,0.49918
2694.1,1382.6,6.6092,0.49956
1241.1,1557.1,6.5877,0.49985
2110.9,1548.7,6.593,0.49975
1061.5,1294.2,6.6034,0.49974
368.85,1164.8,6.6062,0.49979
1509.2,1403,6.5995,0.49974
1796.3,1269.3,6.6092,0.49964
2727.2,510.75,6.6599,0.49915
2360.1,811,6.6376,0.49938
2247.7,746.73,6.6407,0.49936
1084.2,1136.6,6.6123,0.49967
2373,944.77,6.6302,0.49943
2588.8,1300.3,6.6125,0.49955
830.76,731.68,6.6331,0.49953
2417.9,1444,6.6024,0.49965
2204.9,1262.2,6.6115,0.49959
1224.4,1522.4,6.5902,0.49983
2657.9,1379.1,6.6092,0.49956
673.31,688.07,6.6352,0.49953
1246.4,598.34,6.6441,0.49941
2678.5,1322.3,6.6126,0.49953
1102.1,833.93,6.6288,0.49954
2753.9,579.44,6.6559,0.49918
2383.6,1364.7,6.6071,0.49961
1681.3,789.38,6.6351,0.49945
1967.9,1164.7,6.6162,0.49958
401.08,638.39,6.635,0.49956
1658.2,900.28,6.6282,0.49951
1777.3,1516.8,6.5934,0.49977
1918.3,1171.1,6.6156,0.49959
2674.7,273.34,6.6801,0.49901
1241.6,1438.1,6.5958,0.49979
364.16,1202.5,6.6038,0.49981
2559,1450.3,6.6029,0.49963
2471.3,941.24,6.6311,0.49942
2499.2,809.79,6.639,0.49935
2199.4,889.95,6.6323,0.49943
1263.1,1498.7,6.5918,0.49982
1356.6,844.25,6.6296,0.49952
2373.2,1301.7,6.6108,0.49958
1242.1,1556.8,6.5875,0.49985
1646.8,754.79,6.6366,0.49944
1800.7,1481.5,6.5959,0.49975
2297.9,1168.6,6.6174,0.49954
2343.4,828.35,6.6363,0.49939
1996.7,686.35,6.6426,0.49937
1449.5,1537,6.59,0.49982
1618.5,1443.6,6.5973,0.49975
2056.1,1528.8,6.5942,0.49974
2014.8,1195.6,6.6143,0.49959
2200.3,913.94,6.6305,0.49945
1941.6,775.53,6.6366,0.49942
2006.8,728.7,6.6397,0.49939
1311.1,1175.6,6.6112,0.49966
1396.6,1430.6,6.5972,0.49977
2690,1393,6.6083,0.49956
2627.8,429.1,6.6647,0.49913
2093.8,1148.5,6.6172,0.49956
376.07,1250.7,6.6014,0.49983
1304,1134.4,6.6138,0.49964
2722.9,982.39,6.6319,0.49937
2697.9,1391.7,6.6085,0.49956
2261.3,406.5,6.6636,0.49918
2675.9,1330.7,6.6119,0.49954
2758.1,815.7,6.6414,0.49929
680.8,1560.6,6.5842,0.49993
1351.8,600.69,6.6444,0.4994
1304.9,1601.2,6.5845,0.49987
2139.9,864.64,6.6327,0.49943
1981.2,778.15,6.637,0.49941
2387.5,1508.3,6.5976,0.49969
357.02,1227,6.6021,0.49983
519.91,1354.9,6.5967,0.49985
1219,1521.4,6.5901,0.49983
1968.6,1014.7,6.6238,0.49952
1356.1,965.58,6.6228,0.49957
388.48,778.53,6.6265,0.49963
2350.4,960.17,6.6293,0.49944
1063.8,1131.8,6.6126,0.49967
2389.3,1371.5,6.6065,0.49962
636.48,1576.2,6.5828,0.49994
1094.4,979.37,6.6208,0.4996
2605.6,1294.5,6.6131,0.49954
2627.5,1443.4,6.6039,0.49961
2124.6,1169.4,6.6159,0.49957
2038.2,1198.1,6.6139,0.49959
2356.8,833.79,6.6364,0.49939
1026.7,1458.7,6.5928,0.49983
1127.5,988.66,6.6202,0.4996
1648.6,829.59,6.6323,0.49947
2678.1,1320.2,6.6125,0.49953
2246.7,713.31,6.6424,0.49935
2172.1,1168.1,6.6169,0.49956
1089.4,1304.7,6.603,0.49974
360.67,884.52,6.6203,0.49968
840.66,742.73,6.6325,0.49953
1261.1,564.95,6.6461,0.49939
1084.3,1331.4,6.601,0.49976
2118.4,549.04,6.6516,0.49929
1592.4,1413.5,6.599,0.49974
932.94,596.33,6.6418,0.49945
2601.1,511.83,6.6582,0.49919
1371.9,1538.7,6.589,0.49983
2377.2,885.61,6.6331,0.49941
333.78,896.95,6.6192,0.4997
2463.3,975.1,6.6294,0.49943
349.15,1140.9,6.6069,0.49979
304.12,672.75,6.6318,0.4996
1670.6,749.27,6.6368,0.49944
2733.5,547.23,6.6571,0.49918
1821.5,1470.5,6.5964,0.49974
2458.3,707.43,6.6442,0.49931
2402.5,1467.6,6.6003,0.49966
801.84,1455.2,6.5924,0.49985
2533.5,853.58,6.6362,0.49937
2657.2,1408.2,6.6072,0.49958
2477.9,1573.1,6.5934,0.49971
1641.5,1125.1,6.6156,0.49961
2495.3,638.09,6.6487,0.49927
2315.3,1500,6.5972,0.4997
2478.2,1572.5,6.5935,0.49971
2765.7,812.68,6.6414,0.49929
2705.3,1389.6,6.6085,0.49956
2387.4,1005.7,6.6271,0.49946
1989.8,1067.8,6.621,0.49954
2709.1,1380.3,6.6091,0.49956
2046.2,1535.6,6.593,0.49975
1628.4,992.74,6.6231,0.49955
1384.3,793.22,6.6326,0.49949
659.26,454.62,6.6497,0.49941
357.77,1244.5,6.6013,0.49983
1568,1532.2,6.5906,0.49981
828.97,620.11,6.6393,0.49948
1958.2,1348.3,6.6047,0.49967
1672.8,800.56,6.6337,0.49946
2720.5,830.83,6.6397,0.49931
2089.8,1229.1,6.6125,0.4996
2351.5,1436.4,6.602,0.49966
1064.3,1134.4,6.6122,0.49967
2246.5,627.41,6.6472,0.49931
2346.1,1446.2,6.6013,0.49966
2711,1427.3,6.6062,0.49958
538.27,1491.1,6.588,0.49991
1627.3,743.32,6.6368,0.49944
1602.8,1448.4,6.5963,0.49976
368.61,1134.2,6.6073,0.49978
2609.1,1328,6.6106,0.49956
2251.8,731.21,6.6409,0.49936
2741.8,633.5,6.6514,0.49922
2413.5,1351.3,6.6079,0.4996
2777.2,730.72,6.6461,0.49925
1244.5,1308.1,6.6034,0.49973
912.41,1517.3,6.5883,0.49987
2229.7,881.59,6.6321,0.49943
1608.7,1599.5,6.5857,0.49984
1454.7,736.8,6.6362,0.49946
2468.4,836.34,6.6367,0.49937
2620.5,1385.4,6.6075,0.49958
2496.6,638.87,6.6485,0.49928
1242.5,1438.3,6.5953,0.49979
1909.5,1215.9,6.6118,0.49962
1864.1,1238.8,6.6107,0.49963
2286,911.16,6.6311,0.49943
2750.7,954.45,6.6333,0.49936
1789,1407.7,6.6001,0.49972
371.06,650.27,6.6338,0.49958
2412,1450.9,6.6013,0.49966
2396.1,1390.8,6.6048,0.49963
2477.6,609.84,6.6501,0.49927
1244.9,1520.9,6.5898,0.49984
2348.3,866.69,6.6339,0.49941
389.52,1289.6,6.5986,0.49985
1094.3,829.36,6.6287,0.49954
2380.3,1390.5,6.6049,0.49963
517.82,543.38,6.6419,0.49949
2515,1106.6,6.6227,0.49948
2484,869.09,6.635,0.49938
1930.3,745,6.6382,0.49941
1738.3,537.36,6.65,0.49933
1282.6,1446,6.5949,0.49979
2726.3,1215.4,6.6187,0.49948
2402.2,1465.7,6.6002,0.49966
1007.9,455.25,6.6524,0.49936
541.97,1004.3,6.6156,0.49969
2720.4,1241.7,6.6172,0.49949
2042.5,1159.2,6.6157,0.49957
2226.4,706.81,6.6418,0.49936
2489.3,948.74,6.6306,0.49942
2765.1,811.32,6.6412,0.49929
827.46,1523.4,6.5875,0.49989
790.96,1504.8,6.5881,0.49989
2603.9,1416.7,6.6049,0.4996
2577.4,248.16,6.6814,0.49901
881.2,565.88,6.6431,0.49945
2682.1,287.76,6.6776,0.49902
2753.8,938.7,6.634,0.49935
2772.5,1293.6,6.6146,0.4995
2547.3,476.58,6.6599,0.49918
1939.9,1077.3,6.6198,0.49955
2705.9,1387.5,6.6083,0.49956
1321.5,852.71,6.6283,0.49953
2152.5,1164.3,6.6165,0.49956
700.4,1274.2,6.602,0.49978
1962.3,771.46,6.6363,0.49942
1792,1511.6,6.5936,0.49977
1560.5,1273,6.6069,0.49968
2521.5,1399.6,6.6051,0.49961
1362.9,1556.3,6.5872,0.49985
2211.3,1159.8,6.6166,0.49955
1723.2,1525.9,6.5916,0.49979
2524.9,1501.4,6.5984,0.49967
1060.7,1434.5,6.5943,0.49981
854.09,1513.7,6.588,0.49988
1388.7,1453,6.5951,0.49978
1958.1,1337.4,6.6048,0.49967
1572.4,1269.7,6.6073,0.49968
2772.3,606.71,6.6533,0.4992
1675.1,824.05,6.6322,0.49947
2227.7,716.34,6.6415,0.49936
2386.4,1476.6,6.5992,0.49967
2784.7,1226.4,6.6185,0.49947
2727.4,608.21,6.6524,0.49921
1506.5,1510.5,6.5916,0.4998
1501.1,1427,6.5971,0.49976
2655.1,1389,6.6074,0.49958
2680.8,1500.6,6.6002,0.49963
1911.6,1018.5,6.6227,0.49953
2654.9,1387.7,6.6076,0.49958
1844.2,1407.8,6.5998,0.49971
1123.2,1162.2,6.6103,0.49968
2734.3,533.59,6.6575,0.49917
2714.4,1311.4,6.6129,0.49952
541.27,1002,6.6157,0.49969
1545.3,1451.6,6.5954,0.49977
1259.9,1507.8,6.5904,0.49983
1554,1426.7,6.597,0.49976
2272.2,752.16,6.6399,0.49937
2319,322.09,6.6714,0.49912
2610.3,239.95,6.683,0.49899
1850.1,1417.2,6.5995,0.49972
2385.8,307.42,6.6733,0.49909
772.17,1624.5,6.5792,0.49996
1287.3,1464.9,6.5932,0.49981
1686.3,474.7,6.6543,0.4993
1252.4,1502.6,6.5909,0.49983
2708.7,1377.8,6.6088,0.49956
2675.6,1445.4,6.6042,0.4996
2345.8,1447.2,6.6004,0.49967
2703.2,1262.9,6.6155,0.49951
2350,314.52,6.6723,0.49911
2457.1,1507.3,6.5972,0.49968
342.5,633.66,6.6341,0.49958
2057.1,382.7,6.6635,0.4992
2721.5,560.08,6.6558,0.49919
2207.4,818.84,6.6353,0.49941
2226.1,683.84,6.6433,0.49934
361.12,1252.6,6.6001,0.49984
1581.4,1510.8,6.5918,0.4998
2487,950.97,6.6303,0.49942
1425.3,593.26,6.6442,0.4994
508.8,550.82,6.641,0.4995
1599.6,1372.7,6.6006,0.49973
2383.3,1336.3,6.608,0.49961
2004.4,658.82,6.6431,0.49936
2634.2,1417.5,6.6053,0.4996
446.22,1587.7,6.5799,0.49999
647.46,595.18,6.6392,0.4995
2720.1,585.52,6.6538,0.4992
2492.9,604.99,6.6502,0.49926
1221.7,1401.5,6.5972,0.49978
2666.3,1330.9,6.611,0.49955
1280.9,1433.6,6.5951,0.49979
2159.4,1164.8,6.6157,0.49957
1453.5,730.24,6.6361,0.49946
1639.1,744.9,6.6359,0.49945
1064.1,842.42,6.6272,0.49956
1928.2,1194.2,6.6132,0.4996
332.25,841.3,6.6217,0.49968
2719.4,1069.8,6.626,0.49942
1700.2,731.06,6.637,0.49943
2729.4,1143.7,6.6225,0.49945
1258.2,1501.5,6.5909,0.49983
2720.3,1323.1,6.6122,0.49953
2378.6,1243,6.6134,0.49956
1959.2,750.98,6.6376,0.49941
1380.6,1476.8,6.5927,0.4998
1698.8,481.63,6.6539,0.4993
1957.1,768.23,6.6367,0.49942
2161.5,803.51,6.6358,0.49941
1956.6,752.78,6.6375,0.49941
1372.1,1482.8,6.5926,0.4998
2133.7,918.38,6.629,0.49946
2717.3,1213.7,6.6183,0.49948
1959.7,783.79,6.6357,0.49942
362.94,1446.1,6.5887,0.49993
2679.1,1347.5,6.6097,0.49956
2682.3,1329.2,6.6112,0.49954
375.21,1275,6.5996,0.49984
341.35,831.59,6.6225,0.49967
382.85,1284.4,6.5985,0.49985
1392.2,811.8,6.6311,0.4995
2416.9,1440.7,6.6016,0.49965
2101.5,1173.7,6.6151,0.49957
2639.2,1414.9,6.6051,0.4996
2315.6,786.67,6.6374,0.49938
1411.8,1388.7,6.5985,0.49975
2366.9,310.49,6.6727,0.4991
365.4,1479,6.5869,0.49995
2390.3,1359.2,6.6062,0.49962
2324.7,812.53,6.636,0.49939
2531.6,925.51,6.6314,0.49941
2647.9,1287.3,6.6128,0.49954
1360.5,1518.4,6.5896,0.49983
2292.5,1157.6,6.6174,0.49954
1680.8,803.23,6.6327,0.49947
2062,999.19,6.6244,0.49951
2711.4,1290.5,6.6138,0.49952
374.5,1176.7,6.6042,0.49981
2295.6,1119.1,6.6196,0.49952
671.28,687.86,6.6343,0.49954
2674,415.53,6.6656,0.49912
2270.8,1198.6,6.6145,0.49957
2225.3,674.58,6.6433,0.49934
2688.3,1308.2,6.613,0.49953
370.68,1256.4,6.5999,0.49984
2035.3,1183,6.6141,0.49959
2256.6,337.82,6.6691,0.49914
1561.9,1507.9,6.5918,0.4998
1219.8,1524.2,6.5884,0.49985
2714.9,616.21,6.6513,0.49922
1695,564.29,6.6476,0.49935
642.59,1547.8,6.5842,0.49993
387.44,1235.2,6.601,0.49983
2461.1,1205.3,6.616,0.49953
1608,1251.8,6.6076,0.49967
2507.7,963.52,6.6296,0.49942
1331.6,1136.5,6.6129,0.49965
2360.5,831.22,6.6351,0.4994
1651.1,805.98,6.6326,0.49947
2182.2,380.99,6.6645,0.49918
382.79,1178.8,6.6041,0.49981
2266.3,1203.6,6.6145,0.49957
1065.5,1012.9,6.6176,0.49963
2750.9,571.47,6.6549,0.49919
2433.4,1366.1,6.6063,0.49961
461.42,1551.7,6.5826,0.49997
2479.2,646.89,6.6473,0.49929
2242.7,937.21,6.6284,0.49946
2173.1,858.33,6.6326,0.49943
701.51,1260.9,6.6023,0.49978
2331.6,1390.6,6.6039,0.49964
2236.5,421.99,6.6612,0.4992
2737.1,566.25,6.655,0.49919
2190.3,353.62,6.667,0.49916
918.99,1430.3,6.5935,0.49983
2539.7,1423.7,6.6032,0.49963
2492.6,554.42,6.6531,0.49924
2283.6,925.76,6.6293,0.49945
447.11,1601.1,6.5792,0.49999
1665,1027,6.6201,0.49957
1960.9,924.09,6.6273,0.49949
2232.6,781.8,6.6369,0.49939
1503.3,792.67,6.6322,0.49949
2399,1431.1,6.6015,0.49966
2196.5,1200.2,6.614,0.49958
2676.3,282.14,6.678,0.49902
2508.7,809.28,6.6378,0.49936
672.16,527.62,6.6436,0.49946
2501.7,645.77,6.6475,0.49928
846.13,1503.7,6.5879,0.49988
2242.3,1037.3,6.623,0.4995
2114.2,1213.7,6.6128,0.49959
2142.9,977.17,6.6264,0.49948
2171,806.79,6.6354,0.49941
2573.3,1471.2,6.6003,0.49964
1933.9,742.12,6.6377,0.49941
2627.7,1354,6.6084,0.49957
1356.9,1327.2,6.602,0.49973
1054.8,1128,6.6116,0.49968
857.72,1515.2,6.5875,0.49988
461.27,1582.2,6.5802,0.49998
1824.5,520.7,6.6513,0.49931
460.35,1575.6,6.5806,0.49998
1832.3,1421.2,6.5988,0.49972
2525.6,1513.4,6.5969,0.49968
2566.3,1363.6,6.6071,0.49959
1371,552.15,6.6461,0.49939
343.61,635.4,6.6336,0.49958
2755.4,963.13,6.6324,0.49937
366.37,938.53,6.6163,0.49971
2077.2,1049.5,6.621,0.49953
2749.3,527.72,6.6572,0.49917
941.85,561.8,6.643,0.49944
1247.3,1306.6,6.6027,0.49973
1922.2,1023.9,6.6219,0.49954
2257,800.63,6.6359,0.4994
2481.9,667.57,6.6453,0.4993
711.56,1395.1,6.5943,0.49984
2332.8,582.78,6.6499,0.49928
2230.7,759.77,6.6383,0.49938
2781.5,269.04,6.6802,0.49899
1688.1,1460.7,6.5952,0.49976
2778.8,637.03,6.6505,0.49922
2565.1,1272.8,6.6124,0.49955
2186,380.44,6.6644,0.49918
2682,1408.5,6.6059,0.49959
2747.2,597.24,6.6529,0.49921
2774.6,721.8,6.6456,0.49926
1267.8,1488.9,6.5912,0.49982
2485.6,969.46,6.6288,0.49943
840.81,577.86,6.6416,0.49946
2366.1,1250.2,6.6129,0.49957
1690.6,744.24,6.636,0.49944
2000.3,709.14,6.6399,0.49939
1982.5,747.06,6.6376,0.49941
1422.8,589.2,6.6438,0.4994
1393.7,1497.2,6.5909,0.49982
1497.6,604.23,6.6436,0.4994
2707.9,591.6,6.6527,0.49921
2625.1,1263.2,6.6136,0.49953
785.67,587.06,6.6404,0.49948
2399.2,302.29,6.6733,0.49909
2331.9,1470.3,6.5985,0.49969
2546,1336,6.6085,0.49958
1962.7,740.59,6.6374,0.49941
2053.4,1192.4,6.6134,0.49959
1943.5,744.08,6.6371,0.49942
2500.9,1372.2,6.6058,0.49961
2227.5,1030.3,6.6234,0.4995
2755.2,590.38,6.6535,0.4992
2635.2,247.84,6.6816,0.499
1982.6,701.82,6.64,0.49939
925.06,1434.2,6.5927,0.49984
365.42,1206.4,6.6024,0.49982
2592.8,244.54,6.6812,0.49901
2197.1,691.8,6.642,0.49936
1769.3,715.66,6.6381,0.49942
2541.8,1303,6.6107,0.49957
2565.8,529.41,6.6554,0.49921
2190.5,1193,6.6138,0.49958
1784.7,1404.9,6.5994,0.49972
1221.9,1503.1,6.59,0.49984
1127.9,496.26,6.6495,0.49938
2331,1493.7,6.5966,0.4997
1923.2,1229.6,6.6105,0.49962
1010.8,1537.2,6.5868,0.49988
2128.6,1002.8,6.6241,0.4995
1775.6,725.8,6.6375,0.49942
2438.6,1355.1,6.6066,0.49961
2082.9,981.14,6.6246,0.4995
1373.4,556.9,6.6456,0.49939
2005.3,1019.7,6.6221,0.49953
2704.9,292.32,6.6765,0.49903
2230.1,815,6.6351,0.49941
1918.5,413.69,6.6593,0.49924
1063,994.97,6.6187,0.49962
1249.4,1445,6.5935,0.49981
2382.8,1335.6,6.6073,0.49961
1868.5,1338.7,6.6037,0.49968
2785,1225.5,6.6178,0.49947
2292.6,1231.9,6.6128,0.49958
2624.7,453.3,6.6611,0.49916
2268.5,740.57,6.6395,0.49937
1328.2,1574.2,6.5848,0.49987
2233.8,935.77,6.6284,0.49946
348.55,928,6.6166,0.49972
1413.9,1453.2,6.5938,0.49979
2123.5,845.98,6.6323,0.49944
1644,1342.3,6.6019,0.49971
2745.1,574.31,6.6541,0.4992
1417.6,1515.9,6.5898,0.49982
359.55,962.64,6.6148,0.49973
2241.2,422.01,6.6609,0.49921
2696.2,1260.6,6.6147,0.49951
1202.7,473.92,6.6512,0.49936
2087.9,1216.8,6.6121,0.4996
1874.8,1348.7,6.6032,0.49969
2121,598.4,6.6472,0.49932
2347.6,1462.9,6.5994,0.49968
2004.6,1035.8,6.6211,0.49954
370.27,1230.6,6.6008,0.49984
2477.9,846.22,6.6351,0.49938
2341.6,1359.2,6.6054,0.49963
734.87,585.12,6.6402,0.49948
2676,1474.3,6.6014,0.49962
2538.9,1393.9,6.605,0.49961
1441.6,1364.8,6.5995,0.49975
1983.8,762.66,6.6364,0.49942
283.04,601.83,6.6346,0.49959
2098.1,1175.5,6.6146,0.49958
2255.3,783.15,6.6365,0.49939
2715.1,1338.7,6.61,0.49955
1689.8,701.04,6.6384,0.49942
2280.6,761.34,6.6381,0.49938
1941.4,939.99,6.6263,0.4995
2105.3,1187.9,6.6134,0.49959
2516.7,792.68,6.6384,0.49935
2191,1088.9,6.6193,0.49953
2239.9,873.46,6.6318,0.49943
2718.1,552.17,6.6552,0.49919
1052.6,1587.8,6.5827,0.49991
1832.6,1535.3,6.5905,0.49979
1328.9,1047.4,6.6167,0.49962
2479.8,652.88,6.6465,0.49929
2623.8,1564.2,6.5943,0.49969
1526.9,537.58,6.6479,0.49936
758.14,1525,6.5857,0.49991
2087.9,1154.2,6.6151,0.49958
1976.1,1062.2,6.62,0.49955
478.91,575.36,6.6382,0.49953
2000.4,684.74,6.6411,0.49938
1853.8,1407.2,6.5993,0.49972
542.78,1507.4,6.5858,0.49993
1563.2,1271.8,6.606,0.49969
2200.5,757.53,6.6379,0.49939
2249.1,643.28,6.6448,0.49933
2764.4,1211.6,6.6185,0.49947
2741.4,756.63,6.6429,0.49929
2424.6,1156.9,6.618,0.49952
2340.5,1456.1,6.5992,0.49968
2712.4,206.08,6.6873,0.49894
1615.2,1528.2,6.5899,0.49981
2523.6,684.46,6.6448,0.4993
2067.7,1023.1,6.6224,0.49952
2300.6,1006.2,6.6245,0.49948
924.36,614.7,6.6393,0.49947
2723.5,551.02,6.6554,0.49919
386.88,1209.6,6.6018,0.49983
2479.8,634.4,6.647,0.49929
2325,894.74,6.6307,0.49943
349.5,1219,6.6014,0.49983
1044.3,1303.6,6.6013,0.49976
2207.4,640.23,6.6447,0.49933
1465.4,1355.6,6.6004,0.49974
1686.2,852.32,6.6298,0.49949
2301.3,1445.5,6.5996,0.49968
2388.9,559.23,6.6517,0.49926
1950.4,925.12,6.627,0.49949
2483.2,680.23,6.6447,0.49931
1306.8,1437.5,6.5945,0.49979
1692.6,799.54,6.6325,0.49947
1982.5,1207.4,6.6114,0.49961
2255.6,752.75,6.6387,0.49938
2717.3,611.81,6.6512,0.49922
2207.3,1010.6,6.6237,0.4995
844.9,1502.7,6.5875,0.49988
825.1,590.07,6.6406,0.49947
970.4,820.29,6.6274,0.49956
1316.2,1584.2,6.5838,0.49988
1974.8,1040.4,6.6205,0.49954
2732.1,1420.7,6.6051,0.49958
1053.3,1307.6,6.6007,0.49976
2335.6,902.27,6.6308,0.49943
1246.4,1528.6,6.5876,0.49985
1091.7,1298.5,6.6014,0.49976
1777.4,671.77,6.6402,0.4994
291.6,609.25,6.6341,0.49959
1733.9,1433.9,6.5968,0.49975
2192.3,379.61,6.6642,0.49918
1067.1,859.32,6.6253,0.49957
1337.7,1372,6.5987,0.49976
391.24,1260.1,6.599,0.49985
1932.8,1081,6.6181,0.49956
1934.7,1029.7,6.6212,0.49954
732.11,584.4,6.64,0.49948
1551.8,1414.3,6.5972,0.49976
2297.1,1167.6,6.6157,0.49955
534.53,1511.4,6.5852,0.49993
893.17,1491.4,6.5883,0.49987
2630.5,398.55,6.6653,0.49913
1961.8,770.32,6.6356,0.49943
2728.9,1145,6.6215,0.49946
2251.6,715.2,6.6407,0.49936
2248.9,935.14,6.6282,0.49946
2556.9,1419.2,6.6034,0.49962
1301,1178.8,6.6093,0.49968
2584.7,1388.5,6.6052,0.4996
2236.7,412.85,6.6613,0.4992
2648.2,1170.5,6.6187,0.49949
1256.1,1303.6,6.6025,0.49973
2519.7,905.35,6.632,0.4994
1382.8,1457.8,6.5933,0.4998
1955.6,681.85,6.6408,0.49939
2249.4,732.87,6.6396,0.49937
1981.8,778.11,6.6352,0.49943
352.22,945.51,6.616,0.49972
2508.1,516.79,6.6549,0.49923
1657.9,1216.5,6.6099,0.49965
1631.5,1547.2,6.5884,0.49982
704.02,1286.9,6.6001,0.4998
2334,1205.5,6.6141,0.49956
2298.9,1006.2,6.6243,0.49949
1659,741.81,6.6351,0.49945
2343.8,859.01,6.6327,0.49942
361.52,1144.8,6.6052,0.4998
2645.8,452.3,6.6615,0.49916
2254.2,801.54,6.6353,0.4994
1725.3,1502.7,6.592,0.49978
2276,794.89,6.6361,0.4994
366.91,629.51,6.6333,0.49958
2707.8,521.31,6.657,0.49918
1628.4,1013.3,6.62,0.49957
2196.7,637.55,6.645,0.49933
2681.3,283.51,6.6773,0.49903
2790.2,743.7,6.6441,0.49927
2232.5,815.9,6.6347,0.49941
1851.6,1336.4,6.6034,0.49969
2307.7,874.39,6.6316,0.49943
1923.7,650.6,6.6429,0.49937
954.08,635.23,6.6377,0.49948
