1195.1,466.49,6.8298,0.49809
1057.2,340.61,6.787,0.49839
1612.4,206.18,6.7946,0.49828
2015.5,208.61,6.7764,0.49838
1956.2,255.32,6.7677,0.49845
1709.9,259.4,6.7654,0.49848
1720.2,260.21,6.7647,0.49849
1990.5,256.9,6.7628,0.49848
2131.4,197.79,6.7641,0.49845
2071.4,269.64,6.7532,0.49854
2072.2,269.38,6.7533,0.49854
1011.9,380.68,6.7386,0.49873
2060.4,249.59,6.7544,0.49853
2068.3,252.87,6.7537,0.49853
2083.9,256.81,6.7531,0.49854
2059.7,266.37,6.7502,0.49856
2084.1,269.23,6.7473,0.49858
2217.5,205.84,6.7541,0.49851
2237.3,208.3,6.7513,0.49853
921.72,401.57,6.726,0.49883
970.8,411.8,6.7225,0.49885
2180.2,294.43,6.7369,0.49865
2166.6,277.15,6.7364,0.49865
876.27,437.82,6.7108,0.49894
2175.9,313.97,6.7273,0.49871
2179.2,314.83,6.7268,0.49872
1093,1274.1,6.6604,0.49932
2220.7,310.06,6.7246,0.49873
2278.9,281.35,6.7279,0.4987
619.92,452.43,6.7002,0.49904
2211,331.77,6.719,0.49877
570.84,428.39,6.7015,0.49904
1256.2,553.6,6.6903,0.49906
1463.5,456.72,6.6963,0.499
2703.7,403.06,6.7048,0.49882
2396.3,244.65,6.7183,0.49875
896.8,389.89,6.6956,0.49904
844.73,388.22,6.6944,0.49906
849.07,390.53,6.6935,0.49906
806.18,1477.9,6.6226,0.49962
1139.1,1399,6.6296,0.49954
821.03,540.51,6.6775,0.49919
2483.2,226.21,6.7153,0.49876
1251,619.03,6.6743,0.49918
2302.4,391.36,6.6957,0.49893
295.51,982.89,6.6448,0.49951
567.08,502.4,6.6769,0.49922
2016.2,250.19,6.7086,0.49886
2747.3,873.07,6.6675,0.4991
281.95,982.8,6.6439,0.49952
2133.2,1082.4,6.6504,0.4993
1493.6,483.19,6.6825,0.4991
772.73,1472.4,6.619,0.49965
446.57,965.35,6.6461,0.49947
549.59,475.1,6.6763,0.49922
550.1,474.54,6.6762,0.49922
847.25,530.5,6.6744,0.49921
2307,407.39,6.6918,0.49896
585.48,524.19,6.6723,0.49925
2142.1,1091.3,6.648,0.49932
2127.9,1089.4,6.6478,0.49932
536,1066.1,6.6394,0.49951
288.3,1126.7,6.6328,0.4996
2445,262.07,6.7048,0.49884
2180.4,1102.4,6.6459,0.49933
302.44,1132.3,6.632,0.49961
834.96,524.21,6.6721,0.49923
522.61,526,6.6689,0.49928
2164.6,1105.6,6.6444,0.49934
283.73,963.39,6.6396,0.49955
1078.8,1437.7,6.6194,0.49962
297.07,974.53,6.6389,0.49955
767.11,1527.4,6.6101,0.49972
2155.8,1304.5,6.6324,0.49944
807.06,576.48,6.6662,0.49927
900.2,585.38,6.6658,0.49927
2174,916.02,6.6539,0.49927
2550.6,623.33,6.6733,0.49908
2737.5,1420.6,6.6298,0.49939
748.42,1524.5,6.6098,0.49972
795.21,1438.4,6.6155,0.49967
566.02,526.56,6.6669,0.49929
304.09,1151.9,6.6278,0.49964
2160.2,1109.5,6.6422,0.49936
2732.8,709.67,6.6698,0.49908
548.51,1441.9,6.6135,0.49971
274.42,968.94,6.6369,0.49957
692.46,1491.7,6.6106,0.49972
285.6,977.12,6.6365,0.49957
937.43,655.05,6.6599,0.49931
2280,435.13,6.6832,0.49903
2116,1088.5,6.6419,0.49936
2172.4,1089.9,6.6422,0.49936
1928,407.5,6.6829,0.49906
868.19,549.59,6.6659,0.49927
2129.6,1086.2,6.642,0.49936
843.86,556.17,6.6652,0.49928
874.15,541.73,6.6665,0.49927
1145,1541.6,6.6085,0.4997
691.55,1572.8,6.6039,0.49977
643.22,1301.9,6.621,0.49964
967.13,1425.8,6.6155,0.49966
859.94,536.25,6.6661,0.49927
868.76,549.4,6.6653,0.49927
2116,742.66,6.6603,0.49922
277.22,1020,6.6326,0.49961
2171.2,1074.8,6.6422,0.49936
840.7,547.29,6.6651,0.49928
524.15,515.93,6.6645,0.49932
801.39,588.76,6.6619,0.49931
2135.2,1092.4,6.6403,0.49938
2128.1,1068.1,6.6416,0.49937
866.97,555.63,6.6639,0.49928
785.21,1489.1,6.6084,0.49973
2307.9,1660.8,6.6035,0.49965
2113.4,1067.5,6.6411,0.49937
2125.7,1095.8,6.6395,0.49938
2102.2,745.49,6.6587,0.49923
2113.7,727.02,6.6598,0.49922
2170,925.49,6.6488,0.49931
293.86,707.84,6.6483,0.49948
2111.2,1108.2,6.6384,0.49939
2097.5,1308,6.6269,0.49948
2167.4,1101.2,6.639,0.49938
284.74,1149.5,6.624,0.49967
2144.2,730.28,6.6592,0.49923
772.58,1505,6.607,0.49974
2516.6,1507.2,6.6166,0.49952
2154.9,1078.6,6.6398,0.49938
317.98,1089.2,6.6269,0.49964
2732.7,847.69,6.6574,0.49917
847.42,542.32,6.6631,0.49929
2154.7,1074.7,6.6399,0.49938
2112.6,927.9,6.6476,0.49932
859.9,1207.3,6.6253,0.49959
2559.3,1124.1,6.6403,0.49933
2082.3,1307.8,6.6262,0.49949
290.88,1044.4,6.6287,0.49963
1953,458.32,6.6756,0.49911
2124.4,1313.3,6.626,0.49949
2783.5,519.27,6.6772,0.49901
837.65,1206.6,6.625,0.49959
302.59,990.34,6.6321,0.4996
579.42,570.04,6.6589,0.49935
891.64,1495.8,6.6072,0.49973
2561,644.94,6.6666,0.49913
663.01,1223.8,6.6227,0.49963
2111.7,1067,6.6395,0.49938
281.39,288.87,6.6793,0.49924
2570.1,1119,6.6402,0.49933
2122.4,1112.7,6.6369,0.4994
726.32,652.55,6.6552,0.49937
279.34,292.27,6.6793,0.49924
2137.5,1312,6.6257,0.49949
2541.8,634.17,6.6669,0.49913
2112.3,712.76,6.659,0.49923
742.42,644.69,6.6553,0.49936
2372.2,807.47,6.6549,0.49924
2124.1,1070.5,6.6388,0.49939
2123.5,1079.2,6.6382,0.49939
2146.8,754.78,6.6562,0.49925
2110,1077.8,6.6381,0.49939
2080.8,1473.8,6.6145,0.49958
414.53,444.99,6.666,0.49932
1088.9,680.51,6.6546,0.49934
837.82,1239.5,6.622,0.49961
302.48,1005.8,6.63,0.49962
282.3,996.9,6.6301,0.49962
2111.8,935.19,6.6457,0.49933
2130.9,1078,6.6378,0.49939
644.64,1225.2,6.6214,0.49964
2100.8,732.47,6.657,0.49925
2099.2,1272.9,6.6269,0.49948
307.87,1079.8,6.626,0.49965
2717.5,1435.5,6.622,0.49945
2143.1,716.8,6.658,0.49924
688.15,663.08,6.6525,0.49939
1954.3,432.08,6.6759,0.49911
2150.9,1104.6,6.6364,0.4994
1952.6,433.15,6.6758,0.49911
860.31,1241,6.6216,0.49962
2163,1119.2,6.6356,0.49941
283.37,999.23,6.6295,0.49963
2329.2,367.43,6.6835,0.49902
2108.5,1092.1,6.6367,0.49941
2756.9,877.69,6.6539,0.4992
2150.7,1100.8,6.6364,0.4994
2749,888.77,6.6532,0.4992
2736.3,900.15,6.6523,0.49921
768.62,1551.3,6.6005,0.49979
665.54,1313.7,6.6156,0.49968
1059.7,1251.7,6.6216,0.4996
881.02,1214.1,6.6227,0.49961
2099.3,715.96,6.6571,0.49925
992.73,1530.5,6.6032,0.49975
2568.1,1120,6.6383,0.49935
310.84,1119.6,6.6232,0.49967
826.16,1173.6,6.6251,0.49959
295.54,1079.8,6.6251,0.49966
315.56,966.6,6.6308,0.49961
2170.6,1105.7,6.6355,0.49941
2707,1433.6,6.6213,0.49946
664.1,1198.3,6.6219,0.49963
2103.7,758.64,6.6543,0.49927
2163.4,1099.2,6.6359,0.49941
289.59,1164.7,6.62,0.4997
1116.8,671.73,6.6536,0.49934
2148.4,1119.3,6.6345,0.49942
2120.5,1095.7,6.6356,0.49941
880.65,1244.7,6.6204,0.49962
2082.6,1273.4,6.6253,0.4995
2121.1,1297.3,6.6241,0.4995
2668.5,1503.3,6.6158,0.49951
2746.6,841.39,6.6548,0.49919
2548.1,660.24,6.6628,0.49916
522.39,564.51,6.6557,0.49938
2044.7,233.85,6.695,0.49895
2171,1085.6,6.6357,0.49941
2161.4,761.29,6.6538,0.49927
646.36,1199.1,6.6208,0.49964
1024.8,681.46,6.652,0.49936
2582.1,1116.1,6.6375,0.49935
2059.6,1472.5,6.6122,0.4996
2748.4,868.05,6.6529,0.4992
803.01,1492.8,6.6036,0.49976
284.02,710.42,6.644,0.49951
2124.2,941.59,6.6433,0.49935
2044.8,234.41,6.6947,0.49896
2558.7,959.49,6.6456,0.49929
2767.8,443.65,6.6793,0.49899
2124.1,915.04,6.6446,0.49934
631.21,1228,6.6188,0.49966
1029.1,1545.1,6.6009,0.49976
2073,1471.8,6.6121,0.4996
2124.3,939.97,6.6431,0.49935
698.26,1544,6.5992,0.49981
1028.4,1543.8,6.6008,0.49976
321.66,1060.3,6.6244,0.49966
2160.1,742.72,6.6543,0.49926
2089.2,1294.7,6.623,0.49951
2132.7,1295.8,6.6233,0.49951
2139,1297.6,6.6229,0.49951
2708,1372.2,6.6236,0.49944
1084.8,1255.6,6.6198,0.49961
2131.2,1299.9,6.6229,0.49951
1132.5,1531.6,6.6024,0.49974
2555.5,1106,6.6371,0.49936
2728.6,941.46,6.6476,0.49925
874.96,1180.4,6.6232,0.4996
2115.4,1309.2,6.6221,0.49952
1785.4,1475.8,6.61,0.49964
298.45,1094.1,6.6219,0.49968
2121.9,1279.8,6.6237,0.4995
1134.1,692.24,6.651,0.49936
287.02,1080,6.623,0.49968
326.33,1138.9,6.6197,0.49969
291.97,952.07,6.6297,0.49962
864.2,1223.3,6.6196,0.49963
2215,586.77,6.6643,0.49918
2662.2,1507.8,6.6137,0.49953
292.58,965.06,6.6284,0.49963
319.76,1002.7,6.6273,0.49964
1750.3,1504.4,6.607,0.49966
2148.8,766.46,6.652,0.49928
2088.9,1291.4,6.6225,0.49952
447.22,1011.5,6.6281,0.49961
2116.6,744.9,6.653,0.49928
583.81,562.23,6.655,0.49938
2089.2,1287.5,6.6226,0.49952
2449.5,1525,6.6099,0.49958
2724.7,865.82,6.6512,0.49922
670.25,1319.6,6.6124,0.49971
301.53,1124.3,6.6202,0.4997
2679.6,1498.3,6.6143,0.49952
668.48,1210.1,6.6186,0.49966
2110.2,916.68,6.643,0.49935
2706.4,503.74,6.6726,0.49906
2147.3,1101.6,6.6331,0.49943
1953.5,494.6,6.668,0.49917
2757.2,866.48,6.6513,0.49922
2008.2,611.99,6.6606,0.49923
684.74,1234.9,6.6174,0.49966
2736.2,881.43,6.6502,0.49923
302,1134.5,6.6189,0.49971
2159.4,726.57,6.6539,0.49927
299.31,718.2,6.6419,0.49953
2074.1,1290.4,6.6219,0.49952
329.73,1170.6,6.6177,0.49971
2130.3,1292.9,6.622,0.49952
2548,645.98,6.6615,0.49917
860.28,1328.2,6.6129,0.49968
2132.1,921.67,6.6422,0.49936
1814.7,444.59,6.6706,0.49916
2125.2,1311.7,6.6207,0.49953
2752.3,851.81,6.6521,0.49921
1048,1460.6,6.6055,0.49973
2074.6,1286.5,6.6218,0.49952
1141.2,680.53,6.6503,0.49937
2148.6,1080.9,6.6337,0.49942
2124.2,726.41,6.6529,0.49928
2002.6,565.5,6.6628,0.49921
323.25,1050.1,6.6238,0.49966
1011.5,671.82,6.6499,0.49938
303.86,1115.7,6.6198,0.4997
633.11,1201.2,6.6183,0.49966
473.76,1598.2,6.5918,0.49989
446.64,630.07,6.649,0.49945
2580.4,1115.9,6.6352,0.49937
2516.9,527.81,6.6685,0.49912
2074.3,1452.5,6.6112,0.49961
1961,361.1,6.6787,0.49909
862.44,593.32,6.6541,0.49936
806.71,1473.1,6.6024,0.49977
2067.5,236.37,6.6921,0.49898
2529.6,1405.7,6.6177,0.49951
322.17,1178.9,6.6163,0.49972
800.42,1027.9,6.6285,0.49957
908.27,1037.9,6.6287,0.49956
2534.2,844.74,6.6492,0.49927
2728.5,941.77,6.6457,0.49926
304.91,1113.7,6.6194,0.4997
2582.5,1121,6.6343,0.49938
319.3,1166.2,6.6171,0.49972
2110.3,922.81,6.6415,0.49937
761.76,1502.5,6.6003,0.49979
919.35,1495.5,6.6013,0.49977
848.28,615.83,6.6521,0.49938
2556.9,1030.5,6.639,0.49934
525.31,552.01,6.6535,0.4994
823.29,1216.7,6.6182,0.49964
498.42,1598.5,6.5914,0.49989
2486.2,1514,6.6092,0.49958
2555.6,1069.5,6.6368,0.49936
2569.5,956.33,6.643,0.49931
1944.7,505.19,6.6664,0.49919
2520,256.15,6.6926,0.49893
863.87,844.27,6.6383,0.49948
2105.3,760.04,6.6504,0.4993
2724.8,833.05,6.6515,0.49922
2115.3,1291.8,6.6208,0.49953
2123.5,924.99,6.6411,0.49937
2557.8,990.99,6.6408,0.49933
2473.8,1514.1,6.6091,0.49959
297.38,537.85,6.6515,0.49945
2730.3,874.12,6.6495,0.49923
891.97,1483.8,6.6015,0.49977
2554.7,1092.5,6.6352,0.49937
2671.2,1136.5,6.6341,0.49936
487.14,1270.7,6.6123,0.49973
304.93,1101,6.6195,0.4997
1114.4,696.26,6.6483,0.49939
2498.2,1411.7,6.6162,0.49953
2070.5,1294.8,6.6201,0.49954
458.43,1253.2,6.6129,0.49973
789.53,1486.1,6.6006,0.49979
2557.6,1014.8,6.6393,0.49934
1040.4,1257.9,6.6166,0.49964
295.67,1010.9,6.6241,0.49967
347.23,1213.8,6.614,0.49974
2126.9,747.74,6.6504,0.4993
468.24,1031.7,6.625,0.49963
2110.2,898.05,6.6422,0.49936
2287,423.84,6.6734,0.4991
2123.8,917.35,6.6411,0.49937
824.02,1247.4,6.6158,0.49966
1099,679.5,6.6486,0.49938
826.4,847.62,6.638,0.49949
2070.2,1424.7,6.6118,0.4996
304.97,1100.4,6.6193,0.4997
1087.3,1232,6.6181,0.49962
861.98,599.85,6.6526,0.49937
548.83,1309.6,6.6102,0.49974
2543,675.66,6.6579,0.4992
302.95,1062.2,6.6212,0.49969
2726.9,915.23,6.6463,0.49926
2311.7,442.83,6.6719,0.49911
2330.9,444.98,6.6718,0.49911
943.43,1692.8,6.5847,0.4999
840.8,1328.8,6.6109,0.4997
300.89,727.17,6.6394,0.49954
2740.6,1162.1,6.6328,0.49936
2005.2,1467.9,6.6084,0.49963
2095.4,1276.1,6.6205,0.49953
2338.3,1218.5,6.6258,0.49947
2103.8,729.54,6.6513,0.49929
2777,472.58,6.6735,0.49904
617.81,1620.4,6.5895,0.49989
326.68,760.86,6.6377,0.49955
262.92,742.81,6.6377,0.49957
2295.1,442.82,6.6715,0.49912
2066.6,1305.8,6.6187,0.49955
1033.9,675.93,6.648,0.49939
2110.2,938.66,6.6393,0.49938
438.53,761.35,6.6387,0.49953
2066.4,1458.4,6.6091,0.49962
1063,1231.2,6.6176,0.49963
2738.5,902.33,6.6468,0.49925
703.45,1530,6.5966,0.49983
2073.4,1443.2,6.6101,0.49962
2167.8,925.42,6.6404,0.49937
2756.8,837.7,6.6504,0.49922
305.12,1077.8,6.6198,0.4997
774.31,1488.4,6.5998,0.49979
781.23,1479.7,6.6001,0.49979
2054.8,1453.9,6.6092,0.49962
2011.3,1452.7,6.6089,0.49963
780.66,1494.2,6.5991,0.4998
862.98,603.79,6.6512,0.49938
2368.6,1072.9,6.6336,0.49941
909.17,1039.9,6.6269,0.49957
310.54,963.29,6.6261,0.49965
2061.8,1438.7,6.6101,0.49962
2750.1,881.78,6.6476,0.49925
2056.2,1450.3,6.6093,0.49962
2030.9,1438.9,6.6099,0.49962
2556,1054.5,6.6361,0.49937
2564.6,1102.7,6.6336,0.49938
2475.9,1512.2,6.608,0.49959
1070.7,693.67,6.647,0.4994
2568.9,985.42,6.6399,0.49933
2072.7,1456.2,6.6085,0.49963
2125.1,712.28,6.6514,0.49929
572.34,1321.6,6.6087,0.49974
865.96,849.52,6.6364,0.4995
305.36,1081.5,6.6193,0.4997
804.66,1031.1,6.6264,0.49958
2016,1468.4,6.6076,0.49964
313.96,1067.1,6.6201,0.49969
2089.1,1294.5,6.6186,0.49955
1341,1627.3,6.5916,0.49981
2116.9,342.85,6.6785,0.49908
522.77,540.61,6.6526,0.49941
2025.8,1447.5,6.6089,0.49963
1079.1,1337.6,6.6108,0.49968
2022.5,1453.8,6.6084,0.49963
2013.3,1446.1,6.6089,0.49963
1107.1,1262,6.6154,0.49964
2051.6,1456.5,6.6084,0.49963
2751.7,952.77,6.6432,0.49928
2761.7,943.01,6.6439,0.49927
743.21,1549,6.5948,0.49984
2771,484.13,6.6717,0.49905
992.09,674.47,6.647,0.49941
2582.7,1017,6.6379,0.49935
2531.6,587.45,6.6621,0.49917
1778.3,1463.1,6.6062,0.49967
2568.1,1025.1,6.6373,0.49935
2541.7,656.75,6.6577,0.4992
981.61,1555.1,6.5955,0.49981
311.18,1154.9,6.615,0.49973
2058.7,1441.2,6.6093,0.49962
2536.8,621.29,6.6599,0.49918
2016.9,1437,6.6093,0.49963
2319.4,433.79,6.6711,0.49912
2110.7,917.93,6.6395,0.49938
1043.4,1230.7,6.6165,0.49964
711.58,1503.2,6.5976,0.49982
309.4,946.23,6.6258,0.49965
297.61,1014.4,6.6222,0.49968
1842.6,522.69,6.6614,0.49923
785.22,1495.4,6.5985,0.4998
2172.2,753.28,6.6487,0.49931
2727.1,893.49,6.6461,0.49926
2351.6,1213.3,6.6249,0.49948
865.58,1332.7,6.6092,0.49971
2362.8,1130.8,6.6295,0.49944
2584.4,946.65,6.6415,0.49932
2690.3,1447.7,6.6142,0.49952
278.27,717.31,6.6383,0.49956
438.7,622.34,6.646,0.49947
908.51,1508.2,6.5979,0.4998
2110.9,904.95,6.6399,0.49938
689.41,1209.1,6.6153,0.49968
1729.8,1519.9,6.6017,0.49971
798.06,1530.5,6.5957,0.49982
2297.4,443.59,6.6701,0.49913
2030.4,1435.6,6.6091,0.49963
2124,941.81,6.6378,0.49939
2175.9,929.97,6.6385,0.49938
2749.8,878.03,6.6468,0.49925
844.8,1278,6.6122,0.49969
317.16,1018.8,6.6219,0.49968
827.11,1224.4,6.6151,0.49967
2170.9,734.39,6.6494,0.4993
784.22,1504.6,6.5975,0.49981
2132.8,905.01,6.6395,0.49938
453.86,817.86,6.6339,0.49956
985.91,689.94,6.6456,0.49942
822.74,1541.3,6.5948,0.49983
1786.2,1473.3,6.6047,0.49968
2154,952.98,6.6373,0.4994
1091.1,1239.6,6.6155,0.49964
2022.6,1450.3,6.6079,0.49964
2581.1,1056.4,6.635,0.49937
278.88,723.69,6.6374,0.49956
316.52,1081.8,6.6184,0.49971
2076.8,1307.6,6.617,0.49956
2119.7,344.94,6.6774,0.49909
2134.4,1281.5,6.6185,0.49954
2154.7,904.7,6.6398,0.49938
2558.2,941.27,6.6409,0.49933
2716.8,1356.4,6.6197,0.49947
2569.5,957.19,6.6402,0.49933
587.14,593.32,6.6484,0.49943
2569.7,933.55,6.6413,0.49932
2327.9,1203.3,6.6245,0.49948
2340.6,437.21,6.6701,0.49912
2700.1,1362.3,6.6189,0.49948
557.59,1597,6.589,0.4999
902.13,1472.4,6.5998,0.49978
2170.3,716.47,6.65,0.4993
2566.1,1064.7,6.6341,0.49938
1058.2,680.76,6.6459,0.49941
2471.5,1455.4,6.6103,0.49958
2558.6,963.99,6.6394,0.49934
287.34,583.47,6.6458,0.4995
2168.5,906.37,6.6394,0.49938
2034,1422.6,6.6092,0.49963
302.4,1019.1,6.6209,0.49969
2347.3,1136.6,6.628,0.49945
2366,1096.7,6.6304,0.49943
2336.4,1141,6.6277,0.49945
440.49,732.65,6.6382,0.49953
318.83,1107.4,6.6165,0.49972
325.18,968.45,6.6241,0.49966
2348.1,714.55,6.6514,0.49927
2739.5,891.57,6.6448,0.49927
287.82,616.03,6.6436,0.49952
328.91,1025.1,6.6208,0.49969
1056.6,1337.2,6.6092,0.4997
2697.6,1425.3,6.6144,0.49951
1082.6,1339.8,6.6088,0.4997
1834.1,537.98,6.6596,0.49925
1237.9,696.75,6.6455,0.4994
297.38,1064.8,6.6183,0.49971
2278.7,1443.5,6.6092,0.4996
476.67,1428.1,6.5997,0.49983
2126.8,1068.8,6.6296,0.49946
2043.2,1464.2,6.6062,0.49965
317.2,1066.2,6.6184,0.49971
1132.3,730.35,6.6429,0.49943
301.82,619.09,6.6434,0.49951
2034.2,1436,6.6076,0.49964
327.73,1162.6,6.6134,0.49974
2346.6,692.51,6.6524,0.49926
2013.1,1465,6.6059,0.49965
2811.1,534.45,6.6672,0.49908
2058.1,1434,6.6082,0.49963
1231.1,1541.2,6.5961,0.49979
2568.5,1010.2,6.6365,0.49936
2357.7,1162.2,6.6263,0.49946
867.52,1279.5,6.6111,0.4997
658.19,1265.4,6.6106,0.49972
2774,487.45,6.6699,0.49907
1009.6,693.47,6.6444,0.49942
1082.1,684.11,6.6451,0.49941
2362.2,704.78,6.6517,0.49927
705.32,1023.6,6.6241,0.49961
644.91,652.2,6.6444,0.49946
2324,1222.8,6.6226,0.4995
905.53,1498.6,6.5976,0.4998
921.72,1503.3,6.5969,0.4998
2369.3,804.11,6.6458,0.49931
2584.4,924.17,6.6411,0.49932
298.36,1051.6,6.6192,0.4997
2567,1049,6.6341,0.49938
547.47,1109.2,6.6181,0.49967
2075,1440.1,6.6073,0.49964
2736.8,890.43,6.6446,0.49927
2482.7,1426.5,6.6115,0.49957
2155,927.33,6.6374,0.4994
693.36,1321.3,6.6073,0.49974
2337.7,1199.7,6.6237,0.49949
2369.3,803.58,6.6457,0.49931
1111.4,1239.3,6.6145,0.49965
665.44,829.47,6.6337,0.49954
655.91,1176.1,6.6152,0.49968
2111.6,898.78,6.6386,0.49939
2074.1,1426.2,6.6084,0.49963
2356.2,813.25,6.645,0.49932
2474.4,1444,6.6101,0.49958
2693.8,1140.3,6.6302,0.49939
563.82,975.33,6.6251,0.49962
1833.8,440.04,6.6657,0.4992
999.38,1442.2,6.6017,0.49976
304.62,994.76,6.6215,0.49968
2085,239.79,6.6873,0.49901
2734.2,973.24,6.6396,0.49931
313.29,980.48,6.6223,0.49968
336.09,1136.6,6.6145,0.49973
2584,977.32,6.6379,0.49935
2118.8,1131.1,6.6255,0.49949
2176.6,909.84,6.6379,0.49939
872.49,1198.7,6.615,0.49967
2502.9,1405.2,6.6128,0.49955
1111.1,1235.7,6.6145,0.49965
2694.8,1411.3,6.6144,0.49952
1102.7,1452.5,6.6009,0.49976
2155.3,910.42,6.638,0.49939
302.17,586.53,6.6447,0.4995
2356.2,1213.5,6.6226,0.49949
615.4,1014.5,6.6233,0.49963
243.77,288.64,6.6682,0.49933
2522.5,516.44,6.6644,0.49915
2352.5,1082.1,6.6299,0.49944
2366.2,1098.1,6.6292,0.49944
905.56,1354.1,6.6062,0.49973
2349.9,1104,6.6286,0.49945
2331.2,1172.8,6.6247,0.49948
2342.6,755.32,6.6477,0.4993
2080.9,1423.3,6.6078,0.49963
2763.3,1008.1,6.6381,0.49932
2357.3,834,6.6433,0.49933
1726.4,1517.5,6.5998,0.49972
302.08,591.86,6.6441,0.49951
303.57,1042.2,6.6186,0.49971
873.68,1017.2,6.6245,0.49959
2683.6,476.65,6.6687,0.49909
304.83,978.06,6.6219,0.49968
886.24,1331.6,6.6074,0.49972
2786.7,475.26,6.6704,0.49906
2125.3,887.6,6.6387,0.49939
2347.7,840.27,6.6429,0.49934
2068.8,1434.7,6.6072,0.49964
2377.5,383.22,6.6735,0.49909
2106.6,1128.2,6.6258,0.49949
2344.5,1113.2,6.6282,0.49945
2530.6,556.32,6.6615,0.49917
1171.6,691.93,6.6442,0.49941
2125.7,904.85,6.6377,0.49939
2014.3,1429.3,6.6072,0.49964
281.66,286.76,6.6684,0.49932
314.79,980.41,6.6217,0.49968
2166.4,757.71,6.6462,0.49933
2570.4,918.28,6.6404,0.49933
300.4,1079.3,6.6163,0.49973
871.3,1194.4,6.6149,0.49967
2347.9,1124.9,6.6272,0.49946
474.83,873.29,6.6293,0.4996
419.05,441.52,6.6557,0.4994
2762.3,875.8,6.6446,0.49927
2732.3,510.53,6.6665,0.4991
2723.7,1044.8,6.6353,0.49935
338.54,1112.7,6.615,0.49973
2695.5,533.74,6.6645,0.49912
2543.9,644.62,6.6557,0.49921
302.09,1104.2,6.6149,0.49974
1146.8,1061.4,6.6237,0.49958
2351.9,1193.8,6.6233,0.49949
698.25,1502.5,6.5949,0.49984
2120.4,717.83,6.6481,0.49931
1012.7,1449.9,6.6008,0.49977
612.73,649.52,6.6432,0.49947
1188,709.19,6.6434,0.49942
2026.5,1430.6,6.6069,0.49964
2691.1,511.49,6.6659,0.49911
1243.1,1520.8,6.5963,0.49978
321.98,1105.7,6.6151,0.49973
322.73,1122.2,6.6141,0.49974
2018,1420,6.6075,0.49964
1376.9,907.82,6.6332,0.49948
470.61,838.13,6.6306,0.49959
853.06,1199.4,6.6139,0.49968
2547.4,893.28,6.6413,0.49933
1828.8,553.44,6.6563,0.49927
300.61,1127.9,6.6137,0.49975
2707.2,1379.9,6.6161,0.4995
2347,820.9,6.6435,0.49933
442.14,700.63,6.6384,0.49953
581.98,1596,6.5872,0.49991
304.98,975.45,6.6216,0.49968
2330.2,1212.5,6.6221,0.4995
1016,1357.6,6.6061,0.49972
627.97,1341.2,6.6047,0.49977
2363,1116.3,6.6275,0.49945
694.26,659.91,6.643,0.49946
2556.2,1117.7,6.6294,0.49942
2402.5,408.7,6.671,0.49911
291.57,695.9,6.6364,0.49957
2371.3,1011.5,6.6334,0.49941
2362.5,1118,6.6273,0.49946
653.1,641.02,6.6435,0.49946
331.05,1161.2,6.612,0.49975
466.06,1253.1,6.6083,0.49976
2699.5,535.99,6.6638,0.49913
246.35,281.84,6.6679,0.49933
327.05,1060,6.6179,0.49971
2258.8,1444.2,6.6073,0.49962
2577.8,1095.7,6.6304,0.49941
690.09,1575.2,6.5896,0.49988
1104.8,1453.1,6.6,0.49976
2564.1,1087.7,6.6307,0.49941
2452.8,1478.3,6.6065,0.49961
2112.4,886.76,6.638,0.49939
677.71,1178.9,6.614,0.49969
321.57,996.74,6.6204,0.49969
2494.9,1388.3,6.6127,0.49956
1823.4,552.36,6.6565,0.49927
1054.7,697.92,6.6428,0.49943
581.65,1595.7,6.587,0.49991
1961.9,371.21,6.6711,0.49915
2621.3,1177.1,6.6263,0.49943
292.77,1014.7,6.6191,0.49971
320.87,983.29,6.6211,0.49968
324.24,1125.5,6.6136,0.49974
713.82,1345.8,6.6047,0.49976
1166.5,708.11,6.6429,0.49942
315.48,978.28,6.6213,0.49968
2555.7,899.94,6.6411,0.49933
875.25,1518.7,6.5947,0.49982
278.55,586.82,6.6432,0.49952
2353.6,749.23,6.6473,0.4993
2441.6,1515.4,6.6037,0.49963
2352.6,735.83,6.648,0.49929
809.44,1350.1,6.605,0.49975
719.97,649.26,6.6432,0.49946
679.86,659.16,6.6426,0.49947
2559.4,926.2,6.6391,0.49934
978.31,679.07,6.643,0.49944
2235.4,1519.2,6.6013,0.49967
317.19,1160.9,6.6115,0.49976
2358.3,1150.4,6.6251,0.49947
284.84,934.42,6.6231,0.49968
2134.6,886.38,6.6376,0.4994
2457.9,1468.1,6.6069,0.49961
1336.7,1623.4,6.5883,0.49984
336.79,1101.4,6.6151,0.49973
2437.3,1502.3,6.6044,0.49963
2341.4,724.07,6.6485,0.49929
2440.9,1510.9,6.6042,0.49963
2558.4,669.76,6.6536,0.49923
2479.5,1425.3,6.61,0.49958
662.44,1293.1,6.6072,0.49975
2753.7,973.67,6.6383,0.49932
2371.5,825.3,6.6429,0.49933
2562.9,999.87,6.6353,0.49937
680.45,1294,6.6072,0.49974
2583.7,1001.7,6.6351,0.49937
2355.9,781.88,6.6452,0.49932
2689.5,1383,6.6149,0.49951
2148.7,1127.4,6.6251,0.49949
850.58,1193.5,6.6139,0.49968
2354.1,1061.2,6.6297,0.49944
2126.1,909.99,6.6364,0.49941
2152.3,719.98,6.6473,0.49932
2341.4,1168.5,6.6237,0.49949
2265.3,1456.3,6.606,0.49963
2357.1,801.15,6.6439,0.49933
630.32,652.47,6.6423,0.49948
770.6,1490.1,6.5954,0.49983
679.77,1164.5,6.6139,0.49969
662.78,1184.4,6.6126,0.4997
2169,934.48,6.6352,0.49941
2216.4,1529.1,6.6005,0.49968
2367.4,739.52,6.6475,0.4993
2678.7,444.56,6.6698,0.49908
2579.2,1080.6,6.6306,0.49941
1064.3,1287.4,6.6097,0.49969
306.35,1068.1,6.6159,0.49973
334.4,1062.9,6.6169,0.49972
2571.9,786.68,6.6465,0.49928
1103.6,875.71,6.6321,0.49951
2541,610.31,6.6568,0.49921
2367.6,740.33,6.6474,0.4993
2672.1,413.52,6.6722,0.49907
2344.3,689.98,6.6504,0.49928
2736.5,892.85,6.6424,0.49929
2340.4,702.68,6.6494,0.49929
2536.3,576.57,6.6589,0.49919
2345,648.7,6.6527,0.49926
2483.1,1429.9,6.6096,0.49958
2357.2,841.81,6.6412,0.49935
698.63,1187.5,6.6125,0.4997
760.26,1532.4,6.5919,0.49986
774.55,651.98,6.6429,0.49946
794.61,1503,6.5941,0.49984
884.8,860.9,6.6323,0.49953
1028.4,760.25,6.638,0.49947
330.58,1124.4,6.613,0.49975
1103.6,1337.6,6.6068,0.49971
2169.7,913.42,6.6361,0.4994
2483.8,344.61,6.676,0.49906
675.23,997.99,6.6226,0.49962
2071.8,1413.3,6.6075,0.49964
2807.1,522.46,6.6654,0.49909
2158.7,702.19,6.6484,0.49931
324.96,1109.9,6.6135,0.49974
322.21,1073.3,6.6155,0.49973
2343,1156.5,6.624,0.49948
2036.2,1417.3,6.6062,0.49965
330.02,1111.7,6.6135,0.49974
974.19,703.95,6.6407,0.49946
2709.5,1360.8,6.6159,0.4995
2659.4,1460.9,6.6089,0.49956
338.88,1075.9,6.6155,0.49972
2358.4,1148.5,6.6245,0.49948
2567.5,258.06,6.6862,0.49897
2355.8,768.82,6.6453,0.49932
340.63,1111.3,6.6137,0.49974
2336.5,1129.4,6.6253,0.49947
813.91,1349.4,6.6043,0.49976
1032.8,1054.9,6.622,0.4996
2370.1,773.36,6.6451,0.49932
2507.8,1419,6.6099,0.49958
2338,1187.8,6.6221,0.4995
339.95,1089.3,6.6147,0.49973
1198.1,696.7,6.6423,0.49943
2635.9,1497.8,6.6055,0.49959
782.37,1480.2,6.5954,0.49983
2235.4,1499.7,6.6021,0.49966
2155.6,946.58,6.6339,0.49942
2234.8,1479.9,6.6035,0.49965
319.12,703.92,6.635,0.49958
2368.8,1055,6.6296,0.49944
2348,728.71,6.6477,0.4993
876.45,1180.5,6.6137,0.49968
464.34,1110.5,6.6148,0.49971
701.99,647.42,6.6422,0.49947
713.3,1344.5,6.6038,0.49977
796.52,1501.3,6.5938,0.49984
2346.7,789.12,6.6439,0.49933
2372.2,824.54,6.6421,0.49934
2581.6,1041.5,6.6321,0.49939
2349,677.87,6.6504,0.49928
2020.5,1447.3,6.6039,0.49967
2701.2,713.46,6.6516,0.49922
2680.9,1402.6,6.6123,0.49953
2763.6,872.51,6.6431,0.49928
1962.2,442.64,6.6641,0.4992
2109.4,718.65,6.6463,0.49933
2520.9,488.33,6.6643,0.49915
647.61,1265.7,6.6078,0.49974
2327,1191.6,6.6216,0.4995
2440.8,1491.4,6.6042,0.49963
833.88,1188.4,6.6133,0.49968
2667.8,391.21,6.6734,0.49906
2797.5,995.15,6.6371,0.49932
2476.8,1449.4,6.6073,0.4996
2157,904.06,6.636,0.49941
2462.1,1495.7,6.6039,0.49963
1124.9,1358.8,6.605,0.49972
2326.4,489.27,6.6623,0.49919
2521.8,296.26,6.6811,0.49902
2505.4,1384.3,6.6117,0.49956
649.58,1319.9,6.6045,0.49977
326.12,1105.8,6.6133,0.49974
2167.1,722.07,6.6463,0.49932
1995.1,1457.5,6.6032,0.49968
840.59,1513.2,6.5933,0.49984
2681.5,1446.7,6.6099,0.49955
2729.3,813.55,6.646,0.49926
2489.6,1421.7,6.6092,0.49958
329.41,1087.1,6.6143,0.49974
2352.8,1181.7,6.6221,0.4995
2170.5,905.68,6.6359,0.49941
691,1243.8,6.6094,0.49973
2652.2,1473.3,6.6075,0.49958
2449.7,379.17,6.6719,0.4991
453.47,748.63,6.634,0.49956
2693.4,983.79,6.6361,0.49935
2521.3,1380.8,6.6119,0.49956
2565,951.53,6.6368,0.49936
528.88,538.86,6.6478,0.49944
2752.6,1017.7,6.6351,0.49934
292.86,664.24,6.6366,0.49957
2753.3,967.16,6.6379,0.49932
2247,1457.2,6.6047,0.49964
2344.7,743.9,6.6461,0.49931
2156.5,933.49,6.6342,0.49942
367.88,1471.6,6.593,0.4999
2683,1400.6,6.6124,0.49953
2653.7,1492.1,6.6063,0.49959
860.03,574.91,6.6475,0.49941
2121.2,1282.6,6.6146,0.49958
1145.6,1545.1,6.5921,0.49982
2156.9,925.48,6.6346,0.49942
2020,1447.8,6.6035,0.49967
454.91,780.66,6.632,0.49958
2525.1,504.62,6.6628,0.49916
702.08,1249.2,6.6082,0.49973
2113.1,700.96,6.6475,0.49932
341.75,1187.6,6.6089,0.49978
337.36,1171.7,6.6103,0.49977
2733.5,1035.1,6.6338,0.49936
2235.5,342.76,6.6741,0.4991
447.25,834.42,6.6289,0.4996
2588.4,873.33,6.6412,0.49932
829.76,851.63,6.6312,0.49954
1220.1,698.2,6.6418,0.49943
1850.7,534.54,6.6559,0.49927
775.61,1478.1,6.5947,0.49983
264.82,285.14,6.666,0.49934
2459.5,1513.2,6.6024,0.49964
681.69,1175.1,6.6125,0.4997
2589.7,667.54,6.6525,0.49923
2653.5,1470.9,6.6073,0.49958
2019.1,348.97,6.6718,0.49914
444.69,684.28,6.6374,0.49954
2127.1,902.8,6.6354,0.49941
856.31,1259.5,6.6084,0.49972
763.1,1537.8,6.5911,0.49986
683,1267.8,6.6073,0.49974
2492.3,1446,6.6072,0.4996
329.27,1074.1,6.6146,0.49973
2340.1,685.51,6.6492,0.49929
2418.1,392.68,6.6706,0.49911
2671.7,1458.2,6.6081,0.49957
280.61,583.53,6.6418,0.49953
2376.5,1392.8,6.6092,0.4996
897.18,1261.6,6.6085,0.49971
2264.1,363.37,6.6724,0.49911
833.78,1278.4,6.6076,0.49973
2338.6,1109.3,6.6256,0.49947
335.42,987.63,6.6192,0.4997
2501.9,330.8,6.6765,0.49906
2699.3,531.88,6.6624,0.49914
851.01,895.49,6.6286,0.49956
2248,1477.1,6.603,0.49966
2221.4,1480,6.6026,0.49966
2764.6,910.4,6.6402,0.4993
2179.4,890.84,6.6359,0.4994
477.77,1124.6,6.6135,0.49972
1106.3,878.57,6.6307,0.49952
856.5,1214.4,6.6112,0.4997
2481.1,1437.5,6.6075,0.4996
298.81,1066.3,6.6145,0.49974
1989.1,488.94,6.6595,0.49924
343.11,1187.2,6.6087,0.49978
2781.7,314.72,6.681,0.49898
2331.8,1160.5,6.6226,0.4995
2741,934.18,6.6386,0.49932
655.5,1240.8,6.6088,0.49974
367.17,1475.1,6.5925,0.4999
2666.5,1441.3,6.6091,0.49956
2471.4,360.33,6.6733,0.49909
325.71,1065.7,6.6148,0.49973
889.97,1492,6.5944,0.49983
2233.3,1499.1,6.6013,0.49967
347.58,1187.7,6.6086,0.49978
897.75,1216.9,6.6112,0.49969
874.82,576.77,6.647,0.49942
2567.6,1028.6,6.6318,0.4994
2347.9,1076.6,6.6275,0.49946
245.3,290.51,6.6651,0.49936
621.5,638.49,6.6412,0.49948
300.43,1080.1,6.6137,0.49975
2353.1,1179.7,6.6216,0.4995
2112,1296.7,6.6129,0.49959
893.42,1281.1,6.6076,0.49972
1100.5,1193.6,6.6132,0.49966
306.85,1179.8,6.6085,0.49979
2252.7,1437.3,6.6057,0.49964
874.76,898.22,6.6283,0.49956
454.19,735.72,6.634,0.49956
541.69,947.41,6.6231,0.49964
344.85,1127.6,6.6116,0.49975
2591.6,1011,6.6327,0.49939
2206.4,1500.6,6.6007,0.49968
2496.8,1434.7,6.6075,0.4996
974.12,695.17,6.6402,0.49946
2743.9,963.06,6.6368,0.49933
2468.9,1463.2,6.605,0.49962
647.85,1177,6.6116,0.49971
984.22,1525.9,6.5919,0.49984
765.42,1445.2,6.5971,0.49982
2202.6,1519.8,6.5992,0.49969
2460.9,1473.2,6.6045,0.49962
293.02,632.32,6.6378,0.49956
311.02,994.94,6.6181,0.49971
2741.3,1166,6.6263,0.49942
2191.2,1520.5,6.5991,0.49969
2553.6,1353.7,6.613,0.49955
337.92,1161.2,6.6102,0.49977
2217.6,1499.5,6.6008,0.49968
2666.2,1469.1,6.607,0.49958
2669.8,1428.7,6.6097,0.49956
2495.5,1374.1,6.6112,0.49957
337.28,1001.5,6.618,0.49971
2477.2,1470.9,6.6048,0.49962
2793.4,526.43,6.6631,0.49912
282.1,617.56,6.639,0.49955
2168.5,1073.4,6.6254,0.49949
2109.2,1110.4,6.623,0.49951
2262.5,1454.1,6.6042,0.49965
2675.7,1412.8,6.6107,0.49955
2702,1322.9,6.6161,0.4995
302.94,1003.7,6.6179,0.49971
2513.4,1401.8,6.6094,0.49958
2341.2,1087.5,6.6261,0.49947
2117.2,1314.8,6.6115,0.4996
899.99,1202.7,6.6112,0.49969
2159.4,1134.7,6.622,0.49952
2366,685.74,6.6487,0.49929
2169.1,720.76,6.6453,0.49933
339.43,1126.1,6.6113,0.49976
2801,529.77,6.6632,0.49911
2171.4,893.07,6.6354,0.49941
1252.6,1531.2,6.5927,0.49981
2663.6,1442.5,6.6086,0.49957
2681,1397.6,6.6116,0.49954
2246.6,1476.9,6.6024,0.49966
281.91,613.62,6.6391,0.49955
2192.7,1528.2,6.5986,0.4997
2784.8,988.28,6.6364,0.49933
2555.7,259.77,6.6845,0.49899
698.68,1177.1,6.6118,0.49971
2772.4,901,6.6402,0.4993
2158.3,891.63,6.6354,0.49941
2694.5,499.67,6.6638,0.49913
469.82,1149.5,6.6112,0.49974
542.99,948.88,6.6226,0.49964
2386.3,1362.4,6.6104,0.49959
1073.1,1205.3,6.6123,0.49967
1090.8,1287.9,6.6077,0.49971
2792.3,343.78,6.6776,0.499
2347.7,1447.8,6.6046,0.49964
1160.8,1523.6,6.5928,0.49982
449.75,839.81,6.6277,0.49961
835.69,1501.7,6.5924,0.49985
2222.1,1491.6,6.601,0.49967
537.72,751.37,6.6335,0.49955
2444.9,1497.2,6.6024,0.49964
2507.8,1370.7,6.6112,0.49957
834.32,1328.9,6.6038,0.49976
339.36,1071,6.6142,0.49974
702.16,1294.9,6.6049,0.49976
689.71,647.97,6.6404,0.49948
2791.5,497.04,6.6647,0.4991
801.79,1547.2,6.5889,0.49988
1968.5,371.18,6.6682,0.49917
2249.5,1427.6,6.6054,0.49964
573.39,1311.5,6.6035,0.49979
986.43,1539.6,6.5909,0.49985
306.22,1084.2,6.6129,0.49975
326.19,1001.2,6.6175,0.49971
799.3,1547.9,6.5889,0.49988
2521.5,1388.7,6.6104,0.49957
331.31,986.83,6.6183,0.4997
700.36,1180.8,6.6113,0.49971
2665.9,1489,6.605,0.49959
273.54,285.87,6.665,0.49935
791.31,1489.6,6.5929,0.49985
1042.1,1510.9,6.5932,0.49982
2524,1367.3,6.6114,0.49956
669.12,1592.6,6.585,0.49992
284.53,732.3,6.6316,0.49961
2735.1,986.66,6.6352,0.49935
668.57,660.11,6.6397,0.49949
1815.6,449.52,6.661,0.49924
300.78,1063.5,6.6139,0.49975
683.02,1249.7,6.6071,0.49975
2241.6,1442.5,6.6043,0.49965
2786.1,996.98,6.6353,0.49934
333.93,1073,6.6144,0.49974
1144.3,1527.7,6.592,0.49982
332.71,1141.7,6.6099,0.49977
343.36,1093.5,6.6128,0.49975
2355.2,1048.7,6.6279,0.49945
321.98,1183.1,6.6076,0.49979
2206.7,1511.7,6.5993,0.49969
2450.4,1487,6.6029,0.49964
2677,1409.4,6.6104,0.49955
1815.1,538.6,6.654,0.49929
2586.6,909.35,6.6375,0.49935
2761.8,866.25,6.642,0.49929
2078.6,230.24,6.6842,0.49904
669.95,1246.8,6.6067,0.49975
896.06,1192.1,6.6118,0.49969
1108.2,1664.6,6.5812,0.49991
2683,1454,6.6071,0.49957
431.94,1638.4,6.5798,0.49999
2350,809.64,6.6408,0.49935
2671.5,1454.4,6.6074,0.49957
1776.1,1469.4,6.5996,0.49972
1726.7,1506.2,6.597,0.49974
1246,1540.6,6.5915,0.49982
2269.3,362.2,6.6712,0.49912
311.98,1082.7,6.6128,0.49975
2725,996.27,6.6343,0.49935
2746.9,743.47,6.6481,0.49924
2511.9,1401.1,6.6089,0.49958
736.94,666.84,6.6396,0.49949
479.66,1082.2,6.6145,0.49971
1742.9,427.45,6.6622,0.49923
861.09,462.89,6.654,0.49936
2664.9,1470.2,6.6063,0.49958
898.73,1263.6,6.6074,0.49972
2731.5,794.71,6.6453,0.49927
897.31,1196.6,6.6113,0.49969
2343.1,1066.1,6.6266,0.49946
2370.2,1039,6.6283,0.49945
332.12,1161.2,6.6087,0.49978
2713.3,1342.3,6.6151,0.49951
2578.7,250.63,6.6847,0.49898
2398.9,1327.8,6.6128,0.49957
2353.5,439.3,6.6645,0.49917
2702.5,1379.8,6.6126,0.49953
979.31,704.81,6.639,0.49947
320.05,1182,6.6075,0.49979
301.12,979,6.6179,0.49971
2491.1,1348.5,6.6119,0.49956
2212.9,1530.3,6.5975,0.4997
766.55,1474.5,6.5937,0.49984
2122.5,1273,6.6135,0.49959
2722.5,1235.7,6.6208,0.49946
2678.1,1135.1,6.6256,0.49943
879.3,867.21,6.6287,0.49956
2348.8,777.19,6.6424,0.49934
1068.9,1503.1,6.5938,0.49982
2464.6,1461.6,6.6044,0.49962
707.2,1578.5,6.586,0.49991
2481.4,1482.9,6.6027,0.49964
2466.3,1484.6,6.6028,0.49964
335.27,1128.1,6.6104,0.49977
670.46,1248.6,6.6066,0.49975
323.42,734.09,6.6317,0.4996
320.37,639.22,6.6367,0.49956
1938.9,474.3,6.6589,0.49924
2214.1,1516,6.5986,0.49969
458.44,687.03,6.6354,0.49955
2577.7,773.61,6.6442,0.4993
2178.7,1531.7,6.5972,0.49971
333.22,1000.5,6.617,0.49971
2677.4,1406.8,6.61,0.49955
719.12,666.03,6.6392,0.49949
1243,1537,6.5917,0.49982
319.75,1182.6,6.6072,0.49979
670.98,1260.8,6.6059,0.49976
2481.2,1459,6.6046,0.49962
293.08,563.26,6.6411,0.49953
2509.7,1431,6.6063,0.4996
2618,221.73,6.6885,0.49895
2106.6,1311.7,6.6112,0.4996
2351.6,666.3,6.6488,0.49929
826.88,849.15,6.6293,0.49956
2373.9,791.58,6.6416,0.49934
306.62,598.18,6.6393,0.49955
337.82,948.21,6.6198,0.49969
2199.6,1518.7,6.5982,0.4997
468.16,1092.3,6.6134,0.49972
2750.9,835.15,6.6429,0.49928
365.14,1216.4,6.6058,0.4998
2589.9,952.94,6.6344,0.49937
2451.6,1485.9,6.602,0.49964
888,1452,6.5955,0.49982
2249.5,1576.7,6.5944,0.49972
2742.8,1024.7,6.6326,0.49937
349.57,1188.3,6.6069,0.49979
339.94,1027.1,6.6156,0.49972
879.85,1261.2,6.6069,0.49973
886.13,1487.5,6.5934,0.49983
874.08,1273.7,6.6063,0.49973
412.62,440.94,6.6516,0.49943
2580.7,1058.1,6.6288,0.49942
604.32,652.86,6.639,0.4995
2689.8,465.78,6.6653,0.49912
314.73,1107.8,6.611,0.49977
464.72,650.18,6.638,0.49953
315.6,1168.3,6.6083,0.49979
799.57,1451.2,6.5947,0.49983
762.21,654.98,6.6396,0.49948
705.45,1561.7,6.5869,0.4999
859.12,1261.3,6.6069,0.49973
880.49,1259,6.6069,0.49973
796.07,1546.1,6.5881,0.49988
2775.3,653.87,6.6536,0.49919
732.96,1487.4,6.5919,0.49986
2487.1,350.7,6.6726,0.49909
2329.4,1473.1,6.6018,0.49966
2796.7,913.02,6.639,0.4993
1836.1,539.68,6.6533,0.4993
2566.9,1045.1,6.6293,0.49942
2332.3,488.53,6.6601,0.4992
684.95,1261.4,6.6057,0.49976
860.32,1202.5,6.6101,0.49971
706.15,1218.4,6.608,0.49974
861.08,654.28,6.6408,0.49947
2739.8,828.45,6.643,0.49928
308.86,1067.8,6.6136,0.49975
913.09,1493.1,6.5928,0.49984
2512.3,326.58,6.6751,0.49907
2508.6,1370.3,6.6099,0.49958
2705.4,986.13,6.6343,0.49936
857.61,1016.4,6.6203,0.49963
1100,1206.4,6.6113,0.49968
2557.3,666.18,6.6506,0.49925
2730.7,624.88,6.6544,0.4992
506.33,1432.1,6.5943,0.49987
2747.2,1158.7,6.625,0.49942
2413.6,410.52,6.6669,0.49914
2650.9,1465.6,6.6055,0.49959
2092,230.47,6.6835,0.49904
851.06,1450.7,6.5949,0.49983
2528.3,311,6.6767,0.49905
463.02,734.86,6.6322,0.49957
818.79,1486.4,6.5924,0.49985
2235.3,1467.1,6.6017,0.49967
340.93,1113.7,6.6107,0.49976
349.81,1152.1,6.6088,0.49978
2583.8,1043.6,6.6291,0.49942
910.53,1452.4,6.595,0.49982
1082.6,1678.1,6.5787,0.49993
858.69,1217.5,6.6092,0.49971
2600.3,240.78,6.6854,0.49897
870.68,1517.3,6.5908,0.49986
2591.3,936.24,6.6355,0.49937
2393.6,1299.1,6.6136,0.49956
2581.5,251.67,6.6838,0.49899
2553.3,1072.8,6.6274,0.49943
2374.3,443.32,6.6639,0.49917
262.96,293.01,6.6632,0.49937
1015.8,1534.4,6.5899,0.49985
2728.5,943.39,6.6363,0.49934
2336.1,1028.1,6.628,0.49945
2424,1514.9,6.5995,0.49967
2359.3,1419.1,6.6053,0.49963
1080,1211.4,6.6103,0.49969
306.02,1118.2,6.61,0.49977
289.73,734.23,6.6304,0.49962
2235.9,1458.7,6.6023,0.49966
2517.5,1379.8,6.6095,0.49958
2167.7,873.72,6.6354,0.49941
1245.3,830.96,6.6321,0.4995
841.64,603.76,6.6434,0.49945
2733.8,823.5,6.6431,0.49928
2683.9,433.46,6.6672,0.4991
1141.2,1548.5,6.5897,0.49984
480.98,1093.4,6.6126,0.49973
1110.1,1037.6,6.6199,0.49961
2572,937.72,6.6347,0.49937
297.26,977.52,6.6171,0.49972
902.46,1231.2,6.6081,0.49972
904.62,1501.5,6.5919,0.49984
2811.6,933.68,6.6379,0.49931
2559.9,686.7,6.6483,0.49927
546.94,951.29,6.6211,0.49965
2250.1,1464.8,6.6017,0.49967
2215.8,340.91,6.6717,0.49912
306.31,556.82,6.6415,0.49953
2563.9,1082.6,6.6268,0.49944
2233.8,1467.8,6.6013,0.49967
1828.2,439.21,6.6603,0.49924
661.09,996.4,6.6196,0.49965
900.46,1219.8,6.6089,0.49971
2498.5,1351.8,6.6114,0.49957
2262.7,1416.1,6.6048,0.49964
307.11,1120.4,6.6097,0.49978
333.48,1148.5,6.6084,0.49978
1987.2,1535.3,6.5956,0.49974
2343.1,673.81,6.6475,0.4993
902.44,1204.9,6.6097,0.49971
1076.3,1268.1,6.6068,0.49971
2506,1419.3,6.6069,0.4996
291.11,735.99,6.63,0.49962
991.72,709.64,6.6379,0.49948
2550.6,466.74,6.6629,0.49916
1033.8,761.31,6.6345,0.4995
883.1,1503.2,6.591,0.49985
708.8,1298.8,6.6028,0.49978
2581.8,1102.1,6.626,0.49944
860.45,1272.9,6.6055,0.49974
856.92,901.89,6.6258,0.49958
900.84,1274.9,6.6056,0.49974
2494.9,1431.2,6.6054,0.49961
1080,1676.4,6.5786,0.49993
2731.1,684.06,6.6504,0.49923
2133.4,1259.5,6.6129,0.49959
597.29,768.24,6.6319,0.49956
2326.7,1220.5,6.6166,0.49954
2797.9,947.66,6.6366,0.49932
2579.9,1082.1,6.6264,0.49944
298.61,990.96,6.6161,0.49973
2737.6,687.83,6.65,0.49923
799.27,1471.2,6.5929,0.49985
2577.4,633.31,6.6517,0.49924
329.21,346.09,6.6579,0.4994
2233.7,1487.6,6.5997,0.49968
2136.1,952.52,6.6298,0.49946
2565.9,1090.5,6.6256,0.49945
308.79,1142.6,6.6082,0.49979
459.1,694.14,6.6344,0.49956
590.77,653.25,6.6379,0.49951
298.25,974.6,6.6169,0.49972
2592.7,863.78,6.6385,0.49934
334.6,1145.3,6.6084,0.49978
823.36,1446.6,6.595,0.49983
341.05,1005.5,6.6158,0.49972
2067.3,1265.7,6.6123,0.4996
2115.8,1276.4,6.6116,0.4996
790.53,1471.2,6.5927,0.49985
352.4,1165.2,6.6074,0.49979
2480.8,1456.7,6.6033,0.49963
1098.8,1268.9,6.6066,0.49971
2164.6,339.28,6.6707,0.49914
450.82,727.11,6.6321,0.49958
1080.9,1674.7,6.5786,0.49993
1898.2,475.27,6.6577,0.49926
2204.2,1508.4,6.5979,0.4997
2671.4,1448.6,6.6063,0.49958
2756.3,746,6.647,0.49925
2653.3,1456.7,6.6053,0.49959
2490.8,1392.1,6.6082,0.49959
297.52,736.41,6.6298,0.49962
2349,1441.2,6.6038,0.49964
256.61,283.54,6.6631,0.49937
2210,1507.4,6.5976,0.4997
2664.7,1454.8,6.6056,0.49959
2544,541.74,6.657,0.4992
2638.1,1484.8,6.6032,0.49961
2522.6,1365.4,6.6095,0.49958
2586.2,1087.6,6.6261,0.49944
2112.5,1089,6.622,0.49952
574.63,1449.4,6.5928,0.49987
2493.8,1455.3,6.6033,0.49963
346.41,1163.4,6.6073,0.49979
315.64,1156.9,6.6073,0.49979
2477.7,1431.2,6.6052,0.49962
1103.9,1212.1,6.6098,0.49969
340.02,1150.2,6.608,0.49978
2731.8,636.98,6.653,0.49921
2756.9,727.6,6.6479,0.49924
488.48,1160.7,6.6087,0.49976
989.52,1538.5,6.5888,0.49986
919.59,1468.4,6.5935,0.49983
2420.6,395.93,6.6675,0.49914
484.79,1105.1,6.6117,0.49973
2378.1,688.28,6.6462,0.49931
2684.2,331.59,6.6753,0.49904
2569.6,1005.8,6.6304,0.49941
2732.8,791.03,6.644,0.49928
2552.3,1088.2,6.6257,0.49945
2469.9,1445.6,6.6041,0.49963
1917.6,481.48,6.6572,0.49926
2107.2,1304.9,6.6105,0.49961
314.92,1144.2,6.6079,0.49979
2526.7,315.96,6.6752,0.49906
2784.7,514.93,6.6618,0.49913
891.91,1257.3,6.6065,0.49973
2292.2,1520,6.5971,0.4997
689.82,1168.4,6.6095,0.49973
309.94,993.84,6.6157,0.49973
300.17,735.06,6.6294,0.49962
323.5,673.17,6.6332,0.49959
2584.9,997.65,6.6309,0.4994
2589.1,914.63,6.6351,0.49937
2573.4,1010.8,6.6296,0.49941
2345.1,1052.9,6.6257,0.49947
2250.8,1416.5,6.604,0.49965
2386.6,836.14,6.6378,0.49937
982.58,1484.7,6.5925,0.49983
2794.1,980.18,6.6339,0.49934
763.95,1458.4,6.5931,0.49985
672.62,1187.5,6.6085,0.49974
783.35,1488.6,6.5909,0.49986
370.72,1406.5,6.5939,0.49989
1641.3,653.72,6.6439,0.49938
2561.9,1017.2,6.6291,0.49942
2577.3,1096.2,6.6254,0.49945
2109.2,1269.8,6.6119,0.4996
2671.6,377.42,6.6709,0.49908
2118.7,1071.9,6.623,0.49951
2743.5,1010.1,6.6315,0.49937
495.28,1490.1,6.5893,0.49991
2170.6,759.33,6.6402,0.49937
783.52,1488.1,6.5909,0.49986
692.43,1246.2,6.6051,0.49976
2698.8,497,6.6617,0.49915
2257.3,1423.2,6.6036,0.49965
906.89,858,6.6278,0.49956
2586.6,1004.4,6.63,0.49941
800.49,1501.9,6.5901,0.49987
2567.1,1086.9,6.6252,0.49945
2368.6,1114.7,6.622,0.4995
2052.3,1431.6,6.6013,0.49969
724.51,1496.7,6.5898,0.49988
2735,796.75,6.643,0.49929
2785.6,692.16,6.6501,0.49922
840.68,1273.5,6.6047,0.49975
1218.3,715.95,6.6377,0.49946
345.52,1128,6.6089,0.49978
2636.3,208.75,6.6889,0.49894
879.31,1203.1,6.6088,0.49971
2724.3,1187.3,6.6216,0.49945
2486.4,1442.7,6.6042,0.49962
2151.6,1112.8,6.6205,0.49953
2374.7,759.27,6.6419,0.49934
839.25,895.73,6.6253,0.49959
677.38,646.65,6.6381,0.4995
2217.5,1507.1,6.5976,0.4997
882.81,1285,6.604,0.49975
480.09,1100.6,6.6115,0.49973
344.14,1029.2,6.614,0.49974
1122.3,1207.5,6.6101,0.49968
720.68,1327.7,6.6004,0.49979
2367.4,655.39,6.648,0.49929
2430.9,393.4,6.6673,0.49914
2716.9,756.59,6.6454,0.49927
1132.5,1534.7,6.5894,0.49985
2168.8,338.35,6.6703,0.49914
2535.9,1361.7,6.6092,0.49958
474.56,706.64,6.6327,0.49957
497.07,1106.6,6.611,0.49974
2370.3,634.14,6.649,0.49929
2571.6,677.41,6.648,0.49927
311.16,1155.4,6.6069,0.4998
2220.5,1467.8,6.6002,0.49968
1114.1,1664.5,6.5788,0.49993
1120.2,1271.6,6.6062,0.49971
2715.1,1312.3,6.6144,0.49951
305.48,992.92,6.6154,0.49973
2761.9,1021.8,6.6311,0.49937
2273.6,1540.7,6.5951,0.49972
307.46,1105.4,6.6095,0.49978
958.42,1496.9,6.5914,0.49984
2253.1,1462.7,6.6005,0.49968
2002,357.18,6.6673,0.49917
2696.9,1331.2,6.6133,0.49952
321.62,1157.9,6.6069,0.4998
1572.2,1614.5,6.586,0.49984
673.83,1199.8,6.6076,0.49974
1411.1,1607.3,6.5854,0.49986
313.99,1119.5,6.6088,0.49978
2443.4,1401.7,6.6062,0.49961
482.75,1097.8,6.6117,0.49973
864.64,1228.6,6.6069,0.49973
877.4,1286,6.604,0.49975
2722.1,1228.3,6.6195,0.49947
2430.7,526.81,6.6566,0.49922
858.87,1303,6.603,0.49976
803.88,794.58,6.6306,0.49955
879.56,1304.2,6.6031,0.49976
2368.6,669.65,6.6469,0.4993
346.82,1150.8,6.6074,0.49979
1051.6,1285.6,6.6051,0.49973
2813.4,986.35,6.634,0.49934
2272.7,1420.1,6.6036,0.49965
644.01,642.5,6.6379,0.49951
2065,1301.5,6.6099,0.49962
2333.4,1176.3,6.6186,0.49953
2462.7,1456.2,6.6028,0.49964
859.3,927.8,6.6235,0.4996
689.43,1299.3,6.602,0.49979
2827.4,977.23,6.6347,0.49933
329.77,1396.1,6.5936,0.4999
2482.9,1307.9,6.6122,0.49956
2584.3,1249.7,6.6165,0.49952
2693.1,463.03,6.6639,0.49913
2555.8,1092.2,6.6246,0.49946
2039.8,1456.9,6.6,0.4997
2105.6,1069.9,6.6226,0.49952
484.19,1156.3,6.6084,0.49976
1931.9,469.95,6.6572,0.49926
2222.4,1504.6,6.5972,0.4997
2793.6,706.95,6.6486,0.49923
2380.4,800.99,6.6389,0.49936
2374.4,1074.3,6.624,0.49948
2582.6,1035.9,6.6282,0.49942
461.06,638.61,6.6364,0.49954
335.43,1071.8,6.6114,0.49976
310.23,981.05,6.6158,0.49973
277.99,534.53,6.6414,0.49953
2777.7,466.54,6.6645,0.49911
2659.7,1460.4,6.6044,0.4996
2374.6,702.61,6.6446,0.49932
342.03,1076.3,6.6112,0.49976
459.7,716.81,6.6319,0.49958
2561.3,621.33,6.6515,0.49925
883.84,1018.9,6.6186,0.49964
351.42,1131.2,6.6084,0.49978
2765.4,950.68,6.635,0.49934
465.3,759.53,6.6292,0.4996
2774.2,897.32,6.6376,0.49932
1081.1,1239.2,6.6073,0.49971
2368.1,656.53,6.6476,0.4993
2562.5,902.37,6.6351,0.49937
2267.6,1412.9,6.6034,0.49965
2732.9,909.82,6.6366,0.49934
2126,774.17,6.6391,0.49939
2373.6,726.8,6.6433,0.49933
2570.8,1048.5,6.6268,0.49944
2796.4,522.35,6.6604,0.49914
878.95,1261.6,6.6051,0.49974
1773.7,1452.8,6.5979,0.49973
2343.8,657.25,6.6472,0.4993
308.72,1063.9,6.611,0.49977
2272.3,1420.9,6.6033,0.49965
2732.9,899.07,6.6368,0.49933
2217.9,1505.2,6.5973,0.4997
2593.1,997.7,6.6301,0.49941
2521.5,249.55,6.682,0.49901
2463.2,1479.5,6.6007,0.49965
2551.6,549.75,6.656,0.49921
683.8,998.93,6.6182,0.49966
1123.2,1269.3,6.6056,0.49972
2559.3,1054.7,6.6264,0.49944
2373.3,664.98,6.6466,0.4993
2358.3,828.78,6.6375,0.49938
1094.3,1270.5,6.6057,0.49972
2154.6,1092.2,6.6211,0.49952
2809.7,900.98,6.6378,0.49931
2373.8,728.47,6.6431,0.49933
901.67,1276.7,6.6043,0.49975
836.41,1175.5,6.6095,0.49971
2754.6,819.6,6.6418,0.49929
839.17,1508.9,6.5891,0.49987
2534.2,1337,6.611,0.49957
2579.5,1074.1,6.6259,0.49944
675.35,1214.7,6.6061,0.49975
2741.3,801.21,6.6425,0.49929
694.3,1272.3,6.603,0.49978
2404.1,396.25,6.6666,0.49915
488.48,1124.8,6.6098,0.49975
2687.8,1085.4,6.6262,0.49943
2603.6,1181.1,6.6202,0.49948
2451.2,1567.3,6.5944,0.49971
2358,707.79,6.6439,0.49933
552.68,815.43,6.627,0.4996
312.8,1156,6.6064,0.4998
883.36,930.46,6.6231,0.4996
2733.6,625.53,6.6524,0.49921
2124.3,1260.4,6.6118,0.4996
2276.4,1411.2,6.6038,0.49965
772.99,1434.2,6.5939,0.49984
311.57,1139.3,6.6073,0.4998
2676.8,1421.8,6.6065,0.49958
2338.9,1145,6.62,0.49952
330.34,1009.1,6.6146,0.49973
2800.1,518.89,6.6607,0.49913
2059.5,1415.8,6.6017,0.49968
337.62,984.93,6.6157,0.49972
321.83,1144.9,6.607,0.4998
1070.6,1309.9,6.6033,0.49974
2737.9,701.07,6.6481,0.49924
301.83,964.46,6.6165,0.49973
843.91,1198.1,6.6083,0.49972
2453.7,1469.1,6.6014,0.49965
327.41,360.09,6.6555,0.49941
2787.8,306.01,6.6782,0.499
2023.9,1404,6.6029,0.49968
299.7,692.23,6.6314,0.49961
2074.3,1307.2,6.6083,0.49963
747.86,654.46,6.6374,0.4995
325.35,544.11,6.6409,0.49953
969.03,681.29,6.6371,0.49949
2557.7,584.15,6.6533,0.49923
2359.2,746.12,6.6413,0.49935
2559.4,649.3,6.6488,0.49927
2521.1,1414.6,6.6054,0.49961
864.69,1283.1,6.6031,0.49976
2384.4,793.04,6.6389,0.49936
2141.7,777.18,6.638,0.49939
2250.2,341.11,6.6702,0.49913
655.97,1246.6,6.6042,0.49977
2763.4,988,6.6321,0.49937
2223,1484.9,6.5979,0.4997
1134.2,1644.5,6.5803,0.49992
1120.6,1282.6,6.6049,0.49973
2463.2,1431.3,6.6039,0.49963
914.04,1336.1,6.6003,0.49978
776.41,682,6.6357,0.49951
2560.7,1312.8,6.612,0.49955
314.77,1093,6.61,0.49977
2684.7,319.01,6.6761,0.49904
2338.6,1156.8,6.6185,0.49953
2573.8,915.28,6.6341,0.49938
2371.9,635.3,6.6481,0.49929
2393.9,1485.3,6.5995,0.49967
2722.4,1205.7,6.6198,0.49947
647.66,1159.3,6.6088,0.49974
790.39,1460.6,6.5918,0.49986
2583.7,1249.9,6.6158,0.49952
312.65,718.44,6.6296,0.49962
468.74,768.16,6.6282,0.49961
612.57,1614.8,6.58,0.49997
864.2,873.97,6.6253,0.49959
2698,1327.2,6.6127,0.49953
2787.3,935.11,6.6357,0.49933
338.39,1091.6,6.6098,0.49977
2098.4,1272.3,6.6103,0.49961
2698.9,1325.2,6.6127,0.49953
1118.5,1284.5,6.6047,0.49973
1765.5,415.76,6.66,0.49925
2470.5,1466.3,6.6015,0.49965
484.19,1118.9,6.6096,0.49975
2123,948.15,6.6289,0.49947
1013.9,718.64,6.6359,0.49949
2492.6,1426.3,6.6043,0.49962
313.89,1158.4,6.606,0.49981
2463.4,1477.7,6.6006,0.49965
322.48,599.63,6.6371,0.49956
318.85,1155.5,6.6067,0.4998
1929.8,470.73,6.6565,0.49926
2343.6,1125.9,6.6201,0.49951
2026.7,347.59,6.6679,0.49917
2687.9,430.68,6.6656,0.49912
323.78,628.39,6.6353,0.49957
303.94,716.02,6.6295,0.49962
2678.8,1133,6.6232,0.49945
2717.3,1347.2,6.6114,0.49954
2434,524.37,6.6559,0.49923
2220.7,338.96,6.67,0.49914
904.29,1308.3,6.6016,0.49977
1112,1266,6.606,0.49972
705.35,1217.8,6.6059,0.49975
2172,740.82,6.6401,0.49937
2689.6,1389.6,6.6086,0.49956
2142.6,335.97,6.6695,0.49915
2572.6,259.81,6.681,0.49901
2364.4,1119.7,6.6206,0.49951
2735,1015.8,6.63,0.49939
2267.5,1435.4,6.6015,0.49967
339.7,1004.1,6.6143,0.49974
842,900.63,6.6239,0.4996
1248.9,1536.6,6.5888,0.49984
2123.6,941.1,6.6293,0.49946
654.83,1185.6,6.6072,0.49975
2437.3,1492.4,6.5993,0.49967
2563.8,1282.8,6.6135,0.49954
2446.1,1479.3,6.6002,0.49966
2691.9,1387.3,6.6088,0.49956
2332.9,1186.8,6.6165,0.49954
2601.6,248.27,6.6825,0.499
2477.5,366.93,6.6685,0.49912
455.43,760.17,6.6286,0.4996
655.46,1197.8,6.6065,0.49975
2171.5,776.81,6.6385,0.49939
2589.7,1047.9,6.6267,0.49944
2276.9,1408.9,6.6034,0.49965
2129.8,757.22,6.6387,0.49939
464.14,726.04,6.6307,0.49959
323.15,595.49,6.6372,0.49956
575.07,1196.5,6.606,0.49977
2194.1,1539.7,6.5939,0.49973
2800.2,557.85,6.6579,0.49916
797.17,1519,6.588,0.49989
314.41,693.68,6.631,0.49961
2380.6,768.67,6.6398,0.49936
2303,353.2,6.6684,0.49914
696.21,1298.4,6.6009,0.49979
2644.7,1454.4,6.6037,0.49961
340.67,1028.3,6.6128,0.49975
465.83,727.77,6.6301,0.49959
1115.7,1314.9,6.6026,0.49974
2550.4,528.83,6.6565,0.49921
826.9,1473.6,6.5907,0.49986
329.63,1001.2,6.6142,0.49974
761.93,699.37,6.6346,0.49952
344.66,1073.2,6.6105,0.49976
2362.4,1147.6,6.6189,0.49952
2159.8,1086.3,6.6211,0.49952
2754.1,787.64,6.6427,0.49928
2787.2,468.22,6.6632,0.49912
473.54,1069.1,6.6119,0.49973
564.57,513.66,6.6447,0.49946
2448.1,1456,6.6016,0.49965
845.02,1215.1,6.6067,0.49973
2685.2,1352.4,6.6105,0.49955
1868,551.3,6.6499,0.49932
588.67,767.04,6.6292,0.49958
2556.8,614.65,6.6504,0.49925
2678.8,1133.6,6.6229,0.49945
2247.5,1394.7,6.604,0.49965
2478.1,1451.8,6.6021,0.49964
2802,548.83,6.6581,0.49915
2551.7,256.04,6.681,0.49902
958.97,1496.5,6.5903,0.49985
2321.2,1344.1,6.6076,0.49961
304.04,704.04,6.6299,0.49962
2042.6,1444.4,6.599,0.49971
2810.9,899.68,6.6371,0.49932
498.14,1068.9,6.6117,0.49973
657.89,1201,6.6062,0.49976
1629.1,482.89,6.6539,0.49931
1142.8,1647.1,6.5792,0.49993
2204.1,1486.7,6.5975,0.4997
2111.4,1258.3,6.6111,0.49961
2672.8,1136,6.6226,0.49946
272.59,293.33,6.6608,0.49938
2236.8,1462.6,6.599,0.49969
2826,917.27,6.6366,0.49932
2386.9,838.64,6.6361,0.49939
2795.3,483.51,6.6624,0.49912
2096.4,264.87,6.6765,0.4991
2689.1,1388.3,6.608,0.49957
2720.3,527.28,6.6579,0.49917
2592.5,420.77,6.6649,0.49914
2379.6,736.38,6.6414,0.49934
307.81,996.19,6.6139,0.49974
377.01,1401.4,6.5925,0.4999
2771.6,257.7,6.6827,0.49897
2127.5,930.29,6.6287,0.49947
2236.4,1482.1,6.5976,0.4997
2294.8,363.39,6.6675,0.49915
1118,1316.4,6.6022,0.49975
2741.9,785.65,6.6425,0.49929
2788.9,917,6.6356,0.49933
2712.2,957.8,6.6323,0.49937
2721.5,1193.2,6.62,0.49947
2642.9,1356,6.6096,0.49956
2655.4,344.8,6.6722,0.49907
2115.2,339.01,6.6685,0.49916
2362.8,810.31,6.6369,0.49938
355.15,1148.7,6.6064,0.49979
2399,1300.4,6.6104,0.49959
2502.7,1444.3,6.6025,0.49964
968.25,1540.7,6.5869,0.49988
2138.3,1089.7,6.6201,0.49953
2700.3,1311.6,6.613,0.49953
2777.6,270.63,6.6812,0.49898
1792.8,1450.3,6.597,0.49974
2445.6,1519.4,6.597,0.49969
2569.8,1051,6.6256,0.49945
2734.4,844.2,6.6388,0.49932
324.33,624.5,6.6349,0.49958
2791.9,758.6,6.6448,0.49926
2565.2,1281.9,6.6132,0.49954
1409.4,1604.1,6.5843,0.49987
690.7,1188.4,6.6069,0.49975
2328.5,1458.4,6.6002,0.49967
312.42,684.89,6.6309,0.49961
712.8,1202.3,6.6062,0.49975
481.62,1182.8,6.6056,0.49978
356.89,1167.9,6.6053,0.4998
2125,1242.2,6.6123,0.4996
888.04,904.79,6.6232,0.4996
2308.3,1491.7,6.5973,0.4997
2577,259.25,6.6805,0.49902
2755.6,772.66,6.6433,0.49928
2745,662.62,6.6496,0.49923
2727.1,977.68,6.6313,0.49938
565.74,957.01,6.6189,0.49967
714.71,1273.4,6.6019,0.49978
1752.4,1481.9,6.5951,0.49976
1063.8,1266.8,6.6051,0.49973
2744.6,971.26,6.6323,0.49937
660.71,1260.8,6.6026,0.49978
2784.1,288.87,6.6791,0.49899
573.8,963.48,6.6183,0.49967
2800.3,973.34,6.6332,0.49935
498.3,1029.8,6.6139,0.49971
2662.1,1280,6.6142,0.49952
2456,1505.4,6.5976,0.49968
907,1284.2,6.6024,0.49976
2243.5,1569.8,6.5917,0.49975
2563.3,685.87,6.6458,0.49929
453.72,1642.1,6.5762,0.50002
2571.1,640.6,6.6485,0.49927
2682.2,1415.6,6.6062,0.49958
844.94,1281.1,6.6026,0.49977
2753.7,996.73,6.6306,0.49938
2125,868.26,6.6328,0.49944
1125.9,1202.6,6.6086,0.4997
1102.3,725.16,6.6353,0.49949
1838.8,556.56,6.6494,0.49933
2778.3,272.48,6.6808,0.49898
691.27,1200.5,6.6061,0.49975
467.88,792.86,6.6264,0.49962
2559.1,1075.7,6.6247,0.49946
303.91,971.63,6.615,0.49974
2186.2,779.83,6.6372,0.49939
711.85,1268.4,6.6025,0.49978
412.94,454.05,6.6475,0.49946
2359.6,795.98,6.6381,0.49937
1265.9,1506.7,6.5903,0.49983
2256.8,1572.9,6.5911,0.49975
2708.6,1263.8,6.6153,0.49951
2188.2,1506.2,6.5956,0.49972
904.92,903.11,6.6236,0.4996
2790.7,473.19,6.6623,0.49912
319.82,742.24,6.6275,0.49963
305.67,974.91,6.6143,0.49974
2575.6,606.72,6.651,0.49925
2378.3,1037.5,6.6244,0.49948
714.34,1250.2,6.6034,0.49977
1050.2,1333.6,6.6007,0.49976
697.96,1216.6,6.6051,0.49976
2487.2,1472,6.6003,0.49965
2180.6,955.55,6.6274,0.49947
1101.7,1289.8,6.6031,0.49974
2639.6,211.54,6.6867,0.49896
323.88,570.38,6.6376,0.49956
1081.5,1520.9,6.5887,0.49986
240.38,280.56,6.6609,0.49939
1119.1,1286.7,6.6037,0.49974
2463.8,1431.1,6.6024,0.49964
851.94,1473.1,6.5903,0.49986
716.55,666.65,6.6356,0.49952
2744.6,792.28,6.6414,0.4993
900.64,1440.6,6.5934,0.49983
305.84,325.98,6.6574,0.4994
1117.2,1327.4,6.6012,0.49975
378.46,1433.9,6.5903,0.49992
680.82,1295.4,6.6002,0.4998
507.85,1565.7,6.5825,0.49996
2700.7,1313.1,6.6125,0.49953
2553.9,581.3,6.652,0.49924
2689.5,382.56,6.6687,0.49909
844.21,1200.2,6.6069,0.49973
2663.7,1455.8,6.6032,0.49961
1844.1,562.47,6.6488,0.49933
2815.9,473.23,6.6625,0.49912
998.18,1508.6,6.5896,0.49986
2751.9,782.89,6.642,0.49929
2577.1,924.44,6.6321,0.4994
928.28,1488.2,6.5896,0.49986
2432,1479.3,6.5993,0.49967
2468.1,1499,6.5982,0.49967
2374.4,836.44,6.6351,0.49939
2799.1,334.29,6.6743,0.49903
2703,1384.5,6.6078,0.49957
2593.2,907.48,6.6333,0.49938
309.52,580.23,6.6371,0.49956
2802.8,448.16,6.6642,0.49911
1115.7,1329.4,6.601,0.49976
333.44,1041,6.611,0.49976
1570.1,1594,6.5856,0.49985
265.15,294.04,6.6601,0.49939
304.07,682.22,6.6306,0.49961
2418.7,1228.2,6.6142,0.49955
1583.6,1595.1,6.5855,0.49985
2794.2,759.59,6.6443,0.49926
2645.8,1451.3,6.6032,0.49961
2569.3,520.65,6.6563,0.49921
2694.7,402.98,6.6669,0.49911
2121.3,1061.6,6.6214,0.49952
2816.3,472.34,6.6625,0.49912
895.59,1470,6.5906,0.49986
1734.7,423.67,6.658,0.49927
2452.4,1368.7,6.6064,0.49961
662.58,1289.6,6.6007,0.4998
314.82,1102.6,6.6075,0.49979
2621.2,1481.2,6.6008,0.49963
2549.1,511.35,6.657,0.4992
2362.6,777.8,6.6383,0.49937
319.81,1067.1,6.6098,0.49977
2780.5,653.61,6.6503,0.49922
2797.3,484.06,6.6613,0.49913
2662.5,1473.4,6.6014,0.49962
298.89,598.03,6.6354,0.49958
510.17,1245.7,6.6017,0.49981
2705,390.37,6.668,0.4991
1062.3,1202.7,6.6079,0.49971
2552.3,1130.8,6.6206,0.49949
1874.6,452.3,6.6564,0.49927
294.82,713.36,6.6285,0.49963
330.29,742.62,6.627,0.49964
2449.7,1569,6.5929,0.49972
1114,1270.8,6.6046,0.49973
2651.9,1476.8,6.6014,0.49963
2730.6,936.54,6.6335,0.49936
502.71,1513.1,6.5856,0.49994
1003.4,719.12,6.6346,0.4995
805.73,1506,6.5876,0.49989
1750.8,1483.7,6.5944,0.49976
2399.1,1303.3,6.6095,0.49959
2331.9,876.96,6.6328,0.49942
2823.9,911.68,6.636,0.49932
2217.1,1508.5,6.5951,0.49972
681.43,1309,6.5995,0.49981
2797.4,540.84,6.6572,0.49916
2626.7,225.43,6.6843,0.49898
2715,1305.7,6.613,0.49952
318.06,957.08,6.6154,0.49973
2572.1,572.35,6.6529,0.49923
618.78,1624.4,6.5784,0.49998
2521.6,482.29,6.6588,0.49919
960.43,1173.5,6.609,0.49971
907.87,1020.4,6.6168,0.49965
497.89,1237.7,6.6019,0.49981
893.72,1471.2,6.5905,0.49986
886.74,1307.7,6.6006,0.49978
2484.8,1471.6,6.5999,0.49966
2002.7,1455.7,6.5972,0.49972
664.63,1183.1,6.606,0.49976
907.11,1286,6.6021,0.49976
300.77,659.14,6.6319,0.4996
2693.5,1130.3,6.6225,0.49945
2802,511.28,6.6593,0.49914
347.01,1089.2,6.6087,0.49978
2684,1167.8,6.6202,0.49947
2149.2,1072.4,6.6208,0.49953
2587.3,963.82,6.63,0.49941
2558.4,787.84,6.6395,0.49934
2685.1,1205,6.6181,0.49949
681.25,1270.7,6.6012,0.49979
2530.6,320.42,6.6722,0.49909
2359.3,763.85,6.6394,0.49936
2600.4,993.97,6.6282,0.49942
2639.5,1459.2,6.6023,0.49962
2785.6,288.62,6.6786,0.499
2365.3,937.59,6.6296,0.49944
613.04,1611.9,6.5789,0.49998
538.58,1629.8,6.577,0.5
2564.3,515.08,6.6567,0.4992
2068.6,1287.3,6.6079,0.49963
2663.1,1421.9,6.605,0.4996
2724.9,489.46,6.6601,0.49915
651.44,658.47,6.6352,0.49953
2590.1,903.88,6.6334,0.49938
966.79,1539.5,6.5863,0.49988
683.87,1586.6,6.581,0.49995
2441.9,554.74,6.6525,0.49925
2790.9,724.46,6.646,0.49925
2689.9,1394.7,6.607,0.49958
2374.1,803.18,6.6366,0.49938
871.66,636.12,6.6382,0.49949
2621,1479.9,6.6006,0.49964
2484.3,1379.9,6.6058,0.49961
2561.9,791.29,6.6395,0.49934
321.14,1159.4,6.6047,0.49981
2322.9,500.06,6.6555,0.49924
890.91,1471.4,6.5904,0.49986
1241.1,1512.3,6.5895,0.49984
911.17,878.97,6.6238,0.49959
2661.9,1456.2,6.6027,0.49961
2009.9,1424.2,6.5991,0.49971
695.27,837.83,6.6254,0.4996
2690.5,1415.1,6.6053,0.49959
2090.9,1250.6,6.61,0.49962
312.46,651.77,6.6321,0.4996
2041.6,1410.6,6.6001,0.4997
1770.1,1462.7,6.5956,0.49975
274.6,294.45,6.6598,0.49939
2755.2,914.97,6.6347,0.49935
2666.2,1411.2,6.606,0.49959
2137.3,1108.5,6.6183,0.49955
674.1,1214.6,6.6045,0.49977
2425.9,1428.4,6.6021,0.49965
684.01,878.19,6.6228,0.49962
2409.4,1455.5,6.6002,0.49966
323.87,1120.3,6.6067,0.4998
2813.8,541.33,6.6576,0.49916
2814.2,507.01,6.66,0.49914
2156.4,739.96,6.6387,0.49939
2690.7,574.36,6.6537,0.49921
2591.1,1035,6.6261,0.49944
1143.6,1644.1,6.5784,0.49993
421.83,1596.6,6.5788,0.5
827.78,806.34,6.6274,0.49957
608.09,1607.1,6.5793,0.49997
1562.9,528.68,6.6491,0.49935
944,809.99,6.6284,0.49956
2370.8,640.01,6.6465,0.49931
322.05,743.97,6.6268,0.49964
932.09,1473.4,6.5901,0.49986
2567.6,537.84,6.655,0.49922
468.23,705.69,6.6306,0.49959
2371.4,1559.9,6.5926,0.49973
2710.2,1322,6.6117,0.49954
1801.7,429.05,6.6576,0.49927
2298.7,364.43,6.6666,0.49916
2700.2,1313.4,6.6119,0.49954
2425.2,1428.1,6.602,0.49965
881.82,1308.6,6.6004,0.49978
855.58,1332.6,6.5985,0.4998
994.21,680.85,6.6357,0.49949
2131.6,738.75,6.6385,0.49939
327.72,1160.3,6.6046,0.49981
2108.6,1059.8,6.621,0.49953
320.04,1142.1,6.6054,0.49981
297.19,596.16,6.6354,0.49958
2639.8,416.15,6.6647,0.49913
290.03,711.77,6.6282,0.49964
2756.5,819.62,6.6396,0.49931
2533.2,1379.3,6.6061,0.4996
2515,336.43,6.6707,0.4991
2692.9,1380.9,6.6079,0.49957
1132.7,1212.3,6.6069,0.49971
2726.3,1304.4,6.6124,0.49953
322.98,602.38,6.6353,0.49957
2205.5,1517.9,6.5943,0.49973
2690.6,1340,6.6105,0.49955
2326.2,502.38,6.6551,0.49924
1104.1,1227.5,6.6063,0.49972
2407.8,377.93,6.6656,0.49915
660.83,1257.6,6.6019,0.49979
2033.4,1425.4,6.599,0.49971
288.67,677.85,6.6301,0.49962
2821.5,451.57,6.6638,0.49911
1830.3,479.14,6.6542,0.49929
987.54,1481.2,6.5901,0.49985
845.75,1212.3,6.6056,0.49974
2686.9,1151.3,6.6209,0.49947
468.33,762.04,6.6273,0.49961
2775,928.73,6.6337,0.49935
290.01,593.89,6.6353,0.49958
2368.1,1561.6,6.5922,0.49973
2632.2,1471,6.6016,0.49963
909.12,1494.1,6.5885,0.49987
2503.3,1360.5,6.6069,0.4996
2531.8,1379.6,6.6059,0.49961
2174.2,722.31,6.6396,0.49938
328.71,744.24,6.6267,0.49964
1097.7,1309.5,6.6015,0.49975
2373.7,770.59,6.6382,0.49937
2232.3,585.79,6.6489,0.4993
1061.5,1047.7,6.6163,0.49964
904.87,1303.4,6.6008,0.49977
1769.3,416.53,6.6582,0.49926
2308.9,1512.8,6.5949,0.49972
2448.1,1454.8,6.5999,0.49966
2212.1,1515.8,6.5939,0.49973
1743.4,1482.6,6.5938,0.49977
682.89,1320.9,6.5981,0.49982
315.46,659.68,6.6317,0.4996
1840.3,542.49,6.6494,0.49933
2288.5,1243.8,6.612,0.49958
486.47,1215.4,6.6028,0.4998
670.64,1322.6,6.5978,0.49982
1574.9,1594.5,6.5848,0.49985
603.04,1442.2,6.5904,0.49989
1059.2,1678.8,6.5747,0.49997
920.32,1479.8,6.5894,0.49986
2112.7,1085.6,6.6196,0.49954
2349.7,1150.9,6.6171,0.49954
907.37,907.33,6.6224,0.49961
2154.3,1089.1,6.6197,0.49954
2374.6,1043.4,6.6232,0.49949
882.8,1295.9,6.6009,0.49978
454.64,669.63,6.6324,0.49958
713.08,1016.1,6.6158,0.49968
2812.7,977.72,6.6317,0.49936
2386.3,760.2,6.6388,0.49936
2589.4,960.53,6.6298,0.49941
2385,727.89,6.6407,0.49935
2587.6,1073.2,6.6237,0.49946
801.26,1163.4,6.6081,0.49973
1118.4,1311,6.6015,0.49975
2066,1443.1,6.5979,0.49971
305.59,701.13,6.6288,0.49963
2562.1,499.68,6.6573,0.4992
633.63,1607.8,6.5785,0.49998
868.15,1294.9,6.6009,0.49978
2680.8,338.99,6.6717,0.49907
2701.5,370.08,6.6691,0.49909
2017.6,1408.5,6.5998,0.4997
2163.7,1064.5,6.6208,0.49953
2575.5,893.77,6.6333,0.49939
2727.3,1176.7,6.6196,0.49947
2669.1,1391.6,6.6065,0.49958
2497.2,1553.3,6.5939,0.4997
2824.2,888.1,6.6365,0.49932
2816,577.41,6.6544,0.49918
2752.2,1027.1,6.6279,0.4994
2424.3,418.45,6.662,0.49918
2579.4,918.88,6.6316,0.4994
2327.1,1462.8,6.599,0.49968
731.05,1483.1,6.5881,0.49989
665.42,876.58,6.6224,0.49963
2531.1,251.24,6.6796,0.49903
1199.3,1250.7,6.6052,0.49972
917.22,1179.2,6.6076,0.49972
306.58,719.61,6.6277,0.49964
568.06,515.57,6.643,0.49948
2464,1334.9,6.6078,0.4996
2178.5,1525.4,6.593,0.49974
490.08,1069.5,6.6105,0.49974
2708.8,1319.4,6.6114,0.49954
2837.6,878.1,6.6372,0.49931
827.14,804.31,6.627,0.49958
904.82,1443.1,6.5916,0.49985
2172.9,911.27,6.6287,0.49946
310.84,1019.8,6.6112,0.49977
909.48,1024.5,6.6159,0.49966
2130.4,908.35,6.6286,0.49947
855.52,1269.4,6.6028,0.49976
2727.2,490.22,6.6596,0.49916
1755,1481.8,6.5937,0.49977
482.77,745.94,6.6276,0.49961
686.7,907.51,6.6208,0.49964
668.29,1243.8,6.602,0.49979
2290.2,1534.4,6.5929,0.49973
807.69,1494.3,6.5881,0.49988
2755.9,810.93,6.64,0.49931
1477.5,570.75,6.6452,0.49938
2344.4,653.98,6.6454,0.49932
717.83,1322.2,6.5979,0.49981
291.98,687.67,6.6294,0.49963
696.1,1273.1,6.6009,0.49979
2413.3,1297.2,6.6095,0.49959
2813.8,454.59,6.6633,0.49911
2651.1,1317.2,6.6106,0.49955
2563.4,1260.2,6.613,0.49955
1122.9,1313.1,6.6006,0.49976
842.18,1418.4,6.5928,0.49984
846.2,1282.6,6.6012,0.49978
2764.5,972.52,6.6309,0.49938
2717.9,499.72,6.6586,0.49917
484.62,778.06,6.6257,0.49962
1023,1481.8,6.5898,0.49985
