1839.7,337.07,6.7572,0.49854
2007.6,421.82,6.7253,0.49875
1970.9,456.42,6.7126,0.49885
2486.5,251.86,6.7304,0.49866
344.09,1531.6,6.6304,0.49963
1388.4,1304,6.6518,0.49936
2253.7,502.71,6.7031,0.49889
345.19,1554.5,6.6266,0.49965
1168.1,739.06,6.679,0.49916
1139.6,743.84,6.678,0.49917
2274.8,527.84,6.6973,0.49893
2280.9,539.85,6.6942,0.49895
347.78,1576.1,6.6183,0.49971
413.14,1016.5,6.6524,0.49944
270.19,937.62,6.654,0.49945
796.85,811.02,6.6658,0.49928
1120,689.14,6.6747,0.49919
801.81,1055.4,6.6517,0.49939
1620.3,549.89,6.6858,0.49907
2564.2,276.37,6.7129,0.49877
531.7,606.88,6.6739,0.49925
561.75,624.84,6.673,0.49925
1101.7,799.11,6.666,0.49926
530.25,694.11,6.668,0.49929
269.87,950.34,6.6503,0.49948
528.59,694.77,6.667,0.4993
262.17,955.71,6.6488,0.49949
518.59,608.98,6.6718,0.49927
2525.9,232.62,6.7154,0.49876
532.01,987.26,6.6488,0.49944
815.07,1079.4,6.6459,0.49944
817.22,1199.4,6.6391,0.49949
784.93,732.37,6.6644,0.49929
534.29,1107.9,6.6416,0.4995
428.16,1471.8,6.619,0.49969
2006.6,554.28,6.6828,0.49906
2531.4,234.02,6.7137,0.49877
1702.6,593.15,6.6775,0.49912
671.9,1163.3,6.6389,0.4995
1162.8,819.08,6.6606,0.49929
805.94,848.76,6.6565,0.49935
1092.9,820.34,6.6599,0.4993
1161,1620.4,6.6116,0.49968
1210.5,1395.8,6.6274,0.49955
427.97,1472,6.6175,0.4997
410.68,1058.1,6.6413,0.49952
555.17,739.3,6.66,0.49935
1143.2,826.26,6.659,0.49931
2542.3,240.5,6.7118,0.49878
403.58,638.75,6.6643,0.49934
270.27,525.7,6.67,0.49932
523.88,633.01,6.6658,0.49931
270.08,530.68,6.6692,0.49932
794.26,1216.1,6.6345,0.49952
401.34,906.06,6.6488,0.49946
1109.7,795.09,6.6597,0.4993
2324.1,457.67,6.6879,0.49899
1467.9,1386.3,6.6276,0.49953
533.07,1117.1,6.6377,0.49953
523.22,666.96,6.6626,0.49933
658.9,723.05,6.6602,0.49934
523.25,664.55,6.6624,0.49934
524.82,978.22,6.6452,0.49947
512.49,657.5,6.6626,0.49933
1738.4,630.11,6.6719,0.49916
660.06,811.44,6.6544,0.49938
2002.8,580.18,6.6762,0.49911
342.52,1433.9,6.6161,0.49972
1106.1,772.66,6.6594,0.4993
270.1,540.81,6.6664,0.49934
1142.7,1205.6,6.6356,0.49949
357.71,1394.3,6.6193,0.4997
799.58,775.9,6.657,0.49935
2043.9,1509.4,6.6213,0.49953
1134.4,800.88,6.6577,0.49931
780.16,779.34,6.6564,0.49935
358.2,1375.1,6.6192,0.4997
561.42,1031.8,6.6405,0.4995
294.6,871.37,6.6464,0.4995
565.62,1148.6,6.634,0.49955
1788.7,1553,6.6166,0.49959
809.58,1132.3,6.6366,0.49951
299.43,1017,6.6382,0.49956
260.23,877.91,6.6448,0.49951
1111.8,817.26,6.6551,0.49934
269.56,887.09,6.6444,0.49952
552.31,753.21,6.6551,0.49939
2032.9,439.62,6.6847,0.49904
824.96,1110.1,6.6374,0.4995
1734.4,642.39,6.669,0.49918
1112.9,1213.1,6.6335,0.49951
403.28,568.56,6.6648,0.49933
551.08,667.15,6.6601,0.49935
791.37,1226.2,6.6307,0.49955
1131.4,777.54,6.6575,0.49932
517.24,629.49,6.6626,0.49933
1109.9,788.97,6.6564,0.49933
268.96,854.39,6.6458,0.49951
1160.5,1211.9,6.6335,0.4995
1081.6,745.96,6.6588,0.49931
430.06,675.77,6.6578,0.49938
2324.2,475.17,6.683,0.49903
658.04,818.47,6.6514,0.4994
271.91,991.19,6.6381,0.49956
666.86,1085,6.6367,0.49952
1155,844.69,6.6526,0.49935
810.47,1231.1,6.6291,0.49956
670.52,1506.2,6.6109,0.49972
551.48,699.83,6.6565,0.49938
286.88,876.83,6.6434,0.49952
409.42,960.93,6.6404,0.49952
270.6,897.9,6.642,0.49953
260.09,851.64,6.6443,0.49952
401.8,572.08,6.6627,0.49935
825.29,1234.3,6.6284,0.49957
772.97,1122,6.6343,0.49953
2616,313.93,6.6974,0.49888
2757.7,756.09,6.6674,0.49909
1105.1,825.02,6.6524,0.49936
511.14,704.15,6.655,0.49939
1137.6,1088.8,6.6381,0.49947
1130.4,415.78,6.6797,0.49914
662.59,1120,6.6334,0.49954
349.98,1471.8,6.6096,0.49977
287.2,878.13,6.6424,0.49953
430.08,1397,6.6152,0.49971
816.63,883.1,6.647,0.49942
796.61,772.22,6.6529,0.49938
1985,450.25,6.6809,0.49907
444.92,1110.6,6.6314,0.49959
2775.9,756.2,6.6668,0.49909
550.83,709.45,6.6546,0.49939
808.66,1147.4,6.6322,0.49954
775.51,1240.1,6.6267,0.49958
801.16,882.63,6.6466,0.49943
1991,450.86,6.6806,0.49907
765.65,890.18,6.6457,0.49944
2141.9,1429,6.6229,0.49951
777.57,800.28,6.6507,0.4994
271.28,469.3,6.6667,0.49934
995.98,1443.2,6.6155,0.49965
824.04,1147.2,6.6317,0.49954
652.91,727.64,6.654,0.49938
543.73,1369.7,6.6173,0.49968
510.27,685.91,6.6547,0.49939
1109,1096.4,6.6361,0.49948
533.42,1063.1,6.6338,0.49955
294.76,1031.2,6.6328,0.4996
522.71,744.74,6.6511,0.49942
642.16,511.13,6.6669,0.49928
521.31,700.48,6.6537,0.4994
510.94,695.74,6.6538,0.4994
535.34,1102.4,6.6315,0.49957
412.12,1002.2,6.6357,0.49956
669.84,1198.4,6.6273,0.49959
657.13,774.82,6.6504,0.49941
797.75,801.68,6.6498,0.4994
1105.9,776.42,6.6528,0.49935
396.85,557.32,6.6619,0.49935
671.93,1436.8,6.6128,0.4997
401.46,606.76,6.658,0.49938
1082.3,828.72,6.65,0.49938
1633.5,1120.6,6.6377,0.49943
994.24,1449,6.6144,0.49966
268.15,985.81,6.6344,0.49959
522.2,719.6,6.652,0.49941
1130.6,851.03,6.6488,0.49938
643.91,459.35,6.67,0.49926
761.54,784.17,6.6498,0.4994
2039.5,572.52,6.6699,0.49915
1157,835.4,6.6489,0.49938
1087.2,1104.7,6.6341,0.4995
1104.3,855.32,6.6478,0.49939
700.18,1213.5,6.6255,0.4996
1150,797.64,6.6512,0.49936
664.72,1073.6,6.6334,0.49954
1999.1,456.35,6.6778,0.49909
276.36,975.42,6.6338,0.4996
1341.2,1508.9,6.6109,0.49966
290.41,921.93,6.6372,0.49957
522.37,732.71,6.6503,0.49943
511.07,720.51,6.6509,0.49942
409.6,1104.4,6.6286,0.49961
1788.1,879.74,6.6499,0.49933
2736.7,586.76,6.6739,0.49904
393.58,671.52,6.6524,0.49943
535.58,1088.7,6.6306,0.49958
2777.8,759.17,6.6641,0.49911
1807.4,1445.5,6.6174,0.49958
269.74,471.9,6.6641,0.49936
1010,1479.1,6.6106,0.49969
669.21,1127.1,6.6293,0.49957
1084.8,1232.1,6.6262,0.49956
2002.8,606.2,6.6668,0.49918
813.25,1247.2,6.6234,0.49961
1089.3,774.52,6.6517,0.49936
522.43,729.67,6.6498,0.49943
568.36,1169.7,6.626,0.49961
685.95,776.13,6.6483,0.49942
430.43,644.71,6.6538,0.49941
1155.7,809.4,6.6491,0.49938
1128.6,827.06,6.6483,0.49939
355.58,1477.2,6.6056,0.4998
1800,1209.8,6.6309,0.49947
788.78,1116.4,6.6302,0.49955
556.03,1507.8,6.6051,0.49978
402.44,974.66,6.6346,0.49957
2006.8,1506.6,6.6133,0.4996
276.52,967.51,6.6336,0.4996
374.96,1411.9,6.6096,0.49977
824.4,1157.9,6.6281,0.49957
2054.5,1170.7,6.6344,0.49943
1787.1,886.9,6.6483,0.49934
781.4,883.12,6.6427,0.49946
259.81,555.16,6.6569,0.49942
2106.1,606.59,6.6662,0.49918
1005.5,1497.7,6.6082,0.49971
552.27,729.68,6.6493,0.49943
1624.2,607.64,6.6632,0.49923
436.95,1429.9,6.6089,0.49976
567.64,1032.4,6.6333,0.49955
1106.6,1133.7,6.6308,0.49952
653.03,787.36,6.6469,0.49944
368.26,1589.9,6.5969,0.49987
524.12,1043.5,6.6314,0.49957
1107.2,859.28,6.6454,0.49941
430.76,668.35,6.6516,0.49943
276.21,936.28,6.6341,0.49959
1100.7,783.67,6.6497,0.49938
1134,1236.6,6.6248,0.49957
268.14,972.14,6.6323,0.49961
269.72,921.29,6.6355,0.49958
790.86,1179.9,6.6259,0.49959
805.55,901.52,6.6409,0.49947
1129.9,841.71,6.6464,0.4994
512.2,730.9,6.6483,0.49944
1681,579.2,6.6649,0.49922
1722.3,628.34,6.6619,0.49924
663.63,1097.3,6.6296,0.49957
540.52,1121,6.6269,0.49961
1127.5,800.91,6.6486,0.49938
652.37,752.15,6.6484,0.49943
1513.4,1538.4,6.6072,0.49968
1823.6,1210.1,6.6299,0.49948
2051.4,1176,6.633,0.49944
1456.8,1503.3,6.6096,0.49966
295.24,876.81,6.6381,0.49956
2025.1,1201,6.6314,0.49945
824.41,1134,6.6283,0.49957
641.69,521.42,6.6623,0.49932
2027.8,1174.1,6.6328,0.49944
301.89,936.85,6.6342,0.49959
566.92,1089.5,6.6287,0.49959
1133.4,1134.6,6.63,0.49953
1102,815.19,6.6472,0.4994
791.72,1216.1,6.6232,0.49961
531.3,1085.7,6.6288,0.49959
779.78,1604,6.5985,0.49981
371.93,1587.9,6.5959,0.49987
2048.8,1200.3,6.6312,0.49945
584.88,1431.8,6.6088,0.49974
791.83,1234.4,6.622,0.49962
1151.7,836.72,6.6461,0.4994
444.17,1001.6,6.6319,0.49958
1081.9,836.73,6.6455,0.49941
1128.5,814.51,6.647,0.4994
2317.9,1347.8,6.6239,0.49949
1101.2,805.76,6.6474,0.49939
302.53,908.99,6.6351,0.49958
370.32,1597.5,6.5952,0.49988
266.66,917.94,6.6344,0.49959
408.61,1069.6,6.6277,0.49962
1080.7,812.8,6.6468,0.4994
813.34,789.95,6.6463,0.49943
2614.7,296.03,6.6936,0.49891
1786.1,1289.3,6.6241,0.49953
268.9,504.06,6.6591,0.4994
405.8,1010.7,6.6307,0.4996
2009.5,1444.3,6.6153,0.49958
295.12,593.77,6.653,0.49944
1627.8,660.53,6.6581,0.49927
471.74,1502.2,6.6027,0.49981
1144.9,868.4,6.6441,0.49942
555.77,680.13,6.651,0.49942
2065.7,1141.3,6.6344,0.49943
372.45,1609.7,6.5938,0.49989
269.04,966.96,6.6312,0.49962
421.4,1074.2,6.6268,0.49962
1583.9,1421.6,6.6152,0.49961
527.05,1073.6,6.6281,0.4996
1798.5,1187.9,6.6296,0.49948
690.69,869.8,6.6404,0.49948
467.34,1413.6,6.6082,0.49976
673.53,1199.3,6.6223,0.49963
1228.8,1428.4,6.6119,0.49966
814.45,814.49,6.6443,0.49944
1124,790.02,6.6476,0.49939
431.23,643.58,6.6513,0.49943
2619.3,300.3,6.6924,0.49892
763.63,819.8,6.6436,0.49945
279.25,966.5,6.631,0.49962
443.05,1447.4,6.6054,0.49979
1699.2,593.19,6.6624,0.49923
516.91,712.32,6.6482,0.49944
1148.1,1499.9,6.6065,0.49971
294.36,590.73,6.6528,0.49944
1400.5,780.16,6.6496,0.49936
2772.8,967.54,6.649,0.49923
699.7,1123.2,6.6265,0.49959
558.66,1508.8,6.6024,0.4998
1620.4,643.48,6.6588,0.49927
422.8,1081.3,6.6262,0.49963
445.38,1475.2,6.6033,0.4998
2017.5,1146,6.6333,0.49944
450.61,1123.8,6.6244,0.49964
1086.1,1113.3,6.6293,0.49954
1400.5,1415.9,6.6134,0.49964
1260.6,1472.2,6.6088,0.49968
687.84,812.12,6.6432,0.49946
790.78,1167.7,6.6244,0.4996
357.15,1591,6.5943,0.49989
1080.2,793.26,6.6465,0.4994
661.73,1111.1,6.6263,0.4996
2236.2,1190.5,6.6313,0.49944
775.82,1167.2,6.6241,0.4996
2769.5,750,6.66,0.49914
432.26,681.4,6.6481,0.49945
278.65,941.96,6.6316,0.49961
432.18,669.98,6.6487,0.49945
671.4,1465.2,6.6057,0.49976
540.41,1119.5,6.6249,0.49962
430.36,1409.5,6.6072,0.49978
1999.2,1515.5,6.6093,0.49963
1421.6,826.69,6.6462,0.49938
675.58,1400.9,6.6102,0.49972
2760.8,591.95,6.6695,0.49907
1083.6,871.85,6.6418,0.49944
675.92,1461.3,6.6056,0.49976
472.79,1499.3,6.6017,0.49981
1797,1193.3,6.6281,0.4995
1221.7,1454.7,6.6092,0.49968
781.51,839.3,6.6416,0.49947
1083.4,853.37,6.6427,0.49943
811.55,1219.7,6.6209,0.49962
423.59,1099,6.6245,0.49964
672.06,1438.6,6.6071,0.49975
570.5,1113.6,6.625,0.49962
413.27,1026.7,6.6286,0.49961
782.11,859.25,6.6403,0.49948
421.62,1040,6.6272,0.49962
2257.1,1189.8,6.6309,0.49944
406.37,983.12,6.6304,0.4996
1137.3,1118.4,6.6282,0.49954
689.38,812.1,6.6422,0.49947
281.61,988.6,6.6286,0.49963
284.31,995.74,6.628,0.49964
1304.2,1439.4,6.6102,0.49967
407.26,693.76,6.6463,0.49947
1820.2,1192.9,6.6278,0.4995
271.17,546.28,6.6538,0.49944
420.59,1042.6,6.6272,0.49962
556.49,784.93,6.6425,0.49948
378.61,1455.3,6.6031,0.49982
539.77,1084.4,6.626,0.49961
783.4,875.39,6.6392,0.49948
425.33,707.94,6.6456,0.49948
811.37,1186.3,6.6224,0.49961
660.94,807.04,6.642,0.49947
270.79,559.11,6.6529,0.49945
801.9,873.87,6.6393,0.49948
2003.1,1180,6.6295,0.49947
1499,1538.5,6.6039,0.49971
439.8,1503,6.6003,0.49983
425.49,1098.1,6.624,0.49964
966.01,481.49,6.6644,0.49927
676.46,1495.6,6.6025,0.49978
363.4,1604.7,6.5927,0.4999
2082.2,570.76,6.6647,0.49919
1004,1453.8,6.6071,0.49972
1130.2,1229.3,6.6217,0.49959
1082.3,825.57,6.6436,0.49943
2038.8,572.49,6.6643,0.4992
778.76,1256.2,6.618,0.49965
660.71,805.55,6.6418,0.49948
284.09,995.04,6.6277,0.49964
590,1512.3,6.6007,0.49981
661.76,830.63,6.6404,0.49949
1103.7,843.09,6.6426,0.49943
2785.3,1177.2,6.6362,0.49933
2031.3,1277.8,6.6238,0.49951
283.83,1015.5,6.6266,0.49965
422.86,1046.4,6.6265,0.49963
811.77,1237.9,6.6191,0.49964
1780.6,1290.3,6.6216,0.49955
674.22,1155.6,6.6227,0.49962
382.35,1416.4,6.6053,0.4998
1774.5,1196.2,6.6268,0.49951
438.53,1007.5,6.6286,0.49961
285.51,1013.4,6.6265,0.49965
2762,753.38,6.6586,0.49916
392.89,590.94,6.652,0.49943
283.24,969.3,6.6288,0.49963
556.19,768.53,6.6428,0.49948
1134.4,854.01,6.6418,0.49944
1803.9,1291.5,6.6214,0.49955
676.74,1504.7,6.6015,0.49979
1406,1080.5,6.6312,0.4995
1107.2,840.99,6.6424,0.49943
560.99,1463.3,6.6034,0.49979
271.03,546.08,6.6531,0.49944
2767,1175.2,6.6356,0.49934
2744.5,595.06,6.6679,0.49909
432.16,619.96,6.6504,0.49944
2298.3,682,6.6582,0.49922
1771.6,1219,6.6253,0.49952
1617.9,642.6,6.6568,0.49928
811.85,1204.9,6.6206,0.49963
556.3,759.59,6.6431,0.49948
275.6,990.17,6.6273,0.49965
531.53,1101.2,6.6241,0.49963
664.58,1136.4,6.6232,0.49962
791.93,1111.3,6.6255,0.49959
295.21,505.3,6.6563,0.49941
423.3,1063.3,6.6251,0.49964
424.84,1105.7,6.623,0.49965
411.94,1056.8,6.6253,0.49964
410.74,1038.1,6.6263,0.49963
528.31,718.51,6.6447,0.49947
564.53,1463.6,6.6029,0.49979
800.07,798.03,6.6426,0.49946
434.19,701.85,6.645,0.49948
287.08,590.49,6.6501,0.49946
436.64,717.42,6.6441,0.49949
2048,583.96,6.6624,0.49921
1425.5,744.62,6.6489,0.49936
423.45,1079.6,6.6241,0.49964
1127.3,826.74,6.6427,0.49943
271.14,937.67,6.6298,0.49963
1420.5,795.5,6.6461,0.49938
2761.6,744.11,6.6585,0.49916
556.14,765.03,6.6424,0.49948
702.41,1517.2,6.6001,0.4998
271.98,559.95,6.6515,0.49946
1086.4,1146.5,6.625,0.49957
677.25,1506.1,6.6007,0.4998
676.93,1190.1,6.6199,0.49965
573.79,1135,6.6221,0.49964
2744.4,591.74,6.6673,0.49909
1199.7,1488.9,6.6046,0.49972
2295.7,1383.9,6.6177,0.49954
816.89,824.39,6.6408,0.49947
1109.7,1217.1,6.6207,0.4996
834.01,1189.4,6.6206,0.49963
663.2,824.95,6.6395,0.49949
260.22,500.03,6.6556,0.49943
1997.3,1208.9,6.6264,0.49949
424.62,678.73,6.6458,0.49947
692.79,873.07,6.6371,0.49951
1082.4,817.87,6.6427,0.49943
1312.1,1540.2,6.6012,0.49974
284.96,969.45,6.6277,0.49964
273.17,965.21,6.6279,0.49964
794.63,1208.4,6.6195,0.49964
813.77,1152.9,6.6226,0.49961
1052.6,1270.8,6.6176,0.49963
2624.5,332.45,6.6859,0.49897
439.92,1441.2,6.6034,0.4998
1133.6,827.52,6.6421,0.49943
1432.2,913.65,6.6389,0.49944
574.95,1151.9,6.6209,0.49965
434.3,1410.3,6.6049,0.49979
425.63,1063.1,6.6242,0.49964
563.42,1487.4,6.6008,0.49981
676.88,1173.5,6.6204,0.49964
272,522.96,6.6536,0.49944
688.81,789.56,6.6415,0.49948
676.8,1175.4,6.6202,0.49964
796.87,1239.5,6.6174,0.49965
439.1,1474.9,6.6006,0.49983
651.53,772.3,6.642,0.49948
677.28,1189.3,6.6194,0.49965
2020.7,1430.1,6.6126,0.4996
1105.6,1210.4,6.621,0.4996
1400.4,813.34,6.6444,0.4994
1088.1,875.55,6.639,0.49946
834.72,1224.1,6.6182,0.49964
2764,767.33,6.6565,0.49917
287.94,1014,6.625,0.49966
2240.9,1265.6,6.6242,0.49949
436.34,1434.1,6.6031,0.49981
371.6,1588.6,6.5915,0.49991
283.96,954.13,6.6281,0.49964
260.82,474.17,6.6569,0.49942
1779.9,1487.6,6.6073,0.49966
1219.2,1462.7,6.6057,0.49971
1111.8,1160.7,6.6231,0.49958
679.17,1484.7,6.6013,0.49979
1087,846.26,6.6404,0.49945
451.89,1044.4,6.6252,0.49963
820.82,896.2,6.636,0.49951
475.12,1440.2,6.6029,0.4998
1423.5,847.99,6.6421,0.49941
1281.4,1635.3,6.5933,0.4998
1999.6,1186.5,6.6268,0.49949
446.28,1441.5,6.6027,0.49981
1208.7,1488.8,6.6037,0.49973
1132.6,765.7,6.6451,0.49941
275.21,948.53,6.628,0.49964
1113,1092,6.6267,0.49955
1966.7,1461.4,6.6101,0.49962
1429.4,825.89,6.6435,0.4994
423.06,1043.2,6.6248,0.49964
572.72,1103.3,6.623,0.49963
300.09,966.72,6.6274,0.49964
812.75,835.22,6.6396,0.49948
1277.8,1436.7,6.6078,0.49969
2770.3,732.88,6.6578,0.49916
407.34,641.74,6.6469,0.49947
450.43,1452.4,6.6015,0.49982
272.5,534.81,6.6521,0.49945
592.1,1454,6.6025,0.49979
1404.4,812.11,6.6438,0.4994
439.6,1462.4,6.6007,0.49982
673.36,1183,6.6193,0.49965
534.96,1124.2,6.6213,0.49965
418.44,1096.9,6.6215,0.49966
819.76,862.51,6.6375,0.49949
1773,1195.1,6.6248,0.49952
592.72,1511.4,6.5986,0.49982
1889.3,715.4,6.6517,0.4993
1132.7,1181.2,6.622,0.49959
272.77,891.48,6.6306,0.49962
1982.2,1530,6.6047,0.49966
1801.9,1290.9,6.6193,0.49956
964.72,487.22,6.6615,0.49929
1113.9,893.11,6.6372,0.49947
1157.4,1216.9,6.6197,0.49961
1106.9,1182.9,6.6217,0.49959
534.07,1102.6,6.6222,0.49964
398.24,675.37,6.6444,0.49949
705.39,1154.9,6.6206,0.49964
2788,730.07,6.6578,0.49916
992.28,1444.3,6.6053,0.49973
1818.1,1193.4,6.6249,0.49952
1161.5,1090,6.6266,0.49955
1400.1,785.84,6.645,0.49939
2646.3,345.34,6.6838,0.49898
425.61,1070.4,6.6229,0.49965
1131.8,1210,6.6202,0.4996
310.31,971.28,6.6264,0.49964
2255.7,1166.5,6.629,0.49945
2153.7,674.38,6.6557,0.49925
805.33,899.29,6.635,0.49951
657.78,480.93,6.6595,0.49934
1631.5,870.21,6.6414,0.4994
1985.4,1497.2,6.6069,0.49965
531.94,727.28,6.6422,0.49949
1982.1,1281.4,6.6206,0.49954
2762.2,734.45,6.6573,0.49917
2779.9,731.37,6.6577,0.49916
1054.4,918.07,6.6354,0.49949
2046.2,1186.9,6.6261,0.49949
1381,1275.2,6.6177,0.49961
535.74,1119,6.6209,0.49965
1155.3,875.09,6.6383,0.49946
1952.8,1515.5,6.6052,0.49966
1987.7,1019.3,6.635,0.49943
819.87,845.35,6.6379,0.49949
2612.9,1369.8,6.6202,0.49948
678.85,1511.6,6.5987,0.49981
2769.2,756.02,6.656,0.49918
1246.9,1420.5,6.6081,0.49969
801.24,1193.8,6.6184,0.49964
436.61,603.36,6.6496,0.49944
1132.5,803.76,6.6419,0.49943
1466.2,1571.5,6.5985,0.49975
1623.5,835.56,6.6436,0.49939
825.01,1247.2,6.6162,0.49966
275.3,947.95,6.6272,0.49965
680.25,1495.1,6.5996,0.4998
302.5,986.66,6.6255,0.49965
1154.7,856.77,6.6392,0.49945
2781.9,753.65,6.6562,0.49917
548.94,1106.3,6.6212,0.49965
661.95,479.36,6.6594,0.49934
1134.1,1108.9,6.6252,0.49956
1167.2,1268.1,6.6166,0.49963
1448.2,1283.2,6.6172,0.4996
681.33,1434.5,6.6035,0.49977
409.17,656.09,6.6451,0.49948
2766,594.36,6.6655,0.4991
1154.9,1432.3,6.6063,0.49971
780.85,1176.1,6.6194,0.49964
2211.2,1196.2,6.6264,0.49948
566.12,1477.3,6.5998,0.49982
1804,1293.9,6.6181,0.49957
272.57,524.12,6.6518,0.49945
1158.5,800.69,6.6417,0.49943
454.95,1488.7,6.5981,0.49984
1267.2,1434.1,6.6065,0.4997
454.4,1479.5,6.5986,0.49984
681.4,1475.8,6.6005,0.4998
2233,1168.3,6.628,0.49946
824.19,1138.3,6.6219,0.49962
2783.5,1174,6.6331,0.49935
819.25,1226.1,6.6164,0.49966
2795.3,948.47,6.6453,0.49925
958.42,583.61,6.6536,0.49936
1138.7,1090.3,6.6258,0.49956
802.52,1227.9,6.616,0.49966
579.11,1172.4,6.6178,0.49967
263.33,555.03,6.6494,0.49947
428.47,699.51,6.6423,0.4995
1163.7,891.61,6.6365,0.49947
543.77,732.84,6.6412,0.49949
1111.8,1191.6,6.6198,0.49961
2780.7,925.89,6.6458,0.49925
2754.7,284.52,6.69,0.49891
2268.8,1192.3,6.6267,0.49947
804.69,865.47,6.636,0.49951
655.84,824.03,6.6371,0.49951
438.64,694.69,6.6426,0.4995
278.18,965.31,6.6256,0.49966
2633.1,325.63,6.6841,0.49898
831.42,1225.7,6.6164,0.49966
2781.6,744.16,6.6561,0.49917
1782.1,1474.3,6.6063,0.49967
2758.4,1354.9,6.6219,0.49944
2192.9,733.77,6.6511,0.49929
311.5,1047.5,6.6221,0.49968
314.59,1017.4,6.623,0.49967
1632.9,641.32,6.6534,0.49931
407.93,642.37,6.6454,0.49948
1001.5,1456,6.6035,0.49975
298.34,513.52,6.6525,0.49944
951.96,582.93,6.6536,0.49936
2061.4,845.85,6.6437,0.49935
481.98,1454.6,6.5998,0.49983
547.05,789.33,6.6377,0.49952
1324.4,1506.3,6.6015,0.49974
2777.9,950.01,6.6445,0.49926
287.73,503.8,6.653,0.49944
1191.4,1487.8,6.6022,0.49974
831.45,1209,6.6172,0.49965
1160.5,1160.9,6.6214,0.49959
1103.5,865.2,6.6375,0.49947
2781.1,949.19,6.6443,0.49927
285.66,999.13,6.6237,0.49967
1452.2,1094.5,6.627,0.49953
1234.5,1427.5,6.607,0.4997
706.2,1158.5,6.6192,0.49965
685.58,1161.6,6.6184,0.49966
540.84,1154,6.618,0.49968
454.43,1462.8,6.5992,0.49983
2795.2,923.48,6.6461,0.49925
670.15,1160.8,6.6186,0.49966
1626.4,875.61,6.6397,0.49942
1002.8,1494.3,6.6008,0.49977
454.32,1477.7,6.5982,0.49984
446.43,1487.6,6.5974,0.49985
1087,1185.5,6.62,0.49961
1425.2,866.48,6.6391,0.49944
1425.8,880.61,6.6383,0.49944
1428.6,798.79,6.643,0.4994
1159.7,1189.9,6.6196,0.49961
545.5,760.94,6.639,0.49951
1936.2,1495,6.6057,0.49966
2797.9,924.98,6.6457,0.49925
1424.5,821.22,6.6415,0.49942
282.34,583.51,6.647,0.49949
801.27,1117.8,6.6214,0.49962
1088.2,821.18,6.6396,0.49946
1103.1,764.09,6.6431,0.49943
442.31,1449.5,6.5998,0.49983
817.98,909.58,6.6335,0.49953
2780.3,722.7,6.6568,0.49917
1485.6,1574,6.5968,0.49976
2798,947.45,6.6443,0.49926
2057.3,1207.5,6.6238,0.49951
415.16,1031.6,6.6233,0.49965
1057.4,920.28,6.6339,0.4995
1443.7,1281.8,6.6163,0.49961
708.23,1465.8,6.6005,0.49979
1155.3,848.53,6.6383,0.49946
561.22,1458.9,6.6003,0.49981
2790.1,948.79,6.6443,0.49926
1156.7,1147.4,6.6221,0.49959
449.67,1384.7,6.6034,0.4998
567.06,1451.8,6.6004,0.49981
797.83,1190.8,6.6175,0.49965
2072.5,574.07,6.6595,0.49923
2769.8,747.69,6.655,0.49918
683.26,1424.9,6.6028,0.49978
2059.8,574.55,6.6593,0.49923
372.02,1474.5,6.5978,0.49986
1783.7,953.84,6.6358,0.49944
2787.4,744.46,6.6553,0.49918
1409.3,904,6.6364,0.49946
2762.1,275.28,6.69,0.49891
286.93,1015.3,6.6222,0.49968
2098,1014.4,6.6343,0.49942
261.98,533.34,6.65,0.49947
828.19,849.38,6.6357,0.49951
843.31,1282.5,6.6125,0.49969
813.31,1477,6.5999,0.49979
2783.9,767.25,6.6539,0.49919
815.41,1134.3,6.6205,0.49963
1289.2,1428.6,6.6063,0.4997
1834.2,1163,6.6252,0.49952
1076.2,1069.3,6.6255,0.49957
278.65,968.3,6.6245,0.49967
1169.3,1448.8,6.6036,0.49973
799.02,1249.6,6.614,0.49968
570.42,1498.9,6.597,0.49984
688.95,1474.6,6.5991,0.49981
1408.3,846.3,6.6395,0.49943
1941,1415.8,6.6099,0.49963
1434.8,758.55,6.6452,0.49939
286.29,1001.7,6.6227,0.49968
460.16,1105.9,6.6192,0.49968
822.22,1092.4,6.6232,0.49961
1175.8,913.14,6.6345,0.49949
2770.5,751.67,6.6545,0.49919
378.75,1417.5,6.6008,0.49983
1437.5,1148.3,6.623,0.49956
839.41,939.67,6.631,0.49954
1785,1164.7,6.6246,0.49952
1989.3,1020.8,6.6331,0.49944
829.65,885.6,6.6335,0.49952
1396.7,935.14,6.6345,0.49947
2790.3,961.3,6.6431,0.49927
306.61,1014.8,6.6222,0.49968
2763,726.69,6.6556,0.49918
794.5,888.86,6.633,0.49953
1980.4,671.68,6.6524,0.49929
272.37,544.22,6.649,0.49948
1137,1092.8,6.6243,0.49957
2772.3,917.39,6.6451,0.49926
1984.7,1504.1,6.6042,0.49967
1788.1,877.01,6.6396,0.49941
428.54,673.67,6.6424,0.4995
448.6,1066.1,6.6209,0.49966
1677.6,613.99,6.6545,0.4993
309.46,609.32,6.6447,0.4995
1276.4,1423.5,6.606,0.49971
440.57,1407.5,6.6018,0.49982
1579.1,1303.3,6.6148,0.49961
717.1,1409,6.6041,0.49977
656.74,799.86,6.637,0.49951
2143.6,678.39,6.6529,0.49927
447.15,1041.6,6.6221,0.49966
288.69,1017.8,6.6216,0.49969
1437.5,808.93,6.6412,0.49942
570.38,1500.5,6.5965,0.49984
824.6,884.86,6.6335,0.49952
712.81,1110,6.6211,0.49963
1201.7,1432.2,6.6044,0.49972
697.33,836.08,6.6352,0.49952
455.06,1467.2,6.5979,0.49984
1200,1488.9,6.6006,0.49975
285.07,956.57,6.6247,0.49966
272.86,546.45,6.6485,0.49948
1409.8,875.94,6.6372,0.49945
453.91,1448.4,6.599,0.49984
2024.6,1283,6.618,0.49956
710.09,1449.7,6.6006,0.49979
440.77,665.43,6.6425,0.4995
309.25,1033.6,6.6208,0.49969
2787.2,733.27,6.6552,0.49918
539.81,1124.1,6.6183,0.49967
812.11,888.47,6.6328,0.49953
1406.1,782.23,6.6424,0.49941
2772.1,781.61,6.6522,0.49921
451.44,1104,6.6186,0.49968
673.59,1193,6.6155,0.49968
579.93,810.79,6.6353,0.49954
571.38,1489.7,6.597,0.49984
1818.8,1201.2,6.6214,0.49955
450.15,1080.1,6.6198,0.49967
2773,962.68,6.6422,0.49928
444.94,1405.2,6.6018,0.49982
2737,1350.7,6.6202,0.49946
2607.1,1369.6,6.6178,0.4995
2254.6,1174.1,6.6256,0.49948
397.69,625.56,6.6448,0.49949
1998.4,1281.6,6.6181,0.49956
2157.3,688.11,6.652,0.49928
821.15,805.61,6.6377,0.49949
2745.8,564.28,6.6649,0.49911
1438.9,828.83,6.6398,0.49943
833.72,1194.5,6.6164,0.49966
313.98,974.99,6.6239,0.49966
2781.6,725.19,6.6555,0.49918
2623.3,437.25,6.6724,0.49907
1131.8,763.71,6.6419,0.49943
1199.7,1433,6.6041,0.49973
1399.1,1492.1,6.6014,0.49973
2778.2,940.15,6.6434,0.49927
1441.2,931.47,6.6341,0.49947
2020.2,851.47,6.6421,0.49937
811.81,811.47,6.6369,0.4995
1133,721.05,6.644,0.49942
1133.2,1207.7,6.6173,0.49963
2060,1181.2,6.624,0.49951
1087.5,1215.3,6.6167,0.49963
774.44,890.29,6.6324,0.49954
2768.3,592.47,6.6632,0.49912
2795.9,944.91,6.6434,0.49927
425.01,1078.2,6.6199,0.49968
1933.5,1514,6.6025,0.49969
1414.3,1498,6.6008,0.49974
2028,638.06,6.6541,0.49927
834.47,1244.3,6.6134,0.49968
289,528.94,6.6494,0.49947
2028.1,640.01,6.654,0.49928
526.34,750.93,6.6383,0.49952
1787.9,881.85,6.6385,0.49941
2790.3,938.74,6.6434,0.49927
1608.2,1136.4,6.6237,0.49954
2795.6,938.76,6.6434,0.49927
442.56,694.26,6.6402,0.49951
1427.6,898.01,6.6355,0.49946
286.36,973.17,6.6231,0.49968
487.81,1480.4,6.5962,0.49985
459.81,1069.9,6.62,0.49967
1172.8,1425.8,6.6044,0.49973
1402.4,746.4,6.6441,0.4994
970.53,575.45,6.6522,0.49937
698.8,859.7,6.6332,0.49954
840.07,940.69,6.6298,0.49955
2795,973.12,6.6415,0.49928
461.96,1073.1,6.6197,0.49967
1629.4,1308.7,6.6139,0.49962
2795.5,926.37,6.644,0.49926
829.02,1186.2,6.6167,0.49966
1130.7,1222,6.616,0.49964
2079.8,1471.5,6.606,0.49965
2792.3,754.61,6.653,0.49919
444.77,1440.6,6.5988,0.49984
283.55,985.69,6.6229,0.49968
2761.6,287.36,6.6874,0.49893
800.72,1224.4,6.6141,0.49968
2749.2,582.67,6.6632,0.49912
309.48,962.47,6.6243,0.49966
2096.8,1015.2,6.6328,0.49944
457.52,1474.9,6.5965,0.49986
462.11,1067.2,6.6196,0.49967
447.82,1473.5,6.5965,0.49986
452.37,671.56,6.6414,0.4995
454.98,728.92,6.638,0.49953
798.41,926.88,6.6297,0.49956
790.43,880.7,6.6325,0.49954
482.81,1391.2,6.6015,0.49981
287.77,975.32,6.6227,0.49968
561.65,1465.6,6.5977,0.49983
2072.3,852.66,6.6419,0.49937
2773,940.25,6.6426,0.49928
464.93,1105.7,6.6174,0.49969
1642.6,1143.7,6.623,0.49955
2291.1,1363.2,6.6138,0.49957
698.46,782.29,6.6376,0.4995
2772.9,928.25,6.6432,0.49928
1468.2,958.56,6.6321,0.49949
458.46,1056.3,6.6205,0.49967
817.42,1454.4,6.5997,0.49979
660.28,840.19,6.6336,0.49954
1420.1,1494.3,6.6002,0.49974
812.05,1507.7,6.596,0.49982
1464.4,1550.8,6.5968,0.49976
697.12,1519.2,6.5946,0.49984
2789.4,755.54,6.6529,0.4992
1003.2,1456.3,6.601,0.49976
560.09,708.28,6.6403,0.4995
1948.6,1504.7,6.6026,0.49968
1180,1489.3,6.5993,0.49976
1603.3,1000.3,6.6304,0.49949
2767.7,578.29,6.6634,0.49912
318.2,984.45,6.6224,0.49967
700.79,877.37,6.6317,0.49955
1617.1,1187.9,6.6201,0.49957
1663.4,1018.2,6.6297,0.49949
446.45,1095.4,6.6176,0.49969
553.86,763.14,6.6369,0.49953
2778.2,928.26,6.6431,0.49928
776.23,909,6.6305,0.49955
712.92,1176.8,6.6156,0.49968
2778.6,947.84,6.6421,0.49928
466.16,1123.7,6.6165,0.4997
1507,1562.7,6.5962,0.49977
299.18,541.5,6.648,0.49948
423.29,648.92,6.6421,0.4995
823.5,1197,6.615,0.49967
1785.4,1016.2,6.6304,0.49948
566.95,1115.4,6.6175,0.49968
1411.2,922.19,6.6334,0.49948
2598.2,312.61,6.6823,0.499
1178.9,1488.4,6.5993,0.49976
2309.1,1302.6,6.6178,0.49954
586.49,1125.2,6.6171,0.49968
2235.2,1269.1,6.6189,0.49953
1103.5,1445.6,6.6018,0.49975
1424.9,1147,6.6213,0.49957
809.05,817.97,6.6355,0.49951
1486.3,1571.5,6.5948,0.49978
1134.4,723.39,6.6428,0.49943
821.1,757.71,6.6392,0.49948
1281.3,1441.7,6.6031,0.49973
388.58,1447.6,6.5971,0.49986
431.27,1093.2,6.6177,0.49969
784.65,1138.2,6.6181,0.49965
294.44,1045.6,6.6185,0.49971
698.54,856.59,6.6328,0.49954
675.31,1176.6,6.6151,0.49968
600.47,1466.9,6.5975,0.49983
1104.8,810.72,6.6378,0.49947
786.52,1197.8,6.6148,0.49968
458.9,1504.5,6.5938,0.49988
2045.9,624.41,6.6538,0.49928
692.99,1423.7,6.6005,0.4998
562.98,1474.9,6.5966,0.49984
1087.3,1238.4,6.6142,0.49965
1776.8,1225.5,6.6189,0.49957
1620.5,1209.6,6.6188,0.49958
702.21,1196.7,6.6138,0.49969
1751.6,1296.7,6.6144,0.49961
483.96,1445.6,6.5981,0.49984
462.6,1506.9,6.5935,0.49988
579.17,757.54,6.6368,0.49952
2269.3,1133.3,6.6274,0.49946
1948.2,1512.1,6.6013,0.49969
1411.3,893.24,6.6348,0.49947
464.57,1087.6,6.6181,0.49968
439.16,710.12,6.6385,0.49953
700.97,863.68,6.6321,0.49955
1411.1,864.69,6.6363,0.49946
2756.1,582.34,6.6625,0.49913
1086.5,774.35,6.6396,0.49946
430.86,678.26,6.6403,0.49952
2211.7,1170.7,6.6243,0.49949
287.12,960.28,6.6228,0.49968
477.3,1455.2,6.5971,0.49985
2607.5,1357.4,6.6166,0.49951
2784.1,1134.4,6.6317,0.49936
2084.2,1458,6.606,0.49965
600.66,1507.4,6.5946,0.49985
802.11,1218.4,6.6135,0.49968
2755.3,1349,6.6191,0.49947
289.79,505.24,6.6499,0.49946
2778.3,917.97,6.6432,0.49927
2790.5,926.96,6.6429,0.49927
1408,1143.8,6.6209,0.49958
840.32,1119.1,6.6188,0.49964
1985.2,1461.5,6.605,0.49966
318.3,983.25,6.6219,0.49968
1112,1235.5,6.6142,0.49965
813.32,857.09,6.6328,0.49953
1488.7,1544.3,6.5966,0.49976
412.23,667.6,6.6407,0.49951
789.73,1097.2,6.6205,0.49963
465.79,1126.2,6.6159,0.4997
283.9,557.65,6.6457,0.4995
1970.4,1511,6.6012,0.49969
1135.9,1180.5,6.6174,0.49963
1134.7,1220.1,6.6152,0.49964
580.96,785.05,6.635,0.49954
458.97,1471,6.596,0.49986
320.31,999.03,6.621,0.49969
395.65,1447.6,6.5967,0.49986
835.6,924.89,6.6291,0.49956
1752.5,1293.9,6.6142,0.49961
781.43,808.33,6.6357,0.49951
1787,931.76,6.6344,0.49945
808.6,856.11,6.6329,0.49953
303.14,1009.1,6.6199,0.4997
775.96,875.86,6.6316,0.49954
600.73,1456.6,6.5977,0.49983
822.91,1119.6,6.6185,0.49964
1623.2,1184.1,6.6197,0.49957
701.14,853.17,6.6323,0.49955
785.79,1121.1,6.6184,0.49965
683.15,1490.5,6.596,0.49983
409.8,706.03,6.6387,0.49953
386.17,1607,6.5853,0.49995
2774.7,1132,6.6309,0.49937
573.46,1482.7,6.5957,0.49985
572.27,1421.3,6.5996,0.49982
1092.1,1115.4,6.6205,0.4996
2585.2,321.61,6.6808,0.49901
1090,1183,6.6168,0.49963
783.37,844.56,6.6335,0.49953
691.43,875.8,6.6306,0.49956
1785.8,943.62,6.6335,0.49945
2261.5,1431.2,6.6083,0.49961
322.51,1028.2,6.6192,0.4997
813.8,757.39,6.6389,0.49948
1426.7,792.87,6.6399,0.49943
688.18,823.16,6.6333,0.49954
2766.6,561.06,6.6635,0.49912
754.79,1562.9,6.591,0.49986
602.56,1489,6.5953,0.49985
2589.6,319.21,6.681,0.49901
456.39,1388.3,6.6006,0.49982
1411.2,836.73,6.6372,0.49945
1614.7,861.88,6.6369,0.49944
1154.8,1440,6.6017,0.49975
599.07,1128.4,6.6161,0.49968
1113,1223.7,6.6144,0.49965
274.81,551.04,6.6455,0.4995
319.19,1011.8,6.6202,0.49969
1788.4,935.84,6.6339,0.49945
667.64,839.17,6.6327,0.49955
1626.3,1307.3,6.6125,0.49963
2763.2,1164,6.6291,0.49939
1285.5,1432,6.6026,0.49973
724.88,1518.6,6.5937,0.49985
1425.9,779.18,6.6405,0.49942
338.71,1103.1,6.6153,0.49973
1407.3,856.44,6.6362,0.49946
573.18,1453.6,6.5974,0.49983
476.62,1074.9,6.6179,0.49968
1440.2,841.95,6.6367,0.49945
2064.8,852.81,6.6396,0.49939
307.84,970.37,6.622,0.49968
986.75,1454.7,6.5996,0.49978
391.71,1400,6.5989,0.49985
788.67,1231.2,6.612,0.4997
1091.6,1166.2,6.6174,0.49963
1486,1552.2,6.5951,0.49978
464.85,1090.2,6.6172,0.49969
2593.2,1370.2,6.615,0.49953
400.71,1401.2,6.5988,0.49985
479.12,1111.6,6.6158,0.4997
279.49,953.56,6.6223,0.49968
1986,1500.6,6.6014,0.49969
320.41,1021.4,6.6194,0.4997
788.47,1247.8,6.611,0.4997
1160.8,1122.8,6.6202,0.4996
1140.3,1192.5,6.6159,0.49964
301.31,966.04,6.6216,0.49968
715.71,1190.4,6.6136,0.49969
1839.5,867.64,6.6373,0.49942
1089.7,1222.5,6.6141,0.49966
2790.7,924.32,6.6423,0.49928
481.16,1151.8,6.6137,0.49972
1090.6,1194.8,6.6156,0.49964
2593.5,312.03,6.6811,0.49901
1607.8,1285,6.6134,0.49962
490.06,1456.3,6.5962,0.49985
422.07,1044.9,6.6191,0.49968
1089.8,1211.3,6.6147,0.49965
776.6,858.12,6.632,0.49954
1408.3,885.76,6.6343,0.49947
1438.2,1168.3,6.6189,0.49959
2210.6,1267.8,6.6178,0.49954
2781.1,1165.2,6.629,0.49939
1102,1120.1,6.6201,0.49961
1977.8,1483.4,6.6027,0.49968
431.07,649.62,6.6411,0.49951
415.44,673.64,6.6391,0.49953
2032.9,1405,6.6085,0.49963
1443.5,890.04,6.634,0.49947
1718.8,1316.2,6.6119,0.49963
434.83,1108.1,6.6156,0.49971
2382.6,492.47,6.6637,0.49917
1221,1438.7,6.6017,0.49974
401.94,661.41,6.6401,0.49952
322.73,1026.9,6.6187,0.4997
809.05,1157.8,6.6155,0.49967
1872.6,1032.5,6.6285,0.49949
796.2,1253.8,6.6107,0.49971
480.49,1464.6,6.5954,0.49986
2791,940.59,6.6411,0.49929
559.56,1136.6,6.6147,0.4997
311.4,1014.3,6.6193,0.4997
604.02,1500.9,6.5938,0.49986
2790.8,916.21,6.6423,0.49928
717.42,1219.4,6.6117,0.49971
557.26,778.54,6.6344,0.49954
788.93,1215.1,6.6124,0.49969
1136.8,1192,6.6157,0.49964
2734.6,1345,6.6179,0.49948
1157,851.55,6.6343,0.49949
794.21,1145.9,6.6166,0.49966
2268.8,1166.5,6.6236,0.49949
821.2,1443.2,6.5986,0.4998
2784.3,729.49,6.6527,0.4992
716.94,1221.2,6.6115,0.49971
321.63,1002.3,6.6198,0.49969
1156.1,822.55,6.6359,0.49948
324.95,1042.7,6.6177,0.49971
521.96,682.66,6.6396,0.49951
602.45,1162.1,6.6135,0.4997
456.52,702.38,6.6375,0.49953
2236.5,1454.2,6.6063,0.49963
465.95,1105.1,6.6159,0.4997
617.98,1467.1,6.5957,0.49984
1488.4,1543.1,6.5955,0.49977
2791.5,712.02,6.6532,0.49919
2761.9,586.59,6.6605,0.49914
1758.7,1039.5,6.6273,0.4995
2045.4,1161.8,6.622,0.49952
1158,868.15,6.6332,0.4995
1407.4,1162.5,6.6186,0.4996
821.97,1431.4,6.5992,0.49979
607.83,1466.4,6.5956,0.49984
588.89,1514.3,6.5923,0.49987
983.51,589.75,6.6484,0.4994
474.87,1508.4,6.592,0.49989
694.53,1194.7,6.6123,0.4997
1540.1,1541.3,6.5958,0.49977
2759.9,568.54,6.6616,0.49913
1430.8,930.37,6.6313,0.4995
703.99,1494.3,6.5943,0.49984
2628.4,239.48,6.6897,0.49894
479.14,1438,6.5968,0.49985
1720.5,1315.2,6.6116,0.49963
492.91,1481.3,6.594,0.49987
1118.2,1112.6,6.6196,0.49961
1973.3,1517.5,6.5998,0.4997
503.34,1509.4,6.592,0.49988
1124.3,1462,6.5992,0.49977
691.39,850,6.6308,0.49956
1600.5,1202.2,6.6173,0.49959
822.67,1142.9,6.6164,0.49966
831.58,1560.8,6.5906,0.49986
2792,1132.4,6.63,0.49937
1094.2,1098.7,6.6202,0.49961
1196.4,1474.9,6.5986,0.49977
491.62,1479.3,6.5941,0.49987
287.97,932.48,6.6227,0.49968
504.54,560.64,6.6468,0.49945
604.7,1479,6.5949,0.49985
589.81,1465,6.5954,0.49985
1101.3,1160.1,6.6172,0.49963
604.73,1197.4,6.6114,0.49972
704.75,1168.1,6.6136,0.49969
459.8,1398.7,6.5989,0.49984
605.92,1468,6.5955,0.49984
2273.1,1404.8,6.6089,0.49961
1113.2,1193.9,6.615,0.49965
316.64,639.73,6.6396,0.49954
2624.2,414,6.6712,0.49908
2774,771.94,6.6495,0.49923
1134.2,1207.4,6.6143,0.49965
474.1,1452.1,6.5952,0.49986
394.65,1444.3,6.5957,0.49987
2029.4,1233.9,6.6178,0.49956
1141.7,1090.3,6.6208,0.4996
2703.5,473.8,6.668,0.4991
2789.9,1151.5,6.6287,0.49939
1951.8,1500.9,6.6002,0.4997
579.72,727.02,6.6367,0.49952
1442.5,871.46,6.6339,0.49947
813.63,1525.9,6.5924,0.49985
541.77,763.42,6.6342,0.49955
966.65,574.88,6.6489,0.49939
2779.2,943.49,6.6401,0.4993
390.14,1470.5,6.5933,0.49989
2765.3,1131.9,6.6297,0.49938
668.65,825.72,6.6325,0.49955
2653.9,314.66,6.6807,0.499
324.07,1048.1,6.617,0.49972
580.65,1487,6.5936,0.49986
2052.4,1297.2,6.6142,0.49959
618.24,1514.3,6.5921,0.49987
321.32,1005.3,6.6192,0.4997
810.11,796.65,6.6347,0.49952
288.41,1021.6,6.6179,0.49972
448.69,1059.5,6.6172,0.49969
1165.7,1440.2,6.6005,0.49976
689.54,1489.5,6.5946,0.49984
1145.2,1076,6.6211,0.4996
1943.7,1510.8,6.5994,0.49971
1441.1,1134.6,6.6198,0.49959
1829.3,1309.5,6.6121,0.49962
325.65,1045.5,6.617,0.49972
607.59,1411,6.5986,0.49982
1602.4,1184.3,6.6179,0.49959
2619,441.61,6.6686,0.4991
476.41,1477.9,6.5934,0.49988
2773.6,925.89,6.6408,0.49929
717.85,1192.8,6.6124,0.4997
575.49,1187.7,6.6114,0.49972
574.87,1407.4,6.5989,0.49982
523.21,682.4,6.6389,0.49951
2778.3,962.58,6.6388,0.49931
1142.8,1165,6.6162,0.49963
1603.1,1185.4,6.6177,0.49959
1871.4,1032.6,6.6277,0.49949
1978.5,1458.6,6.6031,0.49968
2038.5,1278.5,6.615,0.49958
2021.8,1433,6.6053,0.49966
769.34,1287.2,6.6075,0.49973
581.77,1512.7,6.5917,0.49988
2635.8,336.03,6.6782,0.49903
718.92,1207.3,6.6114,0.49971
2781.7,1153.7,6.6285,0.49939
1162.4,1250.2,6.6114,0.49967
490.4,1451.3,6.5955,0.49986
2284.4,1338.1,6.6133,0.49957
493.24,1492,6.5927,0.49988
2615.5,437.79,6.6691,0.4991
303.28,554.72,6.6445,0.4995
1436.8,1511.2,6.5967,0.49977
2770.9,1131.5,6.6294,0.49938
1988.3,1490.8,6.6007,0.4997
458.18,1469.2,6.5943,0.49987
1404.3,1164.6,6.6178,0.4996
2063.2,999.68,6.63,0.49946
2080,1527.4,6.5993,0.4997
707.15,1423.7,6.5982,0.49981
2310.4,652.47,6.6512,0.49927
1154.2,1157.4,6.617,0.49963
946.47,1595.8,6.5878,0.49987
2306,1000,6.6319,0.49942
2782.3,904.9,6.6414,0.49929
550.26,707.21,6.6372,0.49952
448.2,1383.5,6.5991,0.49984
1136.9,1166.9,6.616,0.49964
304.09,556.61,6.6442,0.49951
1405.7,1138.4,6.6191,0.49959
416.04,677.79,6.6379,0.49954
2764.3,1142.3,6.6286,0.49939
2085,1529.6,6.5993,0.4997
968.8,1588.1,6.5885,0.49987
1064.5,1465.7,6.5979,0.49978
1427.4,1263.9,6.612,0.49965
2164.1,1290.1,6.6147,0.49957
304.9,584.57,6.6422,0.49952
593.87,1159.8,6.6125,0.49971
549.02,1137.5,6.6137,0.49971
1787.7,1015.4,6.6277,0.4995
2754.3,588.3,6.6595,0.49915
1135.9,1195.3,6.6142,0.49965
1946.5,1302.9,6.6126,0.49961
1283.4,1617.9,6.5872,0.49985
948.23,1596,6.5876,0.49987
2018.2,1158.7,6.6212,0.49953
1158.5,1129.3,6.6179,0.49962
462.89,758.81,6.6334,0.49956
466,1069.6,6.6167,0.4997
1117.6,1180.6,6.6149,0.49965
294.58,587.53,6.6418,0.49953
446.89,694.81,6.6366,0.49954
2787.9,1143.9,6.6287,0.49939
824.76,1420.6,6.5988,0.4998
969.8,1583.7,6.5883,0.49987
814.19,1534.7,6.591,0.49986
801.54,859.49,6.63,0.49955
432.57,629.61,6.6407,0.49951
608.17,1476.7,6.5941,0.49986
509.29,567.4,6.6456,0.49946
1445.6,863.47,6.6338,0.49947
1841.7,871.32,6.6353,0.49944
1642.9,887,6.6336,0.49946
640.6,1608.3,6.5851,0.49992
459.45,1105.5,6.6145,0.49971
461.31,1400.5,6.5979,0.49984
1834.7,1194.4,6.618,0.49957
2022.8,1164.6,6.6202,0.49954
1434.1,1174.1,6.617,0.49961
1432.6,915.84,6.6308,0.4995
418.09,701.84,6.6357,0.49955
572.57,1142.5,6.6132,0.49971
2042.9,1157.4,6.6212,0.49953
478.99,1391.5,6.5985,0.49984
1113.2,1210.9,6.6131,0.49966
579.97,1406.9,6.5979,0.49983
484.68,1477.8,6.5931,0.49988
2766.2,1172.7,6.6266,0.49941
576.91,1455.3,6.5954,0.49985
1257.3,1466.8,6.5981,0.49977
494.94,1465.2,6.5939,0.49987
1266.1,1502.1,6.5957,0.49979
1194.9,1472.8,6.5975,0.49978
2771.8,1149.2,6.6276,0.4994
293.07,544.98,6.6444,0.49951
2026.5,1406.7,6.6067,0.49965
2779.5,924.85,6.6402,0.4993
2786.9,1153.2,6.6279,0.49939
1141.4,1220.7,6.6123,0.49967
1445.7,878.36,6.6328,0.49948
2757.9,566.14,6.6607,0.49914
493.86,1466.9,6.5938,0.49987
579.18,1126.1,6.6141,0.4997
434.34,667.06,6.6382,0.49953
496.54,1489.7,6.5922,0.49988
717.14,1504.2,6.5927,0.49986
487.2,1176.2,6.611,0.49974
1617.5,830.86,6.6365,0.49944
1805.8,1246.4,6.6147,0.4996
2782.3,1142.9,6.6283,0.49939
1068.5,1468.5,6.5975,0.49979
410.23,654.27,6.6393,0.49953
589.05,841.13,6.6296,0.49958
799.75,1191.7,6.6125,0.49969
1119,1097.9,6.6191,0.49961
305.2,598.48,6.6409,0.49953
2775.6,716.02,6.6512,0.49921
1117.5,1196.3,6.6136,0.49966
589.49,1152.3,6.6129,0.49971
480.33,1401.9,6.5976,0.49984
1470.6,936.15,6.6294,0.49951
2771.9,1150,6.6273,0.4994
459.84,1415.8,6.5966,0.49985
2604,323.57,6.6782,0.49903
1601.2,1288.6,6.6108,0.49964
718.91,1198.7,6.6112,0.49971
505.69,1454.9,6.5941,0.49987
609.31,1489.4,6.5928,0.49987
491.02,1393.6,6.5981,0.49984
719.49,1436.6,6.597,0.49982
2247.9,1263.4,6.6162,0.49955
1244.1,1449.6,6.599,0.49976
2207.3,1008.9,6.63,0.49945
2005.1,1235.2,6.6163,0.49957
1976,1506.4,6.5987,0.49971
1118.8,1168.1,6.615,0.49965
305.94,596.65,6.6408,0.49953
718.59,1475.7,6.5944,0.49984
2304.5,999.71,6.6312,0.49943
498.3,1507,6.5906,0.4999
1935.1,1492.5,6.5997,0.49971
2759.8,551.97,6.661,0.49914
811.82,1461.9,6.5955,0.49982
793.62,800.21,6.6331,0.49953
593.69,1487.2,6.5925,0.49987
2275,834.66,6.6395,0.49937
419.6,950.8,6.6218,0.49966
286.45,533.03,6.6444,0.49951
1139.8,1443.7,6.5986,0.49977
1089,1237.3,6.6109,0.49968
418.66,681.43,6.6368,0.49954
1936.7,1509,6.5981,0.49972
543.43,761.36,6.6329,0.49956
708.29,1473,6.5941,0.49985
456.36,1140.6,6.6117,0.49974
2235.7,1241.1,6.6172,0.49955
2710.5,436.2,6.6694,0.49908
404.34,641.06,6.6391,0.49953
790.43,920.57,6.6267,0.49958
2778.2,579.38,6.6597,0.49915
539.27,698.37,6.6366,0.49953
2754.6,1329,6.617,0.49948
622.44,1488.3,6.5924,0.49987
1659.6,1013.6,6.6264,0.49952
1605.7,1171.4,6.6173,0.49959
1781.4,1196.5,6.6171,0.49958
2020.8,1403.9,6.6056,0.49966
1815.1,1289.4,6.6118,0.49962
2624.3,425.65,6.6692,0.4991
2769.5,1141.7,6.6278,0.4994
1587.5,1286.5,6.6106,0.49965
574.25,757.34,6.6333,0.49955
451.65,1397.8,6.5974,0.49985
1838.8,1015.6,6.6268,0.4995
2047.4,1144.6,6.6209,0.49953
719.02,1484.5,6.5936,0.49985
612.64,1487.6,6.5923,0.49987
1283.3,1465.6,6.5976,0.49977
1117.8,1208.8,6.6125,0.49967
1094,1115.1,6.6175,0.49963
2768.6,1151.2,6.6271,0.4994
1160.6,1214.1,6.6126,0.49966
727.39,894.49,6.6268,0.49959
419.35,949.56,6.6216,0.49966
1407.5,1192.2,6.6149,0.49963
2763,1150.8,6.6271,0.4994
1199.7,1475.1,6.5969,0.49978
455.35,1445.4,6.5944,0.49987
388.16,1417,6.5955,0.49987
595.72,1158.7,6.6116,0.49972
2752.6,564.03,6.6601,0.49915
2629.1,421.72,6.669,0.4991
419.66,694.15,6.6358,0.49955
2778.4,972.87,6.6368,0.49932
478.46,1031.9,6.6175,0.49969
2622,330.35,6.6772,0.49904
834.62,781.66,6.6337,0.49952
294.45,560.04,6.6427,0.49952
778.98,803.27,6.6325,0.49954
1092.1,1182.1,6.6137,0.49966
794.29,783.91,6.6336,0.49953
480.04,987.61,6.6201,0.49967
837.96,815.58,6.6318,0.49954
1162.6,1186.2,6.614,0.49965
2291.9,667.55,6.6492,0.49929
1935.9,1457.6,6.6016,0.49969
1537.2,1538.9,6.5939,0.49978
2783.8,1173.6,6.626,0.49941
2262.5,1436.8,6.6048,0.49964
437.59,1072,6.6151,0.49971
986.32,575.62,6.6472,0.4994
1986.9,1404.3,6.6058,0.49966
1649.3,846.23,6.6352,0.49945
2791.7,943.59,6.6386,0.49931
1014.2,1565.7,6.5889,0.49986
1094.5,1102.4,6.618,0.49962
719.07,1495.1,6.5926,0.49986
2787.7,1147.6,6.6275,0.4994
1779.3,1446.9,6.6015,0.49971
294.21,566.64,6.6422,0.49952
2780.3,564.72,6.6599,0.49914
275.1,566.71,6.6417,0.49953
1425.4,1183.3,6.6153,0.49962
2262,1281.3,6.6147,0.49956
574.57,1466.2,6.5941,0.49986
1429.2,1132.4,6.618,0.4996
2774,584.16,6.6588,0.49915
700.18,1492.3,6.5922,0.49986
295.78,1076.8,6.6134,0.49975
466.19,1477.5,6.5919,0.49989
339.94,1077.8,6.6134,0.49974
1162.6,1429.5,6.599,0.49977
826.22,1120.9,6.6153,0.49967
1103.3,844.94,6.6315,0.49952
2608.4,1363.6,6.6125,0.49954
830,797.37,6.6329,0.49953
2773.2,576.9,6.6592,0.49915
1801,1267.1,6.6125,0.49962
1457.1,766.42,6.6383,0.49944
1414.2,917.88,6.6297,0.49951
2420.9,489.46,6.6618,0.49918
779.71,1094.6,6.6163,0.49966
306.14,569.22,6.6419,0.49952
613.92,1512.8,6.5903,0.49988
1822.3,1173.5,6.6176,0.49958
1428,1165.4,6.6161,0.49962
1072.5,1472.9,6.5965,0.4998
332.08,887.64,6.6236,0.49966
1440.8,896.72,6.6309,0.4995
492.41,1405.5,6.5967,0.49985
2227,664.35,6.6483,0.4993
2754.1,570.86,6.6593,0.49915
1443.7,781.1,6.6369,0.49945
576.2,1479.6,6.5928,0.49987
2183.5,1499.7,6.6,0.49969
1762.5,1461.5,6.6002,0.49972
2757.9,1310.6,6.6175,0.49948
464.22,1121.5,6.6124,0.49973
1448.7,920.91,6.6294,0.49951
1122.5,1100.7,6.6179,0.49962
1193.4,1461.5,6.5968,0.49978
1999.1,1159.8,6.6196,0.49955
481.59,1389.1,6.5975,0.49984
2066,1161.4,6.6194,0.49954
1634.1,638.29,6.6467,0.49936
440.08,1159.9,6.6103,0.49975
622.13,1438,6.5952,0.49985
2755.8,1320.6,6.6168,0.49949
315.93,1008,6.617,0.49972
1119.7,1092.6,6.6184,0.49962
1927.9,1500.2,6.5982,0.49972
1984.5,1236.3,6.6151,0.49958
622.75,1411.4,6.5967,0.49983
2791.9,920.36,6.6394,0.4993
546.63,1615,6.5827,0.49995
437.52,1058.4,6.6153,0.49971
2755.8,581.81,6.6584,0.49916
2661.9,333.17,6.6764,0.49904
803.13,820.3,6.6308,0.49955
1247.4,1492.3,6.5949,0.49979
1627.4,1183.9,6.6155,0.49961
2239.9,674.17,6.6479,0.49931
573.46,1077.1,6.6152,0.49969
1634.3,858.19,6.6336,0.49946
494.35,1403.5,6.5965,0.49985
611.18,1219.2,6.6084,0.49974
1475.7,1527.1,6.5939,0.49979
1944.9,1491,6.5988,0.49971
305.08,542.95,6.6434,0.49951
725.66,843.95,6.6288,0.49957
1103.1,815.97,6.6327,0.49951
394.05,1603.6,6.5822,0.49998
471.59,1096.4,6.6137,0.49972
1094.7,775.42,6.6354,0.49949
1995.3,1180.7,6.6181,0.49956
2796.2,960.1,6.6371,0.49932
1461.9,1498.1,6.5954,0.49978
561.21,1207.2,6.6084,0.49975
1989.3,1475.9,6.6003,0.4997
1422.9,1258.3,6.6103,0.49966
1833.8,1198.1,6.6161,0.49959
1314.6,1457.2,6.5975,0.49977
1436.2,1144.5,6.6171,0.49961
1619.9,878.52,6.6323,0.49948
541.58,1597.4,6.5835,0.49995
1443.9,1123,6.618,0.4996
1983.8,1408.9,6.604,0.49967
1430.6,1119.9,6.6181,0.4996
1078.3,727.08,6.6379,0.49947
819.87,1514,6.5909,0.49986
827.65,1542.8,6.5892,0.49987
832.75,1544.1,6.5888,0.49988
610.39,1482.1,6.5922,0.49987
1974.1,1488.7,6.5986,0.49971
1968.8,1496.8,6.598,0.49972
1824.8,1158.7,6.6178,0.49957
1438.3,1197.7,6.6138,0.49963
2309.5,666.32,6.6486,0.49929
1770.6,1193.4,6.6159,0.49959
292.72,902.78,6.6215,0.49969
444.06,694.94,6.6348,0.49956
468.46,1486.1,6.5908,0.4999
1199.9,1425.2,6.5993,0.49976
321.71,985.1,6.6177,0.49971
843.12,1136.6,6.6139,0.49968
830.5,933.28,6.6254,0.49959
1327.5,1425.1,6.5995,0.49975
814.61,781.7,6.6331,0.49953
538.81,812.25,6.6293,0.49959
1413.6,1128.4,6.6175,0.49961
2576.4,1414.4,6.6085,0.49958
491.68,1503.5,6.5897,0.4999
693.85,795.5,6.6311,0.49956
447.35,1132.9,6.6108,0.49974
407.18,657.59,6.6369,0.49955
490.76,1488,6.5907,0.4999
416.61,691.85,6.6349,0.49956
1441.4,868.95,6.6318,0.49949
2065.1,890.13,6.6341,0.49943
2018.3,1162.9,6.6189,0.49955
304.36,548.78,6.6422,0.49952
429.42,600.84,6.6403,0.49952
313.71,1061,6.6132,0.49975
467.03,1460.4,6.5923,0.49989
837.01,1473.3,6.5939,0.49983
1015.2,1564,6.5881,0.49987
2723.8,214.78,6.6904,0.49892
545.84,1022.4,6.6177,0.49968
305.03,578.56,6.6406,0.49953
572.73,1449.2,6.5938,0.49986
2779.5,547.36,6.6601,0.49914
2018.3,1176.5,6.6179,0.49956
2641.8,243.12,6.6859,0.49897
1617.6,870.75,6.6325,0.49947
2783.7,582.89,6.6578,0.49916
1610.5,1284.7,6.6092,0.49966
740.25,1178.5,6.6103,0.49971
1709.4,830.98,6.6351,0.49945
2276.7,836.99,6.6379,0.49938
831.27,780.29,6.633,0.49953
476.74,1386.7,6.5965,0.49985
323.4,999.13,6.6166,0.49972
466.62,1451,6.5927,0.49988
2758.9,1302.1,6.6172,0.49948
405.24,1447.5,6.5922,0.4999
2013.1,1216.6,6.6152,0.49958
1079.3,450.7,6.656,0.49933
330.66,1072.4,6.6126,0.49975
610.07,1410.1,6.5963,0.49984
723.17,1425.9,6.596,0.49983
1448.7,851.79,6.6323,0.49949
825.24,1462.1,6.5939,0.49984
414.6,1416.6,6.594,0.49988
1400.5,1259.1,6.6097,0.49967
1144.4,797.64,6.6338,0.4995
464.03,1382.7,6.597,0.49985
278.91,526.48,6.6431,0.49952
2773.4,566.41,6.6589,0.49915
498.21,1469,6.5918,0.49989
305.66,576.84,6.64,0.49954
824.59,1543.6,6.5882,0.49988
1998,1164.1,6.6183,0.49956
610.73,1423.6,6.5954,0.49985
303.46,1052.8,6.6132,0.49975
2778.6,565.8,6.6589,0.49915
1921.3,1496.8,6.5974,0.49973
324.71,1000.9,6.6164,0.49972
1679.8,1547,6.5929,0.49978
2040.7,891.95,6.6334,0.49944
2708.2,442.55,6.6667,0.49911
270.33,488.09,6.6459,0.4995
580.78,1527,6.5884,0.4999
2056.2,1213.7,6.6154,0.49958
721.89,1442,6.5949,0.49984
1887.2,705.62,6.643,0.49937
1437.2,1143.2,6.616,0.49962
1449.7,907.98,6.6291,0.49951
795.87,768.31,6.6331,0.49953
2758.8,1327.4,6.6155,0.4995
2781.3,782.19,6.6455,0.49926
683.13,1108.2,6.6138,0.49969
1443.5,840.17,6.6324,0.49949
1158.2,1439.9,6.5974,0.49978
1966.8,1412.5,6.603,0.49968
2213,1006.6,6.6283,0.49946
449.55,668.6,6.6357,0.49955
2035,1215.3,6.6153,0.49958
573.81,720.81,6.6338,0.49955
1813.9,1227.7,6.6133,0.49961
2060.2,1000.7,6.6274,0.49948
2737.9,1306.5,6.6163,0.49949
596.15,1407,6.5958,0.49984
339.64,1031.5,6.6145,0.49973
506.98,1392,6.5961,0.49985
2506.5,576.11,6.6554,0.49922
2021.6,1420.5,6.6027,0.49968
326.99,1041.7,6.6141,0.49974
837.04,1522.5,6.5896,0.49987
1222.5,1514.3,6.5926,0.49981
2583,1394.5,6.609,0.49957
606.91,1052.8,6.6161,0.49968
2258.5,1128.8,6.6213,0.49951
627.28,1526.4,6.5888,0.4999
807.54,1544,6.5879,0.49988
425.19,954.94,6.6198,0.49968
2783.7,420.6,6.6697,0.49907
2773,559.45,6.659,0.49915
699.65,793.03,6.6307,0.49956
2708.4,444.2,6.6662,0.49911
271.56,550.76,6.6413,0.49954
2791.7,751.69,6.6477,0.49924
1107.6,875.36,6.6284,0.49954
842.03,1483.3,6.5922,0.49985
765.23,953.77,6.6225,0.49962
677.74,781.09,6.6313,0.49956
459.4,643.73,6.6373,0.49954
1069.9,1411.9,6.5985,0.49978
685.98,820.98,6.6287,0.49958
469.21,1414.4,6.5943,0.49987
319.24,1053.2,6.6133,0.49975
1442.2,1096.3,6.6182,0.4996
395.15,1574.1,6.5834,0.49997
586.73,1159.9,6.61,0.49973
844.39,1460.2,6.5937,0.49984
807.25,1461.2,6.5934,0.49984
467.74,1482.8,6.5908,0.4999
852.58,1264.6,6.6057,0.49974
2731,1333,6.6144,0.49951
403.35,1618.9,6.5801,0.49999
1417.2,1261.5,6.6092,0.49967
2012.2,853.74,6.6349,0.49943
1411.1,1418.1,6.5997,0.49974
2485.6,454.73,6.6634,0.49916
1024.3,1438.1,6.5961,0.4998
1436.3,1223.1,6.6114,0.49965
997,1472.6,6.5941,0.49982
2753.9,1321.9,6.6154,0.4995
316.97,586.95,6.639,0.49955
2243.5,1455.2,6.6017,0.49967
1969.7,1440.9,6.6012,0.49969
2737.4,1306.5,6.616,0.4995
1169.9,1089.2,6.6175,0.49962
737.69,1492.5,6.5908,0.49987
690.14,1492.8,6.5908,0.49987
1620.4,877.16,6.6313,0.49948
2623.3,427.88,6.6663,0.49912
1444.8,868.67,6.6304,0.4995
835.76,1459.6,6.5935,0.49984
2794.4,963.16,6.6359,0.49933
1449,801.97,6.6345,0.49947
1291.2,1436.5,6.598,0.49977
1236.6,1504,6.593,0.49981
1951.4,1488,6.5974,0.49972
2041.8,895.76,6.6326,0.49944
1621.5,1175.5,6.6149,0.49961
2645.6,244.86,6.6847,0.49897
516.08,1522.7,6.5879,0.49992
820.73,761.47,6.6328,0.49953
1949.6,1459.8,6.5993,0.49971
287.93,500.95,6.6444,0.49951
402.05,1398.1,6.5945,0.49988
803.59,787.82,6.6311,0.49955
2224.1,677.43,6.6461,0.49932
2754.4,554.15,6.6587,0.49916
322.94,926.57,6.6194,0.4997
2746.3,1305.3,6.6156,0.4995
2779.3,562.13,6.6585,0.49916
2631.8,322.49,6.6756,0.49905
2800.8,901.4,6.6385,0.49931
337.91,989.48,6.6161,0.49972
1609,1550.6,6.5913,0.4998
327.63,1026.9,6.6144,0.49974
2760.3,1289.8,6.617,0.49948
2733.1,1323.6,6.6146,0.49951
273.74,526.55,6.6431,0.49952
1246.6,1490.6,6.5935,0.49981
1749.2,674.9,6.6431,0.49938
800.18,1543.1,6.5874,0.49989
296.88,572.65,6.6397,0.49954
333.09,1067.9,6.612,0.49975
744.67,1238,6.6061,0.49975
2274,983.24,6.6288,0.49945
691.05,1480.7,6.5914,0.49987
743.61,1207.3,6.6077,0.49973
1113.3,1224.4,6.6093,0.49969
1783.6,1442.5,6.5993,0.49972
1009.3,1437.8,6.5957,0.49981
1426.4,1195,6.6126,0.49964
2774.5,737.98,6.6471,0.49925
2071.6,863.04,6.6341,0.49943
1618.5,1204.1,6.6131,0.49963
1622.1,852.68,6.6323,0.49948
2762.4,570.4,6.6576,0.49917
846.18,1120.3,6.6135,0.49968
821.64,786.86,6.6312,0.49954
1473.4,818.12,6.6331,0.49948
430.31,620.91,6.6379,0.49954
2769.5,717.66,6.6485,0.49924
302.7,517.52,6.6435,0.49951
557.9,691.21,6.6347,0.49954
2781.4,1144.5,6.6255,0.49941
414.93,724.46,6.6318,0.49959
910.27,1579.2,6.5857,0.49989
560.93,707.34,6.6341,0.49955
787.7,888.64,6.6257,0.49959
1475.5,879.26,6.6296,0.49951
966.38,576.5,6.6452,0.49942
2769.1,1140.4,6.6254,0.49942
2072,1428.4,6.6021,0.49968
521.14,578.51,6.6419,0.49949
1161.3,1119.1,6.6156,0.49964
2038.1,1163.3,6.6176,0.49956
1416.2,1115.9,6.6168,0.49961
470.29,1520.3,6.5872,0.49993
306.62,550.91,6.6408,0.49953
509.86,1421.6,6.5936,0.49987
2176.4,1497,6.5982,0.4997
689.2,825.7,6.6278,0.49958
316.87,559.56,6.6403,0.49954
2256.4,1143.7,6.6198,0.49952
801.9,1541.9,6.5876,0.49989
1251.7,1505.2,6.5922,0.49982
1800.5,1176.4,6.615,0.4996
2733.1,1322.4,6.6144,0.49951
565.18,1190,6.6082,0.49975
1406.8,1427.2,6.5987,0.49975
730.86,870.05,6.6256,0.4996
2764.5,587.79,6.6563,0.49918
2764.9,1306.7,6.6154,0.4995
565.71,1070.1,6.6137,0.49971
2781.4,576.37,6.6572,0.49916
1441.2,1185.4,6.6129,0.49964
2061.9,997.12,6.6267,0.49949
2022.7,897.69,6.6318,0.49945
1646.9,851.55,6.6318,0.49948
709.35,799.08,6.6297,0.49957
829.78,1123.8,6.6129,0.49969
454.76,1349.1,6.5977,0.49985
1315.6,1512.4,6.5919,0.49981
588.49,730.38,6.6324,0.49956
935.76,1541.8,6.5882,0.49987
2612.7,441.53,6.6649,0.49913
1425.8,1258.2,6.6088,0.49967
784,787.21,6.6309,0.49955
1254.1,1619.7,6.5837,0.49988
1167.1,770.43,6.6342,0.49949
2300.7,656.21,6.6471,0.49931
2235.6,1147,6.6191,0.49953
306.64,916.21,6.6193,0.4997
1418.3,1401.8,6.6001,0.49974
2753.5,536.77,6.6599,0.49915
2243.7,1453.4,6.6011,0.49967
2066,894.14,6.6322,0.49944
2776.6,738.67,6.647,0.49925
578.59,1484.7,6.59,0.49989
2037.8,998.7,6.6263,0.49949
573.67,1375,6.5969,0.49984
305.92,880.55,6.621,0.49969
1648.2,837.71,6.6325,0.49947
1886.7,1488.2,6.5964,0.49974
2795.6,945.7,6.6355,0.49933
2787.8,1129.4,6.6259,0.49941
578.03,1482.9,6.5901,0.49989
593.6,838.21,6.6267,0.4996
812.53,1104.9,6.6137,0.49968
1123,1251.1,6.6071,0.49971
840.09,1473.2,6.5924,0.49985
1596.2,1249.7,6.6099,0.49965
831.36,1103.5,6.6138,0.49968
2762.3,563.48,6.6575,0.49917
2522.4,423.66,6.6652,0.49914
1175.9,1130.5,6.614,0.49965
831.55,1540.2,6.5876,0.49988
2608.6,1358.9,6.61,0.49956
697.72,1247.7,6.6051,0.49976
1888,1508.7,6.5952,0.49975
2263.4,1403.5,6.6043,0.49965
281.13,840.11,6.6231,0.49968
1462.6,847.5,6.6308,0.4995
272.21,550.16,6.6402,0.49955
2714.7,513.01,6.6609,0.49915
272.64,534.99,6.6413,0.49954
2760.5,1323.1,6.614,0.49951
496.53,1387.2,6.5955,0.49986
454.75,1015.7,6.6153,0.49971
1450.8,902.52,6.6277,0.49952
1744.7,1547.8,6.5914,0.49979
2781.4,300.49,6.6792,0.49899
2759.4,1317.8,6.6147,0.4995
1117.3,1168.9,6.6118,0.49967
2232.3,1140.6,6.6197,0.49953
1190,1463.3,6.5946,0.4998
2066.4,918.06,6.6307,0.49946
726.62,1423.1,6.5947,0.49984
2175.4,717.06,6.6428,0.49935
1929.6,1472.6,6.5979,0.49972
1412.5,748.98,6.6364,0.49946
606.2,1434,6.5932,0.49986
1591.8,1272.5,6.6084,0.49966
2776.1,759.62,6.6452,0.49926
1110,1101,6.615,0.49965
1107.8,1168,6.6113,0.49968
2784.2,1159.4,6.6239,0.49942
699.24,777.95,6.63,0.49956
298.78,915.35,6.6189,0.49971
706.32,1444,6.5928,0.49986
1470.7,1121,6.6158,0.49961
1628.7,1205.3,6.6123,0.49963
601.67,1523.7,6.5875,0.49991
2018.9,1385,6.6036,0.49967
615.94,1420.6,6.594,0.49986
1831.6,1219,6.6128,0.49961
2758.8,1321.8,6.6144,0.4995
2255,1193.6,6.6171,0.49955
1450.3,789.02,6.6342,0.49947
2610.9,419.11,6.6659,0.49913
724.39,1487.1,6.5905,0.49987
2030.7,1235.4,6.6126,0.4996
2775.7,716.99,6.6479,0.49924
2738.4,1296.6,6.6154,0.4995
818.63,766.54,6.6319,0.49954
1916.3,718.12,6.6413,0.49938
475.74,1112.1,6.6105,0.49974
1113.9,1235.9,6.6078,0.4997
285.07,874.12,6.6212,0.49969
563.69,1590.5,6.5817,0.49996
801.06,1450.9,6.5928,0.49985
308.56,580.5,6.6381,0.49955
1169.7,798.71,6.6322,0.49951
1776.3,704.73,6.6405,0.4994
1879.3,1505.2,6.5951,0.49975
2792,728.84,6.6477,0.49924
1170.9,1096.6,6.6159,0.49964
460.32,1013.6,6.6157,0.49971
2760.3,1321.1,6.6139,0.49951
609.65,1091.1,6.6123,0.49971
2095.3,644.18,6.6462,0.49933
2093.2,1426.2,6.6017,0.49968
577.03,1450,6.5919,0.49988
334.91,904.48,6.6197,0.49969
497.96,1178.3,6.6071,0.49977
741.41,1471.5,6.5911,0.49987
1447.2,896.85,6.6277,0.49952
996.5,1570.2,6.5856,0.49989
2751.8,1342.3,6.6128,0.49952
715.8,1445.2,6.5927,0.49986
2792.7,734.11,6.6467,0.49924
1506,626.22,6.6442,0.49939
1845.6,1173.5,6.6148,0.4996
917.71,1580,6.5847,0.4999
444.06,1155.6,6.6078,0.49977
618.66,1435.3,6.5927,0.49987
611.64,545.53,6.6435,0.49947
1586.3,1416.9,6.5994,0.49974
2010.7,1421.1,6.6014,0.49969
2528.6,417.6,6.6654,0.49914
1949.3,1476.8,6.597,0.49973
2761.1,1307,6.615,0.4995
689.7,1091.1,6.6132,0.4997
1445.4,777.02,6.6343,0.49947
2280.2,671.15,6.6458,0.49932
2188,1264.6,6.6121,0.49959
2225.4,1199.7,6.6155,0.49956
485.37,989.74,6.617,0.49969
576.45,1405.3,6.5945,0.49986
2066.1,914.63,6.6304,0.49946
1955,1430.6,6.6005,0.4997
810.67,1472.2,6.5917,0.49985
455.27,985.51,6.6164,0.4997
1468.5,1151.4,6.6139,0.49963
494.4,1407.4,6.5941,0.49987
1176.6,1068.7,6.6171,0.49963
271.81,522.19,6.6417,0.49953
1749.9,719.17,6.6396,0.49941
563.56,1590.9,6.5814,0.49996
2763,1299.6,6.6154,0.4995
618.48,1221,6.6055,0.49977
458.41,1378.1,6.5953,0.49986
1125.8,751.12,6.6339,0.4995
2042.3,919.88,6.63,0.49946
1841.3,911.34,6.6292,0.49948
1652.2,857.62,6.6308,0.49949
1167.4,1099.3,6.6154,0.49964
1860.1,870.35,6.6319,0.49946
745.01,1256.8,6.6045,0.49976
968.47,598.03,6.6427,0.49944
279.62,569.23,6.6385,0.49956
1976.8,1515.1,6.5949,0.49974
591.11,711.52,6.6327,0.49956
1477,772.12,6.6346,0.49947
827.5,1473,6.5917,0.49985
1764,1288.4,6.6082,0.49965
844.65,1221,6.6072,0.49973
1477.6,851.86,6.63,0.4995
1809.9,1248.5,6.6102,0.49964
456.85,623.06,6.6371,0.49954
1995.9,1165.6,6.6161,0.49957
2745.2,1300.9,6.6145,0.49951
1107.8,1195.8,6.6093,0.49969
1601,1226.2,6.6105,0.49965
283.18,843.28,6.6224,0.49968
1447.3,929.95,6.626,0.49954
1594.4,1260.8,6.6085,0.49966
2766.1,1157.4,6.6232,0.49943
2764,1302.9,6.6146,0.4995
2741.8,1304.8,6.6145,0.49951
278.72,556.44,6.6392,0.49955
1660.5,844.42,6.6318,0.49948
2019.8,1153.2,6.617,0.49957
1776.9,1171,6.6147,0.4996
2783.6,1145.7,6.6237,0.49943
1619.5,1235.7,6.6102,0.49965
512.05,1506.4,6.5871,0.49992
2737.4,1321.6,6.6135,0.49952
1278.4,500.93,6.6511,0.49935
2740,1286.3,6.6156,0.4995
2767.7,607.7,6.6539,0.49919
1434.6,1247.8,6.6084,0.49968
1413.2,1179.6,6.6121,0.49965
843.6,1454.4,6.5929,0.49984
539.45,778.36,6.6285,0.49959
707.89,878.99,6.624,0.49961
2101.2,1423.3,6.6011,0.49968
577.13,1403.1,6.5943,0.49986
2144.7,641.07,6.6462,0.49933
2186.4,1267.5,6.6114,0.4996
1254.6,1618,6.5829,0.49989
1172,1419.4,6.5967,0.49979
2767.7,1285.1,6.6156,0.49949
2255.1,1138.7,6.6192,0.49953
2783.6,583.1,6.6557,0.49918
1605.6,1178,6.6132,0.49963
313.33,503.71,6.6433,0.49951
808.19,1231.7,6.6054,0.49975
1096.4,1542.3,6.5879,0.49986
1164.3,1236.1,6.6076,0.4997
2022.7,1252.9,6.6113,0.49961
491.87,1518,6.5866,0.49993
1852.8,709.67,6.6403,0.4994
2779.2,924.35,6.6354,0.49934
829.84,1453.7,6.5927,0.49985
1409.3,1217.4,6.6098,0.49967
694.96,1457.5,6.5915,0.49987
2794.2,755.73,6.6449,0.49926
1106.8,1222.7,6.6075,0.49971
501.34,1452.3,6.5905,0.4999
2211.7,1198.1,6.6158,0.49956
1127.9,783.69,6.6317,0.49952
1166.6,1428.1,6.5957,0.49979
1115.9,1464.2,6.5939,0.49981
1620.7,1545,6.5904,0.4998
1442.2,1498.2,6.5924,0.4998
2785.6,1124.8,6.6247,0.49942
1164,1194,6.6097,0.49968
1397.7,1466.4,6.5948,0.49978
1262.5,1618.8,6.5823,0.49989
504.62,1501.3,6.5873,0.49992
406.16,1406.8,6.5926,0.49989
849.45,1102,6.613,0.49968
1121.2,1114.2,6.6138,0.49966
478.62,1125.2,6.609,0.49975
1971.8,695.96,6.6417,0.49938
2783.3,1116.2,6.6254,0.49941
1523.5,1480.5,6.5942,0.49978
1104.4,1209.1,6.6085,0.4997
584.43,787.36,6.6278,0.49959
740.66,1526.5,6.5872,0.4999
581.56,1051.7,6.6134,0.49971
2780,548.15,6.6577,0.49916
2019.7,1188.1,6.6143,0.49959
570.19,1586.6,6.5816,0.49996
2758.7,1318.7,6.6137,0.49951
713.81,1524.9,6.5871,0.4999
1145,1407.7,6.5971,0.49979
1105.8,1096,6.6148,0.49965
607.93,1409.1,6.5938,0.49986
2794.1,712.88,6.6476,0.49924
496.69,548.2,6.6417,0.4995
1832.1,1215.5,6.612,0.49962
1810.7,713.45,6.6396,0.4994
1813.7,1018.3,6.6227,0.49954
2777.3,728.18,6.6464,0.49925
445.98,705.26,6.6315,0.49958
1440,1210.8,6.6101,0.49966
1281.3,1409.5,6.5976,0.49977
2090.4,1423.3,6.6006,0.49969
273.65,524.12,6.6409,0.49954
2519.4,430.63,6.6634,0.49916
804.55,1428.3,6.5934,0.49984
2786.1,1164.9,6.6222,0.49944
1617.1,1217.5,6.6106,0.49965
437.63,684.36,6.6322,0.49958
476.06,1024.7,6.6138,0.49972
2000.2,1430.8,6.5997,0.4997
2775.2,549.14,6.6574,0.49917
2796.5,922.28,6.6354,0.49933
2762.9,553.04,6.657,0.49917
602.52,1431.1,6.592,0.49987
2322,1525,6.5956,0.49971
298.73,1004.6,6.6131,0.49975
1950,1472.1,6.597,0.49973
1837.3,1016.2,6.6228,0.49953
475.67,1075.7,6.6114,0.49974
2233.3,1136.3,6.6187,0.49954
416.9,645.37,6.6351,0.49956
2739.8,1284.7,6.6151,0.4995
799.84,1501.9,6.5884,0.49988
450.83,735.71,6.6301,0.49959
1118.7,1196.4,6.609,0.49969
1114.7,772.14,6.6324,0.49951
317.45,526.24,6.641,0.49953
2781.6,558.44,6.6568,0.49917
1429.1,1596.5,6.585,0.49986
607.32,1193.3,6.6057,0.49977
449.41,720.56,6.6301,0.49959
1153,1084.1,6.6154,0.49964
857.4,471.6,6.6497,0.4994
2073.3,894.8,6.6304,0.49946
1183.6,454.38,6.6534,0.49934
404.77,1577.1,6.5808,0.49999
1138.3,1431.9,6.5953,0.4998
2788.7,1116.2,6.6251,0.49941
1873.9,708.83,6.64,0.4994
1650.4,879.4,6.6287,0.4995
2778.9,946.05,6.6337,0.49935
2753.6,1331.1,6.6125,0.49952
599.74,1087.6,6.6114,0.49972
959.4,699.82,6.6352,0.4995
1955.9,1415.5,6.6005,0.4997
2740.4,1316.7,6.6127,0.49952
572.38,796.87,6.627,0.4996
2542.1,405.4,6.6655,0.49914
1766.2,1158.2,6.6145,0.4996
315.4,897.9,6.6191,0.4997
1122.3,1101.9,6.6141,0.49965
801.22,887.18,6.624,0.4996
831.07,1533.5,6.587,0.49989
713.86,876.81,6.6236,0.49961
2034.3,1381.4,6.6027,0.49968
745.71,1422.1,6.5932,0.49985
807.12,1451.4,6.5923,0.49985
2223.8,1200.1,6.6148,0.49957
579.54,1414.4,6.593,0.49987
2410.7,494.5,6.6571,0.49922
2025.7,893.65,6.6304,0.49946
2231.2,1172.3,6.6162,0.49956
1118.2,1208.1,6.6082,0.4997
919.65,1594.1,6.5826,0.49992
1993,1143.8,6.6164,0.49957
2170,719.01,6.6411,0.49937
1599.5,1237.4,6.6091,0.49966
2620.6,445.58,6.6625,0.49915
1447.2,1117.3,6.6146,0.49963
979.93,1621.1,6.5807,0.49993
2024.8,917.54,6.629,0.49947
797.48,1534.3,6.5866,0.4999
1453.6,1263.1,6.6065,0.49969
1119.7,1180.6,6.6097,0.49969
2762.2,1300.9,6.6144,0.4995
1169.2,1191.2,6.6094,0.49969
1804.9,1269.7,6.608,0.49965
465.11,625.39,6.6358,0.49955
504.65,1476.5,6.5884,0.49991
689.78,788.85,6.6279,0.49958
1954.3,1472.3,6.5968,0.49973
2494.4,456.91,6.6608,0.49918
822.23,1540.8,6.5855,0.4999
2789.3,713.13,6.647,0.49924
1332.6,1503,6.5909,0.49982
485.72,1146.8,6.607,0.49977
325.2,907.35,6.6186,0.4997
1756.5,1443,6.5974,0.49974
446.59,1103.4,6.61,0.49975
801.63,1105.7,6.6119,0.4997
1830.5,1291.5,6.6068,0.49966
795.81,810.65,6.6282,0.49957
2024.9,1257.1,6.61,0.49962
2774.5,530.68,6.6588,0.49916
1948.9,1428.2,6.5994,0.49971
1480.2,908.13,6.626,0.49954
2739,1312.1,6.6132,0.49952
1162.7,1232.8,6.6069,0.49971
1847.6,879.78,6.6297,0.49948
2245.4,1198.1,6.6147,0.49957
575.86,1583.5,6.5815,0.49996
804.98,1438.9,6.5923,0.49985
2735,1336.9,6.6114,0.49953
2248.6,1453.9,6.5993,0.49969
2537.2,411.48,6.6647,0.49915
1130.9,1083.7,6.6149,0.49965
921.26,1595.4,6.5826,0.49992
1996.6,1217.8,6.6126,0.4996
415.79,1621.1,6.577,0.50002
1603.7,1214.7,6.6102,0.49965
2272.1,1136.6,6.6186,0.49953
2762.8,1140.3,6.6232,0.49944
1777.4,1266.2,6.6083,0.49965
1087,453.98,6.6527,0.49935
1616.4,1257.3,6.608,0.49967
1945.7,1480.2,6.5965,0.49973
2618,430.77,6.6636,0.49914
1558.4,1565.1,6.5881,0.49983
291.89,482.91,6.6433,0.49952
585.31,710.07,6.6319,0.49956
592.08,700.99,6.6326,0.49956
504.17,1460.7,6.5893,0.49991
822.32,1537.8,6.5861,0.4999
1965.5,1444.3,6.5985,0.49972
2265.1,1195.4,6.6147,0.49956
2776.4,752.42,6.6446,0.49927
1112.3,782.02,6.631,0.49952
1461.1,1119.9,6.6142,0.49963
2764.1,1287.1,6.6149,0.4995
2458.9,1507.9,6.5976,0.49968
319.26,506.51,6.6419,0.49952
1408.1,1196.7,6.6102,0.49966
2748.5,1283.1,6.6145,0.49951
1984,1283.1,6.608,0.49964
970.34,580.6,6.6426,0.49944
2454.7,1527.4,6.5965,0.49969
449.92,681.98,6.6328,0.49957
2796.6,767.5,6.6438,0.49927
444.87,711.88,6.6303,0.49959
597.15,1068.8,6.6122,0.49971
1006.9,1468.3,6.5916,0.49984
2118.9,1126.6,6.6181,0.49955
1168.8,777.05,6.6317,0.49951
800.52,898.31,6.6224,0.49962
1467.2,876,6.6274,0.49953
1827.9,1191.5,6.6128,0.49961
1978,1472.6,6.5961,0.49973
1999.6,1253.4,6.6101,0.49962
939.18,1539.2,6.5864,0.49989
487.01,1415.6,6.5916,0.49989
934.59,1565,6.5846,0.4999
2776.1,902.97,6.6359,0.49933
614.44,1063.4,6.6122,0.49971
506.29,1484.9,6.5875,0.49992
1771.4,718,6.6383,0.49942
2063.8,1148.8,6.6163,0.49957
1445.1,1113.2,6.6144,0.49963
1172,1163,6.6106,0.49968
2743,1294.1,6.6139,0.49951
1255.6,1474.5,6.5926,0.49981
1428.2,1208.2,6.6094,0.49967
2082.8,994.98,6.6247,0.4995
1654.6,1188.3,6.6113,0.49964
1178.6,1491,6.5909,0.49983
2753.6,1338.4,6.6112,0.49953
2406.8,482.62,6.6577,0.49922
1337.5,1419.9,6.5967,0.49977
2767.3,1284.3,6.6145,0.4995
579.86,822.22,6.6256,0.49961
2062.1,1157.9,6.6157,0.49957
470.82,1384.3,6.5935,0.49988
2768.6,599.05,6.6533,0.4992
2748.2,1280.9,6.6144,0.49951
1170.6,1179.9,6.6096,0.49969
1407.6,1242.7,6.6073,0.49969
1168.6,1218.5,6.6075,0.4997
2269.6,660.59,6.6444,0.49933
1144.3,1408.7,6.5962,0.49979
1394.9,1463.3,6.5942,0.49979
2320.4,1523.1,6.5951,0.49971
1161.9,727.91,6.6349,0.49949
1892.6,1464,6.5963,0.49974
2767.7,1122.3,6.6234,0.49943
834.76,1456.5,6.5911,0.49986
1814.4,1014.3,6.6221,0.49954
1320.9,1419.8,6.5958,0.49978
1170.5,1111.1,6.6133,0.49966
2783.6,966.27,6.632,0.49936
2633.1,444.64,6.6625,0.49915
2776.8,754.28,6.6442,0.49927
1824,1289.8,6.6065,0.49966
809.54,1123.6,6.6101,0.49971
954.25,1580.3,6.583,0.49991
2800.5,964.94,6.6324,0.49936
2302.3,1292.9,6.6091,0.4996
729.93,1123.1,6.61,0.49972
1559.4,1553.2,6.5881,0.49983
733.27,814.74,6.6264,0.49959
1782.5,1244.6,6.6092,0.49965
1922.1,1518.4,6.5928,0.49976
846.94,1450.1,6.5919,0.49985
411.12,1617.3,6.5775,0.50001
2766.6,588.23,6.6535,0.4992
2254.5,1196.4,6.615,0.49956
276.58,601.04,6.6351,0.49959
1165.6,1205.4,6.608,0.4997
1949.9,1138.5,6.6161,0.49958
467.35,614.12,6.6363,0.49954
552.28,1549.3,6.5833,0.49995
1001.2,453.52,6.6512,0.49937
1133.7,440.26,6.6531,0.49935
1792.6,715.82,6.6384,0.49942
491.13,569.75,6.6395,0.49951
2199.4,670.24,6.6431,0.49935
2252.2,1234.3,6.6125,0.49958
2736.6,1296.8,6.6135,0.49952
2765.5,1142.2,6.6221,0.49944
1809.2,890.01,6.6281,0.4995
339.23,939.27,6.6161,0.49972
2765.6,1271.8,6.6157,0.49949
612.81,1471.2,6.5888,0.4999
2784,583.34,6.6539,0.49919
1168.3,1165.7,6.6101,0.49968
847.89,1235.2,6.605,0.49975
2006.8,1415.6,6.5995,0.4997
2744.7,1284.3,6.6142,0.49951
2095.7,847.63,6.6325,0.49944
730.1,1224.8,6.6041,0.49977
1920.6,692.38,6.64,0.49939
2214.2,680.34,6.6429,0.49935
1627.7,1211.7,6.6095,0.49965
2089.1,892.81,6.6299,0.49946
2799,911.9,6.6354,0.49933
1845.2,934.71,6.6263,0.49951
578.92,1184,6.6051,0.49977
475.35,1430,6.5904,0.4999
2098.4,591.94,6.6473,0.49932
500.74,1389.4,6.5931,0.49988
1926.6,1515.6,6.5926,0.49976
723.31,1404.3,6.5933,0.49985
1412.6,1205.2,6.6091,0.49967
1140.4,1427.2,6.5947,0.4998
1165.1,1220.9,6.6069,0.49971
279.24,493.64,6.642,0.49953
409.84,1412.4,6.5906,0.49991
1622.2,1252.1,6.6075,0.49967
466.07,644.85,6.6338,0.49956
279.4,819.37,6.6219,0.49969
1837,1223.8,6.6099,0.49964
516.11,1369,6.5941,0.49987
1760.1,1294.3,6.6054,0.49968
472.79,1394.2,6.5925,0.49988
1623.8,1234.6,6.6081,0.49967
1092.9,444.02,6.6523,0.49936
1098.2,733.33,6.6339,0.4995
1480.4,789.08,6.6318,0.49949
1653.9,876.58,6.6282,0.49951
2221.6,1210.1,6.6133,0.49958
1780,1428.6,6.5973,0.49974
1844,1197.5,6.6114,0.49962
1028.5,1531.9,6.5869,0.49987
2763.8,211.18,6.6872,0.49893
986.12,1629.6,6.579,0.49994
1901.6,1457.2,6.596,0.49974
471.52,756.35,6.6277,0.49961
1468.5,904.22,6.6252,0.49954
2050.8,1278,6.608,0.49964
2739.8,1316.2,6.6117,0.49953
2275.6,1141.9,6.617,0.49955
1438.3,1235.3,6.6074,0.49968
1807.7,945.55,6.6248,0.49952
1519.7,1486.8,6.5923,0.4998
2218.1,1215,6.6131,0.49958
1619.2,1257.4,6.6067,0.49968
1838.1,712.47,6.6385,0.49941
789.84,771.78,6.6291,0.49956
1010.9,461.15,6.6507,0.49938
1427.5,1594.4,6.5841,0.49987
1752.3,735.88,6.6369,0.49943
702.55,1526.7,6.5855,0.49991
2063.2,1183.8,6.6134,0.49959
803.32,1491.3,6.588,0.49988
288.85,479.5,6.643,0.49952
2459.7,1507.7,6.5967,0.49969
1840.6,1012.2,6.6218,0.49954
2765,1113.2,6.6237,0.49943
421.87,356.65,6.655,0.4994
995.7,1572.2,6.5835,0.4999
981.33,464.78,6.6502,0.49938
2253.1,663.46,6.6435,0.49934
284.05,483.54,6.6426,0.49952
1440.4,1176.2,6.6103,0.49966
1363.3,1394.6,6.5975,0.49977
1639.2,1159.6,6.6122,0.49963
726.23,1129.8,6.6091,0.49973
1908.2,1522.3,6.5924,0.49977
2082.6,998.61,6.6238,0.49951
1844.4,931.33,6.6261,0.49951
2195.8,1478.8,6.5963,0.49972
1677.9,862.05,6.6286,0.4995
708.9,1126.4,6.6088,0.49973
1946.5,1414.8,6.5989,0.49971
1448.4,780,6.6324,0.49949
425.86,1593.3,6.5789,0.5
1179.7,747.73,6.6323,0.49951
2212.6,1237.3,6.6116,0.49959
2559.1,388.1,6.6659,0.49913
2126.8,798.89,6.6352,0.49942
1590,1277.4,6.6057,0.49969
303.01,578.13,6.6362,0.49957
2009.1,1235,6.61,0.49962
2767.8,1162.8,6.6207,0.49945
1168.3,1177.5,6.609,0.49969
1427.9,1219.5,6.6081,0.49968
1469,1182.1,6.61,0.49966
1819.7,936.53,6.6257,0.49951
2792.8,1102,6.6243,0.49942
842.46,1100.8,6.611,0.4997
1806.5,1284.3,6.6066,0.49966
2024.9,1402.1,6.6001,0.4997
2053.4,871.58,6.6301,0.49946
1983.1,1227.4,6.6106,0.49962
1552,1461.9,6.5941,0.49978
966.1,518.2,6.6461,0.49942
1932.5,1469.4,6.5952,0.49974
416.53,1626,6.5761,0.50002
1004.8,1568.7,6.5837,0.4999
2595.9,1354.7,6.6074,0.49959
1434,1473.2,6.5924,0.4998
1556.7,1459.1,6.5942,0.49978
450.02,670.12,6.6325,0.49958
1961,1430.4,6.5979,0.49972
792.8,1538.6,6.5848,0.49991
1976.1,1413.5,6.5991,0.49971
607.04,1386.2,6.5933,0.49986
329.52,1044.9,6.6103,0.49977
487.42,1363,6.5939,0.49987
