711.14,640.06,6.7377,0.49878
603.25,715.32,6.711,0.49898
633.23,816.56,6.6913,0.49912
2388.9,314.07,6.7305,0.49867
979.24,210.9,6.7338,0.49875
977.54,210.55,6.7336,0.49875
1017.6,209.19,6.7317,0.49876
1027.7,220.14,6.7273,0.49879
1924.6,1478.1,6.645,0.49937
930.1,226.04,6.719,0.49886
522.54,957.52,6.6609,0.49936
335.4,1504.4,6.6265,0.49965
950.01,219.95,6.718,0.49887
337.13,1525.3,6.6238,0.49967
1876,1503.8,6.6349,0.49945
1819.9,1107.5,6.6586,0.49927
1379.1,1067.6,6.6583,0.4993
1465.8,1084.6,6.6564,0.49931
2086.8,1147,6.6562,0.49926
2120.9,742.31,6.6785,0.49909
2055.7,733.41,6.6784,0.49909
2080.7,737.82,6.6782,0.49909
1333.7,1077.1,6.6553,0.49933
1810.6,1127.8,6.6547,0.4993
1743.4,1381.8,6.6392,0.49942
1422.8,1090.9,6.6541,0.49933
1521.4,1387.4,6.6369,0.49946
2432,416.25,6.6995,0.49889
1873,1533.1,6.6282,0.4995
2478.9,393.5,6.7006,0.49888
2143.5,765.74,6.6736,0.49912
1850,1147.4,6.6509,0.49932
1769.4,1134.1,6.6512,0.49933
1848.2,1145.6,6.6502,0.49933
2521.9,362.24,6.7027,0.49886
2480.3,399.48,6.6988,0.49889
766.96,1039.5,6.6495,0.49941
2134.7,714.1,6.675,0.49911
1874.1,1157.5,6.6488,0.49934
2516.2,354.87,6.7031,0.49885
1763.4,1149.3,6.6484,0.49935
2138.9,746.48,6.6724,0.49913
1358.9,1023.6,6.6528,0.49934
1872.5,1154.7,6.6484,0.49934
2439.3,425.71,6.6953,0.49892
942.91,245.47,6.7054,0.49896
2326.7,723.61,6.6747,0.49909
883.87,235.85,6.7056,0.49896
580.54,1038.1,6.6455,0.49946
322.64,970.17,6.6467,0.49949
2488.8,404.86,6.696,0.49891
1422,1515.6,6.6216,0.49958
1020.1,1084.2,6.6459,0.49942
559.37,1041.4,6.6443,0.49947
1789.4,1078.2,6.6495,0.49933
2111.9,756.61,6.6689,0.49916
575.86,937.07,6.6499,0.49943
2088.9,1072.8,6.6512,0.4993
944.89,222.65,6.7057,0.49896
1873.9,1465,6.6268,0.49951
1754.4,1076.7,6.6492,0.49934
2684.5,1180.4,6.6499,0.49924
1677,1688.3,6.6076,0.49967
1810.1,1592.7,6.6161,0.49959
367.88,893.69,6.6496,0.49946
1836.8,1449.1,6.6268,0.49951
1143.6,972.26,6.6509,0.49937
349.81,987.84,6.644,0.49951
1052.5,1097.4,6.6435,0.49943
546.18,1046,6.6424,0.49949
2003.8,1527.1,6.6222,0.49953
1785.3,1096.6,6.6468,0.49935
510.65,930.18,6.6486,0.49945
926.51,251.64,6.701,0.49899
486.28,924.63,6.6486,0.49945
1862.9,1142.1,6.6446,0.49937
1437.7,1066.2,6.6463,0.49938
2331.7,772.86,6.668,0.49914
2056.8,1110.8,6.6478,0.49933
1104.3,1105.1,6.6428,0.49943
758.67,1033.1,6.6438,0.49945
507.6,1038.7,6.6418,0.4995
1049.2,1069.7,6.6436,0.49943
322.09,885.65,6.6482,0.49948
1438.9,1054.1,6.647,0.49938
2000.5,1525.7,6.6215,0.49954
1435,1108.3,6.6435,0.4994
1439,1011.3,6.649,0.49936
1784.5,1050.7,6.6486,0.49934
1830.8,1093.3,6.6467,0.49935
2307.4,740.4,6.6688,0.49914
841.45,988.63,6.6467,0.49942
2082.6,1117.1,6.6466,0.49933
2311.4,772.44,6.6669,0.49915
1377.1,1522.1,6.6173,0.49961
1137.5,1041.4,6.6448,0.49942
305.15,883.07,6.6473,0.49949
1136.6,1083.3,6.6424,0.49943
2074.6,766.81,6.6651,0.49919
369.22,1001.6,6.6417,0.49952
855.28,254.25,6.6983,0.49902
2139.2,777.42,6.6647,0.49919
1397.5,1137.4,6.6414,0.49942
1343.2,1104.2,6.6423,0.49942
758,994.42,6.6447,0.49945
548.4,946.21,6.6462,0.49946
760.99,980.55,6.6459,0.49944
1861.5,1063.5,6.6473,0.49934
2080.7,1115.3,6.6458,0.49934
1399.5,1011.1,6.6477,0.49937
838.09,1008,6.644,0.49945
574.55,899.56,6.6485,0.49944
2337.3,839.94,6.6622,0.49919
1780.3,1087.5,6.6453,0.49937
567.44,1063,6.639,0.49951
807.37,989.27,6.6453,0.49944
916.27,211.73,6.7036,0.49897
2361.7,788.11,6.6651,0.49916
729.76,1072.3,6.64,0.49949
1137.4,1033.8,6.6446,0.49942
1142.3,1130.4,6.639,0.49946
2044.2,764.17,6.6643,0.4992
729.49,979.15,6.645,0.49945
2333.1,1223.9,6.6407,0.49936
1049.8,1024,6.6445,0.49942
1775.8,1144.7,6.6413,0.4994
840.05,1085.8,6.6399,0.49948
2642.4,612.02,6.6776,0.49903
808.54,1082.9,6.6397,0.49948
1046.9,1038.5,6.6429,0.49944
2117.1,1127.8,6.6444,0.49935
1342,1070.1,6.6427,0.49942
571.76,973.36,6.643,0.49948
930.79,1490,6.6155,0.49966
1306.9,1005.5,6.6465,0.49939
512.19,998.53,6.6416,0.4995
1367.9,1516.1,6.6166,0.49962
548.29,1043.7,6.6393,0.49951
2051.1,1087.2,6.6457,0.49934
1100.9,1033.6,6.6435,0.49943
1013.2,1023.6,6.6434,0.49944
2078.1,806.55,6.6609,0.49922
1820.9,764.56,6.6619,0.49923
1341.6,697.34,6.6634,0.49925
2075.8,1138.9,6.6423,0.49937
485.79,887.34,6.6467,0.49946
1851.6,769.14,6.6616,0.49923
2072.9,1166.8,6.641,0.49938
2379.5,797.72,6.6631,0.49918
2049.2,1084.5,6.6453,0.49934
1100.9,987.2,6.6454,0.49941
1854.5,1120.8,6.6417,0.49939
1032.8,1619.5,6.6055,0.49973
488.8,1039.3,6.6382,0.49953
569.91,1026.7,6.6391,0.49951
1821,1442.6,6.6222,0.49954
2376.5,767.92,6.6645,0.49917
930.46,210.01,6.7019,0.49898
2132.8,1212.8,6.6383,0.49939
1064.1,1620.5,6.605,0.49973
1393.4,707.31,6.6623,0.49926
2807.3,732.03,6.6706,0.49906
548.27,904.26,6.6456,0.49946
368.32,863.04,6.646,0.49948
308.43,996.57,6.6379,0.49956
927.94,214.89,6.7008,0.49899
1853.1,1110.5,6.642,0.49939
946.5,1448.1,6.6171,0.49965
839.95,957.14,6.6446,0.49944
836.4,1063.3,6.6383,0.49949
2806.9,727.19,6.6706,0.49906
911.95,213.65,6.7006,0.499
510.18,898.5,6.6452,0.49947
914.02,209.25,6.7012,0.49899
738.98,1097.8,6.6356,0.49952
368.02,983.03,6.6383,0.49954
760.83,1041.2,6.6392,0.49949
580.15,926.87,6.6437,0.49947
508.48,970.21,6.6404,0.49951
947.59,1438,6.617,0.49965
2010.9,1454.7,6.6219,0.49953
2384.2,862.32,6.6582,0.49921
2132.2,1218,6.6369,0.4994
1946.7,1533.2,6.6158,0.49958
2661.5,1200.5,6.6422,0.49931
2789.4,588.7,6.6781,0.499
1304.2,1063.6,6.641,0.49943
1393.3,1072.5,6.641,0.49943
1047.5,1079.7,6.6385,0.49947
2113.5,1101.4,6.6432,0.49936
351.4,907.48,6.6423,0.49952
1134.9,1088.9,6.6385,0.49946
1851.9,1107.3,6.6413,0.49939
2143.2,826.2,6.6582,0.49924
2007.8,1458.3,6.6213,0.49954
1032.3,363.01,6.6837,0.49912
2136.6,1150.4,6.6402,0.49938
934.89,220.47,6.6994,0.499
727.79,943.66,6.6437,0.49946
2325.2,1227,6.6376,0.49938
1770.1,1145.9,6.6387,0.49942
923.21,1519.5,6.6108,0.4997
2247.2,530.62,6.6769,0.49908
736.94,1098.9,6.6349,0.49952
2788.8,584.47,6.678,0.499
1141.5,1008.4,6.6422,0.49943
2315.2,742.97,6.6644,0.49917
2801,734.85,6.6687,0.49907
928.31,211.1,6.6999,0.499
329.81,948.71,6.6388,0.49955
2072.9,1096.4,6.6424,0.49936
840.03,1056.5,6.6376,0.49949
1338.1,1111,6.6376,0.49946
2131.2,1186.2,6.6373,0.4994
2782.3,588.86,6.677,0.49901
1308.4,1162,6.6342,0.49948
1009.8,1078.7,6.6374,0.49948
1739.2,1063.8,6.6422,0.49939
1943,1530.9,6.6149,0.49959
2135.4,769.18,6.6601,0.49922
2358.8,771.83,6.6618,0.49919
1053.5,1001,6.6415,0.49945
367.79,941.84,6.639,0.49954
2313.1,824.78,6.6584,0.49922
2129.7,730.61,6.6625,0.4992
2478.2,455.18,6.6827,0.49901
2108.7,1135.3,6.64,0.49938
750.26,1105.4,6.6335,0.49953
545.37,1077.1,6.6334,0.49956
909.47,210.3,6.699,0.49901
348.48,911.51,6.6403,0.49953
2102.3,1212.7,6.6354,0.49942
2135.6,1109.4,6.6412,0.49937
1409.9,1172.3,6.6335,0.49948
1781.5,1463,6.6176,0.49958
904.18,222.1,6.6971,0.49902
323.08,931.02,6.6382,0.49955
1394.7,1172.1,6.6331,0.49949
306.96,853.11,6.6429,0.49952
2656.5,1602.9,6.6138,0.49953
510.53,1024.8,6.6351,0.49955
2637.3,636.37,6.6713,0.49908
1119.1,1148.8,6.6328,0.49951
752.09,1106.3,6.6329,0.49954
1850.9,1079.3,6.6408,0.49939
899.18,235.72,6.6948,0.49904
1321.2,1166.7,6.6329,0.49949
2334,830.56,6.6573,0.49923
515.06,920.41,6.641,0.4995
2538.3,1450.2,6.6238,0.49947
351.12,877.63,6.6417,0.49952
324.1,860.38,6.6424,0.49952
2148.6,1545.2,6.6136,0.49958
1424.2,1124.1,6.6359,0.49946
1302.5,1018.6,6.6411,0.49943
2817.7,1021.7,6.6518,0.4992
2131.6,1140.1,6.6388,0.49939
351.95,923.99,6.6392,0.49954
1104.8,1148.8,6.6323,0.49951
959.79,1459.1,6.6129,0.49968
1300.9,708.51,6.6581,0.4993
1817.8,1081.9,6.6399,0.4994
2378.1,1138.1,6.6404,0.49935
2299.9,1237.8,6.6341,0.49941
517.19,925.44,6.6402,0.49951
2653.3,654.69,6.6697,0.49909
1296.6,1114.2,6.6353,0.49948
1957.2,1483.8,6.6167,0.49957
901.4,217.6,6.6971,0.49902
2316.9,858.11,6.6551,0.49924
350.9,870.97,6.6417,0.49952
1410.7,1174.6,6.6323,0.49949
1424.5,1085.5,6.6375,0.49945
1018.5,1141.8,6.6318,0.49952
1389.1,660.31,6.6611,0.49927
765.73,968.24,6.6396,0.49948
2122,1217.9,6.6339,0.49943
1025.3,344.02,6.6825,0.49913
2065.1,725.54,6.6607,0.49922
1432.6,1048.3,6.6392,0.49944
2076.1,797.1,6.6565,0.49925
2642,665.65,6.6685,0.4991
362.55,1042.4,6.6317,0.4996
325.44,982.58,6.6342,0.49958
361.49,1041,6.6318,0.49959
1733.7,1200.5,6.632,0.49947
733.9,1391.4,6.6149,0.49968
943.72,1456.7,6.6126,0.49968
1778.3,1584.3,6.6076,0.49966
845.53,981.51,6.639,0.49948
1426.9,704.23,6.6577,0.49929
1748,1201.5,6.632,0.49947
1120.4,1151.6,6.6314,0.49952
1737.5,771.88,6.6558,0.49928
1808.8,1160,6.6348,0.49944
2669.8,780.57,6.6615,0.49915
1302.3,1168.2,6.6314,0.49951
1322,1169.6,6.6313,0.4995
1813.4,720.89,6.659,0.49925
332.6,1031.2,6.6317,0.4996
1856,796,6.6547,0.49928
1853.9,793.91,6.6548,0.49928
1728.5,1153.6,6.6345,0.49945
1101.6,1151.2,6.631,0.49952
913.1,245.31,6.692,0.49906
805.52,1062.1,6.6343,0.49952
2328.2,1135.3,6.6391,0.49937
1015.7,1142.9,6.6309,0.49953
1767.5,1167.7,6.6336,0.49946
1345,1043.9,6.6381,0.49945
2798.4,623.52,6.6723,0.49904
2363.5,842.56,6.6552,0.49924
370.38,1044.4,6.6312,0.4996
578.55,1074.7,6.632,0.49956
2149,1545,6.6121,0.49959
2325.3,1163,6.6374,0.49938
1093.4,1097.5,6.634,0.4995
1772.9,1083.4,6.6382,0.49942
2031.5,1175.4,6.6348,0.49943
916.78,231.54,6.6936,0.49905
2626.9,420.83,6.684,0.49898
1031.2,1146.4,6.6306,0.49953
1980,1485.1,6.6156,0.49958
768.13,1072.8,6.6329,0.49954
568.11,942.09,6.6384,0.49951
1389.1,1176.5,6.6309,0.4995
551.28,1026,6.6342,0.49955
2127.9,1148.4,6.6368,0.4994
1131,691.46,6.6566,0.49932
867.38,264.08,6.6896,0.49908
1810.6,1209,6.6311,0.49947
924.84,1459.9,6.611,0.49969
1494.9,1560.1,6.6073,0.49968
545.89,966.41,6.6367,0.49953
1336.7,1513.2,6.6096,0.49967
2105.7,1108,6.6387,0.49939
799.18,1120.9,6.6302,0.49955
1010.9,992.14,6.639,0.49947
1832.8,1456.4,6.6163,0.49959
2484.7,461.03,6.6795,0.49904
2790.6,622.39,6.6717,0.49905
1400,1051.2,6.6374,0.49945
911.29,251.72,6.6905,0.49907
2806.1,602.33,6.6731,0.49904
1139.9,1077.2,6.6345,0.49949
2243,1462.8,6.6182,0.49954
1748.8,1202.6,6.631,0.49948
913.59,247,6.6911,0.49907
1094,686.71,6.6563,0.49933
898.57,231.07,6.6931,0.49905
1433.2,1054.7,6.6373,0.49945
846.9,1127.2,6.6299,0.49955
497.11,928.91,6.6379,0.49953
897.62,238.99,6.6919,0.49906
2094.3,1222.3,6.6318,0.49944
495.65,927.64,6.638,0.49953
896.04,244.37,6.691,0.49907
1053.3,1068.7,6.6342,0.4995
1961.2,1459.1,6.6165,0.49958
559.45,942.93,6.6375,0.49952
376.37,898.02,6.6382,0.49954
2344.8,1244.9,6.6319,0.49942
2037.6,726.36,6.6587,0.49924
1814.3,1082.4,6.6377,0.49942
829.02,1126.4,6.6295,0.49956
2361.7,1243.9,6.6321,0.49942
2113.1,824.23,6.6534,0.49927
768.6,1089.7,6.631,0.49955
2071.4,795.79,6.6548,0.49927
1337,697.38,6.656,0.49931
1337,1514.9,6.6088,0.49968
2675.7,1054.4,6.6454,0.49928
814.94,1123.8,6.6294,0.49956
901.06,225.8,6.6932,0.49905
768.4,1032.7,6.634,0.49953
1811.3,1127.9,6.6351,0.49944
2029.8,1459.6,6.6165,0.49957
1849.3,1094.3,6.6369,0.49942
919.53,1523.6,6.6058,0.49973
571.35,1076.9,6.6301,0.49958
2642.9,1211.3,6.6363,0.49935
522.75,1065.5,6.6302,0.49958
376.19,930.93,6.6361,0.49956
729.49,954.67,6.6383,0.4995
509.03,1050.4,6.6309,0.49958
2484.2,769.25,6.6588,0.4992
1382.8,1128.5,6.6325,0.49949
914.46,240.73,6.691,0.49907
2064.9,831.85,6.6521,0.49929
1570.1,1466.9,6.6133,0.49963
847.75,1044.7,6.6335,0.49952
1310.3,1045.3,6.6362,0.49947
2661.1,631.48,6.6684,0.4991
1398.4,1167.1,6.6307,0.4995
570.51,945.42,6.6369,0.49953
1425.6,680.92,6.657,0.4993
2667.9,1207.5,6.6363,0.49935
916.35,233.77,6.6918,0.49906
1425.8,672.81,6.658,0.49929
2070.7,772.44,6.6552,0.49926
2015.1,1485.9,6.6142,0.49959
351.61,949.84,6.6344,0.49958
2136.3,783.57,6.6552,0.49926
2801,632.41,6.6701,0.49906
899.12,231.25,6.6919,0.49906
1137.9,1120.5,6.631,0.49952
1051.5,1125.7,6.6302,0.49953
2669,780.48,6.6596,0.49917
1798.8,1438.6,6.6156,0.49959
1033.3,1149.8,6.6288,0.49955
2046.6,710.33,6.6595,0.49923
524.59,229.42,6.6895,0.49912
2366.5,880.85,6.6512,0.49927
2117.2,840.56,6.6517,0.49929
1771.9,782.92,6.6532,0.4993
484.49,929.15,6.6366,0.49954
2140.2,814.94,6.6532,0.49927
1766.7,718.98,6.6567,0.49927
2334,785.36,6.6561,0.49923
572.77,1077,6.6295,0.49958
916.43,228.11,6.6923,0.49906
2301.5,1168.4,6.6351,0.4994
2484.3,1145.2,6.6376,0.49936
2661.8,1062.2,6.6439,0.49929
2366.2,876.52,6.6513,0.49927
729.39,1058.5,6.6317,0.49955
917.75,227.44,6.6922,0.49906
580.3,1036.6,6.6317,0.49956
2040.4,762.57,6.6555,0.49926
887.66,255.38,6.6884,0.49909
902.04,212.71,6.6942,0.49904
2468.7,1261.8,6.6306,0.49942
740.91,1075.4,6.6304,0.49956
1767.3,1137.8,6.6329,0.49946
2788.5,595.04,6.6718,0.49905
508.23,934.65,6.6362,0.49954
1020.7,1069.4,6.6325,0.49952
922.02,239.34,6.6906,0.49907
2040,1228.1,6.6293,0.49947
817.86,1128.5,6.6279,0.49957
2516.1,436.79,6.6802,0.49903
502.63,1083.4,6.628,0.4996
1135.4,1138.4,6.6293,0.49953
359.96,897.73,6.6364,0.49956
1340.9,1102.4,6.6323,0.49949
2225.9,1482.1,6.6148,0.49957
2381.8,851.81,6.6523,0.49926
1377.5,1056.5,6.6352,0.49947
1021.8,1016.1,6.6351,0.4995
2291.4,1241.5,6.6302,0.49944
1764.1,690.22,6.6577,0.49927
768.25,1096.2,6.6292,0.49956
1049.8,1130.3,6.629,0.49954
1338.4,1141.4,6.63,0.49951
507.4,937.07,6.6356,0.49954
1043.1,685.2,6.654,0.49935
769.36,1051.2,6.6315,0.49955
1406.1,1596.5,6.601,0.49974
1051.9,1114.7,6.6298,0.49954
1821.6,1495.6,6.6114,0.49963
848.09,1090.7,6.6298,0.49955
1036.3,1560.7,6.6021,0.49975
1731.8,1172,6.6303,0.49948
741.22,1090.6,6.6291,0.49957
1052.8,1088.1,6.6311,0.49953
1835.2,1169,6.6313,0.49947
2353.3,1144.1,6.6358,0.49939
1428.2,1111,6.6319,0.49949
374.86,1051.6,6.628,0.49962
542.64,943.64,6.6358,0.49954
1129.2,674.17,6.6544,0.49934
738.83,976.23,6.6351,0.49952
2340.7,1245.5,6.6298,0.49944
1424.4,644.88,6.6582,0.49929
1042.9,623.53,6.6575,0.49932
1764.6,1152.4,6.6313,0.49947
1762.6,1154.8,6.6311,0.49947
818.5,1045.3,6.6317,0.49954
1737.9,1195.7,6.6293,0.49949
2794.5,633.17,6.6686,0.49907
1121.9,1029.6,6.6343,0.49949
1428,740.65,6.6523,0.49933
1758.2,1190,6.629,0.49949
2316.5,875.42,6.6497,0.49929
1846.5,735.89,6.6548,0.49928
356.69,1048,6.6276,0.49963
737.29,1528.6,6.6026,0.49978
578.06,1052,6.6291,0.49958
1778.4,796.22,6.6507,0.49932
1051.6,1073.4,6.6315,0.49952
1339.8,1118,6.6305,0.49951
562.98,1077.1,6.6279,0.4996
570.07,1522.3,6.6019,0.4998
562.65,1008,6.6315,0.49957
1394.8,1109.5,6.6313,0.4995
1759.8,1188.2,6.6289,0.49949
1324.3,1051.8,6.6341,0.49948
1848.5,1101,6.6342,0.49944
1335,1158.7,6.6283,0.49953
2524,1441.5,6.6189,0.4995
1035.6,1020.4,6.6341,0.4995
2349.5,1172.1,6.6336,0.49941
1019.6,1113.2,6.6289,0.49955
361.94,901.54,6.6352,0.49957
768.8,1056.1,6.6304,0.49955
2663.6,670.71,6.6644,0.49913
752.66,1037.3,6.6312,0.49955
1137,1138.8,6.6281,0.49954
752.85,1080.5,6.6289,0.49957
2336.4,850.09,6.6505,0.49928
1776.7,795.2,6.6504,0.49932
1131.5,670.53,6.6544,0.49934
2792.4,593.92,6.6708,0.49906
1347.9,739.72,6.6512,0.49935
502.63,1085.3,6.6266,0.49961
1759.6,1174.3,6.6294,0.49949
2318.1,1172.3,6.6332,0.49941
818.9,1060.5,6.6303,0.49955
847.63,1067,6.6302,0.49955
887.71,251.19,6.6874,0.4991
2301.4,1140.2,6.6347,0.4994
889.42,245.6,6.6881,0.49909
322.48,1040.5,6.6271,0.49964
1426.7,710.62,6.6535,0.49932
848.96,1064.7,6.6302,0.49955
525.18,1046.2,6.6287,0.49959
1112.4,1148,6.6279,0.49955
1317.8,1155.7,6.6279,0.49953
833.12,1021,6.6325,0.49953
2313.3,1214.6,6.6301,0.49944
2039.4,802.81,6.6513,0.4993
1131.2,638.4,6.6562,0.49932
768.7,1037.9,6.6311,0.49955
1412.6,1061.7,6.6335,0.49948
332.12,889.04,6.6352,0.49957
1345.8,738.64,6.6511,0.49935
2058.7,1177.1,6.6307,0.49946
1337.9,1121.5,6.6298,0.49951
808.33,974.62,6.6351,0.49951
1019.7,1018.4,6.6336,0.49951
753.12,1052,6.6301,0.49956
1106.2,1083,6.6306,0.49953
2075.4,826.45,6.65,0.4993
1318.4,1142.8,6.6284,0.49953
2635.2,659.26,6.664,0.49914
1306.9,1050.4,6.6334,0.49949
1032.9,1115.8,6.6283,0.49955
920.77,224.74,6.6907,0.49907
1733.4,721.95,6.6542,0.4993
735.55,1431.1,6.6079,0.49973
2140,805.92,6.6514,0.49929
588.72,1058.8,6.6283,0.49959
2439.3,1270.1,6.628,0.49944
1310.6,1166.5,6.6277,0.49953
2069.6,771.21,6.6531,0.49928
2456.4,1156.6,6.6345,0.49939
329.76,1044.9,6.6264,0.49964
848.93,1107.8,6.6274,0.49957
1124.6,1030.7,6.6333,0.4995
2059.7,1165.3,6.6311,0.49945
330.68,1043.2,6.6265,0.49964
1108,1030.9,6.6331,0.49951
587.35,1031.3,6.6297,0.49958
1338.5,669.2,6.655,0.49932
1326.7,1052.6,6.6332,0.49949
1051.5,1094,6.6294,0.49954
1129.3,647.84,6.6546,0.49934
1990.6,1510.4,6.6096,0.49963
879.74,248.73,6.6873,0.4991
2366.8,1128,6.6359,0.49939
1038.3,1021.4,6.6332,0.49951
2787.7,572.03,6.6711,0.49905
1424,1152,6.6282,0.49952
1338.4,1103.8,6.6304,0.49951
1095.3,635.86,6.6557,0.49933
753.64,1096,6.6273,0.49958
798.27,988.09,6.6338,0.49953
1734.1,1139.7,6.6305,0.49948
2038.6,732.52,6.655,0.49927
2076.9,825.35,6.6496,0.49931
1744,1586.6,6.602,0.4997
2053.1,1195.9,6.6292,0.49947
354.08,896.85,6.6346,0.49957
1104.7,1124.1,6.6278,0.49955
2176,1521.8,6.6096,0.49961
819.49,993.99,6.6331,0.49953
742.3,1037.9,6.6302,0.49956
2054.3,1198.2,6.6289,0.49947
2531.4,1480.8,6.6152,0.49953
2055.8,1180.1,6.63,0.49946
561.19,951.98,6.6334,0.49955
1034.5,1076.7,6.6299,0.49954
337,997.12,6.6288,0.49962
1758.2,1135,6.6308,0.49948
1120.2,1086,6.6298,0.49953
2645,1204.2,6.6336,0.49937
1301,663.97,6.6548,0.49932
2666.5,735.03,6.6592,0.49917
1129.6,606.97,6.6574,0.49931
753.37,984.27,6.633,0.49954
514.15,946.34,6.6332,0.49956
1118.5,1125.9,6.6275,0.49955
1976.9,1465.8,6.612,0.49961
705.6,252.23,6.685,0.49913
1844.7,707.73,6.6549,0.49928
1002.4,1073.4,6.6297,0.49954
892.55,232.27,6.6889,0.49909
2116.3,818.66,6.6499,0.4993
750.29,1432.4,6.6072,0.49974
2365.2,1175,6.6322,0.49942
1001,1114,6.6274,0.49956
1420.4,1168.3,6.6268,0.49953
2237.3,1528.8,6.6092,0.49961
318.34,889.69,6.6339,0.49958
2699,302.36,6.6912,0.49891
339.74,1016.7,6.6273,0.49963
2038.6,1120.4,6.6328,0.49944
1336.1,1159.2,6.6267,0.49954
2050.8,809.25,6.6499,0.49931
1738.3,1093.8,6.6325,0.49947
1320.1,1119.7,6.6288,0.49952
823.5,1437.1,6.6072,0.49973
1408.5,1114.1,6.6295,0.49951
2141.1,836.15,6.6489,0.49931
1303.1,1156.7,6.6266,0.49954
831.8,1065.3,6.6288,0.49956
1306.5,1105,6.6294,0.49952
589.15,1030.6,6.6289,0.49958
316.66,1037.3,6.626,0.49965
2088.6,1192.8,6.6292,0.49947
1746.1,1154.8,6.629,0.49949
831.9,1051.7,6.6295,0.49956
1747.6,1141.9,6.6297,0.49949
834.05,995.72,6.6326,0.49953
2663.9,701.95,6.6607,0.49916
2130.1,850.62,6.6478,0.49932
831.52,1107.7,6.6264,0.49958
1805.5,1195.1,6.627,0.4995
1105.7,1031.5,6.6322,0.49951
338.29,970.89,6.6295,0.49962
1801.7,1102.3,6.6323,0.49946
2816,1056.9,6.6432,0.49927
1787.9,1442,6.6118,0.49962
2670.8,1204.8,6.6329,0.49937
2316.5,868.83,6.648,0.4993
1752.5,1095.6,6.6322,0.49947
319.61,891.73,6.6335,0.49959
574.86,984.83,6.6311,0.49957
384.26,984.64,6.6292,0.49961
1321.1,1106.8,6.6292,0.49952
625.23,243.88,6.685,0.49914
455.91,223.98,6.686,0.49916
495.32,1027.1,6.6283,0.4996
2385,862.99,6.6485,0.49929
322.35,206.52,6.6869,0.49917
2035.9,1119.5,6.6324,0.49944
2139.8,839.08,6.6484,0.49931
1303.8,1144.3,6.6269,0.49954
1425.6,1129.6,6.6284,0.49952
726.81,1123.7,6.6246,0.4996
2677.8,762.98,6.6569,0.49919
890.68,237.93,6.6875,0.4991
1821.2,1184.1,6.6274,0.4995
1742.6,1177.7,6.6273,0.49951
2315.6,1186.2,6.6301,0.49944
1389.4,1164.5,6.6262,0.49954
493.77,1085.3,6.6248,0.49963
2335.7,826.63,6.6499,0.49928
818.03,1023.3,6.6306,0.49955
574.11,1014.8,6.6292,0.49958
1403.7,1165.8,6.6261,0.49954
2113.2,1195.1,6.6287,0.49947
316.56,1040.4,6.6252,0.49965
1021.4,1091,6.628,0.49955
338.36,957.91,6.6298,0.49961
1025.4,1142.7,6.626,0.49957
756.33,985.06,6.6321,0.49954
1415.1,1064.3,6.6317,0.49949
574.82,1028.8,6.6283,0.49959
1423.8,1132.3,6.628,0.49952
589.48,1017.9,6.629,0.49958
335.33,896.61,6.6331,0.49959
1993.8,1533.7,6.6065,0.49965
1811.6,1148.8,6.6291,0.49949
565.85,1027.3,6.6283,0.49959
1811.8,1206.5,6.6265,0.49951
372.67,937.45,6.6312,0.4996
1118.1,1141.2,6.6257,0.49956
848.8,1113.6,6.6257,0.49958
1087.8,1030.1,6.6319,0.49952
1002.4,1089.3,6.6279,0.49955
2807.5,746.02,6.6595,0.49914
526.82,1019.7,6.6283,0.4996
2051,1122.7,6.6319,0.49945
1816.8,1102.8,6.6316,0.49947
1806.7,1183.6,6.6271,0.4995
708.95,1655.3,6.59,0.49988
340.19,1004.7,6.6272,0.49963
1405,1153.4,6.6266,0.49953
1816.4,769.36,6.6501,0.49932
2649,806.35,6.6538,0.49921
726.87,1081.6,6.6265,0.49959
644.26,246.35,6.6842,0.49915
747.41,1431.5,6.6064,0.49974
1034.8,1092.8,6.6277,0.49955
575.72,1060.3,6.6264,0.49961
2666.6,720.87,6.6588,0.49917
2008.7,483.52,6.6691,0.49916
1071,1560.8,6.5993,0.49977
839.38,1002.5,6.6314,0.49954
1139.2,1103.9,6.6277,0.49955
2040.5,1230,6.6258,0.4995
1129.2,1039.1,6.6311,0.49952
922.33,216.62,6.69,0.49908
2661.7,632.65,6.6644,0.49913
1421.9,1167.9,6.6257,0.49954
705.27,246.11,6.6843,0.49914
940.47,225.82,6.6886,0.49908
2491.2,901.53,6.6469,0.49929
2648.7,1072,6.6393,0.49933
763.43,1437.6,6.6056,0.49975
424.26,221.31,6.6854,0.49916
2373.1,780.52,6.6532,0.49925
531.22,1531.5,6.5977,0.49984
368.82,1014.1,6.6267,0.49963
760.4,990.88,6.6313,0.49955
526.45,1023.2,6.6278,0.4996
1010,625.61,6.6541,0.49935
743.08,1100.5,6.6253,0.4996
1020.1,1132.1,6.6253,0.49957
1726,1190,6.6259,0.49952
1733.7,694.14,6.6538,0.4993
454.11,225.33,6.6851,0.49916
2669.3,662.62,6.6621,0.49915
2129.6,823.52,6.6483,0.49931
577.68,962.36,6.6314,0.49957
841.96,1003.8,6.6311,0.49954
1120.1,1102.6,6.6274,0.49955
1042.9,638.94,6.6529,0.49936
803.2,1092.7,6.626,0.49959
2515.6,1498.9,6.6122,0.49956
752.87,1401.5,6.6077,0.49973
590.74,1079.8,6.6252,0.49961
372.82,910,6.6322,0.49959
1284.7,1144.1,6.626,0.49955
820.73,1108.5,6.6252,0.49959
1337.3,640.96,6.6548,0.49932
2488.1,802.36,6.6521,0.49925
493.94,1089.4,6.6237,0.49964
1043.1,668.77,6.6509,0.49937
2130.1,837.23,6.6475,0.49932
591.8,1077.4,6.6252,0.49961
1733.4,1587,6.6,0.49972
1137.5,1107.1,6.6272,0.49955
567.25,1059.1,6.626,0.49961
849.26,1096.6,6.626,0.49958
2366.3,879.97,6.6467,0.4993
2048.5,809.95,6.6485,0.49932
1849.3,774.57,6.6494,0.49933
2052.6,1160.8,6.6293,0.49947
1005,1074.1,6.6281,0.49955
1033.2,1134,6.625,0.49957
328.67,924.79,6.6307,0.49961
320.96,207.46,6.6857,0.49918
1305.7,1120.9,6.6272,0.49954
2657.4,1093.6,6.6378,0.49934
1849.6,751.26,6.6502,0.49932
2351.4,1244.9,6.6266,0.49946
2667.4,1196.2,6.6325,0.49938
737.57,1448.2,6.6044,0.49976
1850.7,780.65,6.6485,0.49933
727.27,1039.9,6.628,0.49958
1730.4,1155.9,6.6274,0.49951
2065,828.17,6.6473,0.49933
923.84,277.69,6.6816,0.49914
513.28,1004.6,6.6282,0.4996
324.1,968.46,6.6281,0.49963
580.43,1082.9,6.6247,0.49962
757.45,1015.8,6.6295,0.49956
543.04,1532,6.5972,0.49984
514.04,974.99,6.6297,0.49959
1754.3,1096.8,6.6307,0.49948
385.66,990.45,6.6276,0.49962
493.63,1059.1,6.6249,0.49963
553.4,1057.5,6.6256,0.49961
1405.2,754.33,6.6476,0.49937
2126.5,1131,6.6309,0.49945
370.46,1029,6.6253,0.49964
1817.6,1198,6.6254,0.49952
580.08,1654.1,6.5886,0.4999
804,1051.4,6.6277,0.49957
1104.9,1141.8,6.6246,0.49957
730.35,1527.1,6.5996,0.4998
721.15,1430.5,6.6053,0.49976
2111,1219.1,6.6259,0.49949
1407,1130.4,6.6268,0.49953
916.86,239.66,6.6859,0.49911
2665.8,1156,6.634,0.49937
2117.4,836.37,6.6469,0.49932
805.24,1048.9,6.6278,0.49957
917.06,241.1,6.6858,0.49911
1003.7,1115.4,6.6254,0.49957
1009.6,690.02,6.6493,0.49939
1284.9,1160.7,6.6245,0.49956
1106.8,1102.5,6.6266,0.49956
821.46,1025.3,6.6291,0.49956
368.16,969.4,6.6283,0.49962
507,1048.8,6.6254,0.49962
2681.2,1059.7,6.6393,0.49932
1339.1,682.89,6.6511,0.49935
1376.9,1112,6.6276,0.49953
1287.7,1106.7,6.6274,0.49954
1123.9,1169.1,6.6229,0.49958
2107.7,751.72,6.6517,0.49929
2064.8,815.78,6.6476,0.49932
2638.4,662.38,6.661,0.49916
2015.8,1492.5,6.6079,0.49964
569.88,238.45,6.6835,0.49916
1140.4,717.77,6.6482,0.49938
317.97,1045.5,6.6236,0.49967
811.15,1422.3,6.606,0.49974
2212.4,1528.8,6.6069,0.49963
491.85,1000.9,6.6278,0.49961
806.29,1435.6,6.6054,0.49975
386.15,974.73,6.6281,0.49962
1841,1432.2,6.6114,0.49962
372.76,912.31,6.6313,0.4996
1734.5,1095.9,6.6303,0.49948
715.81,1528.3,6.5989,0.49981
2269,1462.3,6.612,0.49958
1375.2,1114.7,6.6273,0.49953
376.47,915.83,6.6311,0.4996
2670.2,757.08,6.6556,0.4992
357.37,966.39,6.6281,0.49962
1984.2,405.66,6.674,0.49912
766.17,1074.6,6.6262,0.49959
324.15,955.88,6.6283,0.49963
1392.8,1129.6,6.6265,0.49954
504.93,1089.7,6.6232,0.49964
915.61,243.8,6.6851,0.49911
1001.8,1131.8,6.6242,0.49958
585.7,1050,6.6262,0.49961
602.5,1441,6.6033,0.49978
469.77,226.74,6.6839,0.49917
765.08,1431.2,6.6049,0.49975
1833.2,1105,6.6302,0.49948
2663.3,650.65,6.6616,0.49915
757.9,1042.8,6.6274,0.49958
683.34,251.97,6.6824,0.49916
590.54,1440.1,6.6032,0.49979
528.39,1008.8,6.6274,0.4996
758.55,1104.1,6.6241,0.4996
836.04,1072.3,6.6263,0.49958
2034.3,1170.9,6.6284,0.49948
826.11,1423.2,6.6058,0.49974
2680.3,788.43,6.6537,0.49921
833.72,1098.3,6.6248,0.49959
824.16,1453,6.6038,0.49976
2109.9,836.36,6.6464,0.49933
2042.8,1441.4,6.6112,0.49961
2109.7,785.17,6.6494,0.4993
735.33,1431.7,6.6049,0.49976
2029.9,1167.5,6.6277,0.49948
1822.1,1184.3,6.6256,0.49951
762.27,1131.6,6.6224,0.49962
2075.1,752.06,6.6509,0.4993
397.99,1437.1,6.6018,0.49982
494.06,1046.6,6.625,0.49963
2678.4,753.3,6.6556,0.4992
2138.4,852.88,6.6453,0.49933
342.77,1024.7,6.6246,0.49965
2675.9,718.97,6.6575,0.49918
1975.6,1441.6,6.6107,0.49962
729.91,1081.9,6.6249,0.4996
729.13,1098.5,6.6239,0.49961
758.68,1062,6.6262,0.49959
2214.7,439.39,6.6725,0.49912
2463.6,1155.8,6.6313,0.49941
1300.6,1162.9,6.6239,0.49956
728.68,1055.6,6.6262,0.49959
1319.5,1164.2,6.6239,0.49956
838.91,1435.5,6.6048,0.49975
1408.2,1192.3,6.6226,0.49957
1739.1,1493.6,6.6057,0.49967
836.14,1054.2,6.627,0.49957
2444.2,1268.9,6.6247,0.49947
789.47,256.18,6.6821,0.49915
2670.6,1087.7,6.6371,0.49934
1898.3,1536.1,6.6038,0.49968
896.84,225.93,6.6869,0.4991
743.41,1016,6.6285,0.49957
811.65,270.13,6.681,0.49916
1366.8,1186,6.6229,0.49957
567.66,1060.5,6.6247,0.49962
1088.6,1101.9,6.6258,0.49956
1089,1088.4,6.6266,0.49956
1829.9,1106.9,6.6296,0.49948
541.14,1521.9,6.5976,0.49984
507.18,1018.9,6.6263,0.49961
312.88,893.54,6.6309,0.49961
2663.4,1174.3,6.6321,0.49938
1392.7,651.44,6.653,0.49933
779.48,1502.8,6.6003,0.49979
1003.7,1135.3,6.6235,0.49959
1283.7,1159.5,6.6237,0.49957
2129.4,798.32,6.6482,0.49931
758.87,1086.5,6.6246,0.4996
746.18,1058.3,6.626,0.49959
508.71,1063.9,6.6238,0.49963
1820.2,1220.3,6.623,0.49953
493.46,1016.3,6.6262,0.49962
2317.2,794.13,6.6497,0.49928
729.87,1039.4,6.6269,0.49959
2064.4,403.76,6.6739,0.49912
1005.7,1095.8,6.6256,0.49957
495.4,1044.5,6.6247,0.49963
1289.6,1105.5,6.6266,0.49954
1038.9,1162.5,6.622,0.4996
1321.6,1186.8,6.6222,0.49957
1773.1,705.81,6.6515,0.49931
1316.4,745.32,6.6466,0.49938
805.11,1067.3,6.6258,0.49959
1419.3,1071.4,6.629,0.49951
1815,1448.3,6.6091,0.49964
2189.2,1509.4,6.6069,0.49963
1287,1121.5,6.6256,0.49955
2202.1,1489.9,6.6084,0.49962
2182.9,1519.4,6.6065,0.49963
810.96,1438.3,6.6042,0.49976
326.74,1046.4,6.6229,0.49967
1044.4,1032.5,6.629,0.49954
793.51,1435.5,6.6044,0.49976
1286.6,1144,6.6244,0.49956
331.68,903.78,6.6304,0.49961
2474.3,1171.8,6.6301,0.49942
730.97,1101.7,6.6234,0.49961
382.67,1066,6.6222,0.49967
1813,1104.7,6.6293,0.49948
1987.3,1529.8,6.6046,0.49967
1046.8,1033.7,6.6289,0.49954
350.93,985.02,6.6259,0.49964
2680.8,788.66,6.653,0.49922
1821.7,1165.5,6.6259,0.49951
1823.5,1153,6.6266,0.4995
1434.3,659.68,6.6522,0.49933
496.56,1064.1,6.6234,0.49964
823.12,1098.1,6.624,0.4996
1738.3,1193.5,6.6239,0.49953
507.33,1006.1,6.6265,0.49961
2654.8,715.65,6.6568,0.49919
857.73,273.71,6.6799,0.49916
1087.6,1128.7,6.6239,0.49958
1807.8,1164.4,6.6258,0.49951
1331.7,747.7,6.6463,0.49939
2814.9,614.91,6.6649,0.4991
2036.5,1201.2,6.6251,0.4995
2465.6,797.1,6.6503,0.49926
2028.9,1463.3,6.6093,0.49963
2100.9,1130.5,6.6294,0.49946
1733.6,1191.1,6.6247,0.49953
821.89,1072,6.6254,0.49959
1314,1098.1,6.6274,0.49953
1815.8,380.25,6.6745,0.49913
2659.2,632.05,6.6619,0.49915
359.51,982.47,6.6263,0.49964
771.62,1111.7,6.623,0.49961
1091,1086.5,6.6262,0.49956
1021.3,1079.9,6.6262,0.49957
2127.2,808.66,6.6479,0.49932
528.64,1008.3,6.6266,0.49961
353.73,907.83,6.6305,0.49961
320.73,984.78,6.626,0.49965
330.13,899.1,6.6303,0.49961
2117.3,810.87,6.6468,0.49932
1908.3,1535.5,6.6031,0.49968
320.94,893.66,6.6305,0.49961
821.5,1114.2,6.6229,0.49961
568.02,988.35,6.6278,0.4996
2459.1,1262.6,6.6245,0.49947
1818.7,1202,6.6236,0.49953
367.25,1572.3,6.5915,0.49991
2674.9,698.92,6.6577,0.49918
2052.6,829.59,6.6453,0.49934
552.73,230.46,6.6828,0.49917
1143.4,691.44,6.6483,0.49938
1021.6,1098.3,6.6249,0.49958
810.98,1452.8,6.6027,0.49977
1827,1222.3,6.6224,0.49954
2666.2,691.28,6.6581,0.49918
1077.4,1555.3,6.5969,0.49979
2677.7,732.55,6.6557,0.49919
522.51,1097.9,6.6214,0.49965
807.58,1071.1,6.625,0.49959
390.11,1023.3,6.6241,0.49965
2296.8,1140.7,6.6301,0.49944
663.07,250.22,6.6812,0.49917
1121.6,1148.1,6.6227,0.49959
1115,1078.9,6.6271,0.49955
494.86,1000.9,6.6264,0.49962
1596.2,1446.7,6.6079,0.49967
2039.8,1181.5,6.6258,0.49949
519.05,953.87,6.6291,0.49959
329.53,900.68,6.6299,0.49961
1768.1,1537,6.602,0.4997
371.06,986.08,6.6258,0.49964
2507.1,1450.2,6.6128,0.49955
360.92,985.67,6.6258,0.49964
2515.2,1449.9,6.6132,0.49955
1930.3,1513.6,6.6043,0.49967
1126.1,1067.7,6.627,0.49955
1087.4,1142.8,6.6227,0.49959
1110.6,718.32,6.6463,0.4994
2674.1,687.16,6.6582,0.49918
2127,738.28,6.6515,0.49929
2247.6,1461.4,6.6103,0.4996
1784.3,1215.2,6.6225,0.49954
963.27,1465.1,6.6025,0.49976
1032.6,360.26,6.6713,0.49921
1446.9,1517.8,6.6019,0.49973
2607.7,1246.4,6.6266,0.49943
2448,1180.5,6.6286,0.49944
2665.8,1141.3,6.633,0.49937
2305.5,539.82,6.6643,0.49917
806.34,1110.6,6.6226,0.49961
2823,1078.3,6.6383,0.4993
1799.2,1201.1,6.6232,0.49953
322.83,928.5,6.6283,0.49963
391.78,1436.1,6.6005,0.49983
1144.3,723.24,6.646,0.4994
2658,753.22,6.6541,0.49921
1771.5,742.77,6.648,0.49934
1399.4,329.7,6.6765,0.49914
2291.4,1240.5,6.6244,0.49949
2130.5,813.45,6.6463,0.49933
701.08,255.21,6.6807,0.49917
2112.9,1132.1,6.6288,0.49947
1728.3,1548.4,6.6013,0.49971
333.37,932.06,6.6282,0.49963
555.94,1013.4,6.6259,0.49961
2673.4,1152.5,6.6323,0.49938
2642.9,691.12,6.6575,0.49919
2660.7,800.63,6.6514,0.49923
1089.8,1127.2,6.6233,0.49958
2338.4,835.67,6.6464,0.49931
1053.3,607.96,6.6525,0.49936
1089.2,1145.9,6.6223,0.49959
1828.3,814.67,6.6444,0.49937
2162.6,829.6,6.6452,0.49933
1374.2,1130.7,6.6246,0.49955
1140.1,620.77,6.6522,0.49935
1404.3,756.85,6.6454,0.49939
1386.6,1171.5,6.6224,0.49957
1742.4,1179.8,6.6238,0.49953
362.1,1015.9,6.6237,0.49966
1405.7,1173,6.6224,0.49957
384.64,1006.1,6.6249,0.49964
2093.7,1173.6,6.6262,0.49949
1305,641.74,6.6519,0.49934
328.86,1005.9,6.6238,0.49966
1335.1,747.94,6.6455,0.49939
822.45,1055.8,6.6254,0.49959
555.82,1031.1,6.6247,0.49962
2087.9,1205.6,6.6243,0.4995
369.71,941.28,6.6277,0.49962
500.56,231.44,6.6817,0.49918
2385.4,841.4,6.6459,0.49931
378.28,988.97,6.6252,0.49964
1039.8,1082.5,6.6252,0.49957
1996.1,1511.8,6.6043,0.49967
2097.7,1217.8,6.6236,0.49951
1020.6,1139.1,6.622,0.4996
555.54,1017.3,6.6254,0.49962
1122.7,1131,6.623,0.49958
2291.9,442.11,6.6708,0.49912
1324.1,1110.8,6.6252,0.49955
1739.8,1464.2,6.6066,0.49967
2648.2,695.58,6.6573,0.49919
485.77,223.04,6.6824,0.49918
815.02,1408,6.6049,0.49975
1747.3,1145.3,6.6256,0.49952
807.84,1095,6.6231,0.49961
1106.7,1090.6,6.6251,0.49957
1506,1454.6,6.6065,0.49969
317.11,955.97,6.6262,0.49965
339.1,1054.5,6.6212,0.49968
1390.5,754.61,6.6452,0.49939
507.69,976.74,6.6271,0.49961
357.64,1430.5,6.6001,0.49984
1726.2,1161,6.6246,0.49953
839.73,1442.8,6.6027,0.49976
1778.3,1182.1,6.6233,0.49953
1326.6,1089.4,6.6264,0.49954
1184.7,307.3,6.6772,0.49915
329.79,1019.6,6.6229,0.49967
1395.7,718.35,6.6474,0.49937
2477,814.43,6.6484,0.49928
1906.4,1529.9,6.6032,0.49968
2672.5,775.38,6.6525,0.49922
2659.2,618.58,6.6617,0.49915
2065.9,803.83,6.646,0.49934
2055.2,1128.7,6.628,0.49948
581.88,1063.7,6.623,0.49963
325.71,927.33,6.6277,0.49963
363.25,1030.3,6.6227,0.49966
377.95,975.6,6.6257,0.49964
1324.7,1692.5,6.5863,0.49986
287.4,202.91,6.6829,0.49921
517.93,1023.4,6.6245,0.49963
587.09,241.64,6.6809,0.49918
380.09,1021.8,6.6232,0.49966
1411.1,1118.8,6.625,0.49955
2269.3,1601.7,6.5998,0.49968
2162.4,802.03,6.6463,0.49932
922.43,1509.3,6.599,0.49979
1853.7,720.39,6.6495,0.49932
366.73,214.76,6.6823,0.4992
2670.8,744.3,6.6542,0.49921
766.61,262.62,6.6796,0.49917
606.05,244.03,6.6807,0.49918
1413.6,1097,6.6262,0.49954
1817.4,712.13,6.6499,0.49932
1795.4,1149.5,6.6254,0.49952
2476.5,792.76,6.6494,0.49927
1810.3,1197.9,6.6234,0.49953
1837.8,1155.3,6.6252,0.49951
2641.5,1010.5,6.6391,0.49933
1760.2,1104.6,6.6275,0.4995
1029.9,1070.4,6.6261,0.49957
732.99,1061.8,6.6241,0.49961
2458.4,1177.2,6.6282,0.49944
2358.9,1192,6.6262,0.49946
1320.8,1149.2,6.6228,0.49957
1747.7,1492.5,6.6039,0.49969
2679.1,998.57,6.6407,0.49931
2040.6,1170.1,6.6255,0.4995
1422.2,731.01,6.6464,0.49938
1716.3,1143.1,6.6252,0.49952
317.9,953.43,6.6261,0.49965
2817.2,723.52,6.6568,0.49916
2044.6,830.43,6.6441,0.49935
2680.2,754.11,6.6535,0.49921
1347.4,650.78,6.6508,0.49935
363.4,1013.7,6.6234,0.49966
823.93,1437,6.6029,0.49976
2353.5,1221.8,6.6244,0.49948
1323.9,1088.6,6.626,0.49954
1091.8,1107.5,6.6237,0.49958
2339.1,863.64,6.6441,0.49933
1323.2,1129.1,6.6238,0.49956
374.97,1572.6,6.5904,0.49992
891.56,237.68,6.6836,0.49913
318.3,970.48,6.625,0.49965
1636,1465.5,6.6051,0.49969
1110.1,1066.8,6.6259,0.49956
1336.4,1067.2,6.6271,0.49954
2099.7,1206.7,6.6237,0.49951
593.23,1045.4,6.6238,0.49962
2463.4,1282.9,6.6222,0.49948
392.11,1041.6,6.6221,0.49966
2805.4,596.96,6.6646,0.4991
392.73,1038.8,6.6222,0.49966
841.94,1144.2,6.62,0.49963
2504.1,472.38,6.6697,0.49911
2632.2,844.19,6.6478,0.49926
308.49,206.04,6.6824,0.49921
530.68,1033.6,6.6239,0.49963
1040.2,1101.6,6.6236,0.49958
335.63,1008.8,6.6231,0.49967
809.35,1114.6,6.6215,0.49962
2644.6,1100.1,6.634,0.49937
1085.1,1165.1,6.6204,0.49961
372.2,990.83,6.6245,0.49965
1107.6,1067.8,6.6258,0.49956
2669.1,1227.5,6.6274,0.49942
2037.1,1200.6,6.6236,0.49951
2113.1,1168.9,6.6259,0.49949
1400.6,1107.6,6.6258,0.49954
2647.9,1011.4,6.6394,0.49933
1105,1148.1,6.6213,0.4996
2089.3,1132.5,6.6278,0.49948
2655.6,701.73,6.656,0.4992
1714.3,1145.7,6.6247,0.49953
2649.8,643.76,6.6594,0.49917
558.42,1035.2,6.6238,0.49963
356.4,1419.1,6.6007,0.49984
894.29,238.74,6.6828,0.49913
519.9,1055.2,6.6223,0.49964
333.3,899.65,6.6289,0.49962
1038.4,1141.3,6.6212,0.4996
1801,1186,6.6229,0.49954
2679.1,735.27,6.6542,0.49921
1289.5,1126.7,6.6234,0.49957
1793.2,1152.3,6.6247,0.49952
2032.9,1159.1,6.6262,0.49949
528.75,1071.2,6.6215,0.49965
2677.4,1051,6.6372,0.49934
2345.9,1146.6,6.6286,0.49945
794.29,1451.8,6.6014,0.49978
2305.7,1221.1,6.624,0.49949
400.08,1426.1,6.6006,0.49983
938.62,228.6,6.6843,0.49912
1074.5,1561.4,6.5949,0.49981
2250.6,1478.4,6.6079,0.49962
374.85,1036.9,6.6218,0.49967
2645.8,709.46,6.6552,0.4992
1787.6,1187,6.6226,0.49954
1396.2,1095.5,6.6255,0.49954
327.42,958.98,6.6253,0.49965
2468,919.72,6.6417,0.49933
1351,738,6.6451,0.49939
808.29,1452.4,6.6013,0.49978
2078.8,794.09,6.6458,0.49934
2658.2,735.14,6.6538,0.49921
1124.8,1068.6,6.6255,0.49956
1562.3,349.53,6.6741,0.49915
1304.6,1128.1,6.6233,0.49957
1042.5,1060.5,6.6255,0.49957
1797.2,368.3,6.6733,0.49914
346.42,1002.5,6.6232,0.49966
503.35,1035.7,6.6234,0.49964
2289.9,454.52,6.6692,0.49913
2223.1,1440.5,6.6097,0.49961
1143.6,692.76,6.6466,0.4994
1371,1169.3,6.6213,0.49958
839.26,1118.2,6.6211,0.49962
1309.5,1087.5,6.6254,0.49955
1940,1491.5,6.6044,0.49967
1333.7,733.53,6.6451,0.49939
1750.6,1126.6,6.6257,0.49952
814.22,1083.8,6.623,0.49961
334.31,963.03,6.625,0.49965
321.33,1017.8,6.622,0.49968
1778,711.92,6.6488,0.49933
382.12,1036.5,6.6217,0.49967
2324.4,845.74,6.6451,0.49932
1789.6,1184.7,6.6226,0.49954
771.29,1404.3,6.6038,0.49976
1372.4,1172.1,6.621,0.49958
2639.7,1151.5,6.6306,0.4994
1948.4,1464.7,6.6065,0.49965
2386.9,901.02,6.6418,0.49934
1979.6,404.28,6.6713,0.49914
2079.3,806.91,6.6449,0.49934
1406,1457.5,6.6043,0.49971
744.78,261.09,6.6787,0.49918
2668.7,1186.1,6.629,0.49941
1374,1154,6.622,0.49957
2467.4,822.23,6.6468,0.49929
587.2,1463.8,6.5995,0.49982
1825.2,1152.9,6.6244,0.49952
1127.2,723.42,6.6443,0.49942
383.17,1424,6.6002,0.49984
823,1453.1,6.6011,0.49978
2244.4,522.57,6.6632,0.49919
321.02,1004.5,6.6225,0.49967
1935.6,1464.7,6.6063,0.49966
2073.3,1169.9,6.6245,0.4995
537.63,1436.5,6.6,0.49982
2815.7,689.98,6.6579,0.49915
2663.1,1158.7,6.6304,0.4994
329.07,977.6,6.624,0.49966
2255.9,527.79,6.6629,0.49919
585.09,970.26,6.6269,0.4996
1306.9,1088.9,6.6251,0.49955
2816.5,714.23,6.6569,0.49916
2167.3,1526.5,6.6034,0.49966
1774.5,777.18,6.6443,0.49937
2245.1,1486.6,6.6063,0.49963
1704.3,441.9,6.6661,0.4992
1305.7,1111.3,6.6237,0.49956
2398.7,1587.8,6.6002,0.49966
2647.1,725.6,6.6538,0.49921
1986,394.4,6.6715,0.49914
337.54,1023.5,6.6215,0.49968
2190.3,1461.1,6.6081,0.49962
734.79,1538.7,6.5943,0.49984
366.09,1034.7,6.6213,0.49967
973.39,277.57,6.6777,0.49917
1791.1,1165.6,6.6233,0.49953
520.48,1008.8,6.6242,0.49963
2513.5,1447.5,6.6111,0.49957
1822.9,1169.9,6.6233,0.49953
1376.2,1135.3,6.6228,0.49957
1372.4,1156.8,6.6215,0.49958
724.02,258.96,6.6786,0.49918
582.69,1021.5,6.624,0.49962
2025,1181.9,6.6237,0.49951
2812.8,564.36,6.6656,0.49909
1353.5,736.96,6.6446,0.4994
2231.4,1478.2,6.6071,0.49963
321.69,1001.7,6.6225,0.49967
889.78,253.95,6.6805,0.49915
1727.9,1145.5,6.624,0.49953
2674.4,1094.7,6.6341,0.49936
408.25,220.69,6.6807,0.4992
2807,645.59,6.6609,0.49913
1024.6,1059.3,6.6249,0.49958
1125.7,1111.5,6.6226,0.49959
1846.7,817.94,6.6426,0.49938
535.81,229.64,6.6804,0.49919
1317.3,649.84,6.6495,0.49936
2100.8,822.47,6.6434,0.49935
2109.9,1207.7,6.6227,0.49951
1128.3,622.06,6.6503,0.49937
749.13,1065.2,6.6227,0.49962
2647.1,1179,6.6287,0.49941
2115.8,1175.9,6.6244,0.4995
2820,760.31,6.6536,0.49918
320.7,974.83,6.6237,0.49966
1027.3,1058.7,6.6248,0.49958
2282.9,1211.6,6.6238,0.49949
1040.7,1060.2,6.6247,0.49958
1424.3,764.18,6.6432,0.4994
1316.9,748.76,6.6435,0.49941
2083.7,1218,6.6218,0.49952
1792.3,1168.2,6.623,0.49954
2271.7,1439.2,6.6094,0.4996
2303.4,1211.8,6.6239,0.49949
1410.3,1137.8,6.6226,0.49957
1737.1,1136.3,6.6249,0.49952
2042.1,1200.8,6.6222,0.49952
1323.7,1537.7,6.5974,0.49977
1831.5,1189.8,6.6219,0.49954
1266.4,307.97,6.6757,0.49916
887.92,260.21,6.6793,0.49916
725.95,251.47,6.6789,0.49918
2349,1185.8,6.6258,0.49947
2658.9,1187.9,6.6282,0.49941
2365.9,840.82,6.6444,0.49932
1302.8,1149.6,6.6212,0.49958
1735.3,1466.3,6.6046,0.49968
275.76,201.55,6.6814,0.49922
1411.5,1097.6,6.6246,0.49955
2814,658.11,6.6592,0.49914
2482.3,1477,6.6087,0.49959
513.28,1071,6.6204,0.49966
2673.2,1056.2,6.6357,0.49935
2670.7,627.43,6.6595,0.49917
2672.8,1066.8,6.6347,0.49936
2671.1,723.53,6.6538,0.49921
2814.5,680.27,6.6584,0.49915
511.72,1026.8,6.6227,0.49964
336.3,977.94,6.6235,0.49966
1108.5,1110.3,6.6222,0.49959
1744.7,1163.7,6.6227,0.49954
749,1539,6.5939,0.49984
560.86,1013.6,6.6239,0.49963
353.4,1430,6.5984,0.49986
1130.4,723.23,6.6437,0.49942
1844.8,819.96,6.642,0.49938
2671.8,716.42,6.6543,0.49921
437.3,224.23,6.6801,0.4992
2492.1,884.95,6.6428,0.49932
2497.1,908.02,6.6413,0.49933
840.67,1101.2,6.6211,0.49962
573.06,1039.2,6.6225,0.49964
2001,1464,6.606,0.49965
2119.2,801.61,6.6447,0.49934
2477.2,1129.6,6.6294,0.49943
2650.1,629.78,6.6591,0.49917
2310.3,1191.4,6.6245,0.49948
2661.2,1171.1,6.629,0.49941
627.05,239.99,6.6794,0.49919
1708.8,1181.4,6.6214,0.49955
548.93,238.44,6.6793,0.4992
732.87,1436.6,6.6006,0.49979
831.98,1046.3,6.6246,0.49959
2812.9,1102.3,6.635,0.49933
1405.2,1449.3,6.6038,0.49971
2089.7,1186.6,6.6233,0.49951
2633,1198.1,6.6271,0.49943
2825.4,996.68,6.6403,0.49929
2504.4,1434.4,6.6114,0.49957
1803.7,1169,6.6226,0.49954
1015.8,1617,6.5894,0.49985
858.25,275.34,6.6766,0.49918
347.61,988.79,6.6229,0.49967
741.24,1074.4,6.622,0.49962
2340,851.69,6.6432,0.49933
1837.3,1112.4,6.6257,0.49951
2650.2,1147.6,6.63,0.4994
2102,1187.6,6.6232,0.49951
2362.9,802.59,6.6462,0.49931
266.53,800.81,6.632,0.49961
1859.5,1155.3,6.6232,0.49953
753,1468.3,6.599,0.4998
2610,1586,6.6015,0.49963
1354.1,724.64,6.6446,0.4994
2775.8,349.22,6.6808,0.49898
2110.5,848.67,6.6417,0.49937
833.1,1409,6.6028,0.49976
1858.6,808.43,6.6425,0.49938
2812.5,1108.4,6.6344,0.49934
1728.5,1513.3,6.6006,0.49972
1748.3,1482,6.6035,0.49969
731.56,1432.8,6.6007,0.49979
2301.8,1232.3,6.6219,0.4995
1860.1,806.32,6.6426,0.49938
753.64,1449.1,6.6,0.49979
1111.9,721.43,6.6434,0.49942
947.66,1464.3,6.5998,0.49978
926.06,1517.2,6.5968,0.4998
1829.2,1202.3,6.6206,0.49955
1050.8,608.57,6.6501,0.49938
1712,1160,6.6223,0.49955
2154.2,421.19,6.6694,0.49915
811.13,268.68,6.6772,0.49918
2022,1184.6,6.6228,0.49952
1952.2,1465.4,6.6052,0.49966
1711,1179.3,6.6212,0.49955
1378.6,320.05,6.6744,0.49916
2652,1148.6,6.6293,0.49941
1080.6,1089.2,6.6224,0.49959
1765.9,810.69,6.6416,0.49939
845.9,1410.7,6.6025,0.49977
1710,1196.8,6.6202,0.49956
571.79,1062.8,6.6208,0.49965
807.35,1136.8,6.6185,0.49964
876.79,1064.4,6.6224,0.49961
1835,1169.1,6.6223,0.49954
2479.3,892.74,6.6417,0.49933
2658.4,722.54,6.6531,0.49922
2807.1,781.5,6.6518,0.4992
2176.5,1478.5,6.6057,0.49964
2305.9,1205,6.6233,0.49949
738.14,1083.8,6.6209,0.49963
2258.3,1456.2,6.6078,0.49962
383.52,995.07,6.6225,0.49966
1729.1,1536,6.599,0.49973
384.66,1022,6.6211,0.49967
2279.6,1233.3,6.6214,0.49951
2457.2,1265,6.6208,0.4995
2008,409.77,6.6695,0.49916
2103.9,1175.7,6.6234,0.49951
1826.2,1204.8,6.6202,0.49955
370.37,1003.7,6.6222,0.49967
2642,1118.7,6.6309,0.49939
1493.8,1459.3,6.6028,0.49971
2478.5,1116.4,6.6294,0.49943
2110.8,1190.5,6.6226,0.49951
2647.7,1180.5,6.6272,0.49942
2647.9,1164.6,6.6285,0.49941
330.61,209.57,6.6801,0.49922
1365.2,1116.6,6.6221,0.49957
2299.6,1234.5,6.6214,0.49951
1739,1198.3,6.6199,0.49956
338.67,982.02,6.6225,0.49967
536.5,1517.1,6.5941,0.49986
1747.7,1126.9,6.6239,0.49953
2272.4,1424.2,6.6104,0.4996
2215.3,1520.7,6.6029,0.49966
1489.5,333.1,6.6732,0.49916
372.76,1571.1,6.5885,0.49993
2807.3,680.3,6.6574,0.49916
2652.6,649.07,6.6572,0.49919
1752.2,1439.2,6.6055,0.49968
1732.7,1125.7,6.6238,0.49953
393.99,218.68,6.6795,0.49921
2652.9,810.47,6.6477,0.49926
577.36,1096.8,6.6185,0.49967
2303.2,1208.5,6.6229,0.4995
1752.2,1417.3,6.6075,0.49966
845.28,1439.1,6.6004,0.49978
2337.3,1243.7,6.6214,0.4995
2468.5,897.79,6.6409,0.49934
2438,1215.3,6.6233,0.49948
1361.8,1154.2,6.6199,0.49959
1423.9,665.65,6.6478,0.49937
726.68,1468,6.5983,0.49981
1898.2,382.92,6.6706,0.49916
2671.9,1043.5,6.6351,0.49936
1832.6,1171.6,6.6218,0.49954
349.29,1035,6.6197,0.49969
1860.6,793.57,6.6426,0.49938
1016.8,667.04,6.6456,0.49941
1053.5,286.88,6.6756,0.49918
2430.8,1248.9,6.6213,0.4995
2133.6,429.7,6.6682,0.49916
1713.5,1162.9,6.6215,0.49955
2809.9,714.12,6.6552,0.49917
2483.9,1447.9,6.6096,0.49958
1307.5,1535.4,6.5965,0.49978
2082,1171.8,6.6231,0.49951
2307.2,1202.9,6.6229,0.4995
390.65,1068,6.6179,0.4997
285.74,203.64,6.6801,0.49923
2100.5,1205.5,6.6213,0.49953
386.59,1041.6,6.6196,0.49968
611.43,1441.7,6.5985,0.49982
787.27,266.8,6.6765,0.49919
2678,1083,6.6329,0.49937
2420.9,1580.8,6.5995,0.49967
2227.8,1503.8,6.6033,0.49966
773.76,1420.1,6.6009,0.49978
1389.9,753,6.6422,0.49941
1750.4,1437.8,6.6053,0.49968
383.52,976.73,6.623,0.49966
760.45,1391.4,6.6033,0.49977
760.77,1419.4,6.6008,0.49979
1768.7,810.23,6.641,0.4994
1310.8,710.37,6.6445,0.4994
1347.5,716.61,6.6443,0.4994
2008,1479.2,6.604,0.49967
2648.4,1105.8,6.6316,0.49939
2113.4,1174.2,6.6231,0.49951
1137.9,723.83,6.6423,0.49943
2634.3,1182.3,6.6268,0.49943
1167,1098.6,6.6216,0.49959
367.02,1058.5,6.6185,0.4997
2451.2,1137.3,6.6275,0.49944
2188.3,1456.5,6.6067,0.49963
2041.5,1169.3,6.6228,0.49952
1409,664.14,6.6475,0.49937
1164.5,1137.2,6.6194,0.49961
1817.1,1144.3,6.6234,0.49953
1317.4,650.76,6.6479,0.49937
1392.3,660.31,6.6477,0.49937
1427.4,665.18,6.6476,0.49937
2079.8,1174,6.6227,0.49952
2657.8,700.53,6.6536,0.49921
322.94,953.37,6.6234,0.49967
424.6,215.77,6.6796,0.49921
1410.5,703.86,6.6451,0.49939
2226.7,1478.3,6.6054,0.49964
275.13,201.86,6.6799,0.49923
482.21,230.67,6.6783,0.49921
1750.4,710.76,6.6464,0.49936
2112.6,1188.4,6.622,0.49952
1752.6,809.6,6.6406,0.4994
1782.9,1149.6,6.6219,0.49954
2176.8,1502.7,6.6032,0.49966
933.6,236.4,6.6806,0.49915
1129.9,695.6,6.6438,0.49942
1059.7,714.09,6.6424,0.49944
525.12,1030.5,6.6211,0.49965
2176.4,1506.5,6.6027,0.49966
502.95,1002.1,6.6225,0.49964
2420.2,466.7,6.6664,0.49914
735.68,1429.6,6.5996,0.4998
2042.8,1150.6,6.6236,0.49951
2493.2,869.76,6.6421,0.49933
1062.3,375.32,6.6662,0.49925
2671.8,617.25,6.6585,0.49917
338.88,963.44,6.6228,0.49967
1708.4,1194.7,6.6192,0.49957
368.78,208.3,6.6798,0.49922
855.24,1058.6,6.622,0.49961
1770.1,1529.8,6.5987,0.49973
2675.4,751.8,6.6507,0.49923
1344,1550.3,6.5948,0.49979
369.6,1013.7,6.6205,0.49968
2636,1165.6,6.6274,0.49942
2497,814.59,6.6453,0.4993
2184.4,1494.8,6.6035,0.49966
2020.1,1457.2,6.6052,0.49966
2662.4,1163.9,6.6279,0.49941
2358.4,467.28,6.6661,0.49915
1406.6,662.99,6.6472,0.49937
2660.2,1178.1,6.6268,0.49942
801.97,1394.3,6.6029,0.49977
2102.7,796.43,6.6429,0.49936
2134.7,1174.9,6.6223,0.49951
2232.7,434.68,6.6674,0.49915
2675.8,1139.3,6.6288,0.49941
394.55,1003.6,6.6212,0.49967
1599.2,1437.7,6.6041,0.4997
1242.2,315.75,6.6731,0.49918
346.51,1007.8,6.6205,0.49968
2038.7,1185.7,6.6214,0.49953
1635.7,1536.9,6.597,0.49975
485.94,223.19,6.6787,0.49921
742.54,1447.8,6.5986,0.49981
1116.8,706.98,6.6428,0.49943
2676,1138.2,6.6288,0.49941
1903.2,1532.1,6.5988,0.49972
1636.1,1440.1,6.6041,0.49969
1018.1,603.8,6.6488,0.49939
1834.9,1155.5,6.6218,0.49954
2652.6,1062.7,6.6333,0.49937
2808.8,686.18,6.6559,0.49917
1452,1124.4,6.6211,0.49957
2668.2,669.04,6.6549,0.4992
2666.7,1162.2,6.628,0.49941
1821.6,1469.2,6.6025,0.49969
341.68,1010.1,6.62,0.49969
2646,1174.7,6.6268,0.49943
2455.8,1242.6,6.621,0.4995
878.76,1107.1,6.6187,0.49964
2585.6,488.29,6.6657,0.49913
2683.7,690.65,6.6534,0.49921
2642.6,1196,6.6255,0.49944
505.51,1047.4,6.6197,0.49967
1150.1,681.46,6.6443,0.49941
1105.7,618.88,6.6481,0.49939
2650.5,1148.1,6.6281,0.49942
1305,649.16,6.6472,0.49938
628.12,239.96,6.6775,0.4992
1962.9,1448.8,6.6048,0.49967
380.2,216.98,6.6784,0.49923
2462.3,1133.3,6.627,0.49945
296.5,204.63,6.6791,0.49924
1874.5,391.5,6.6689,0.49917
1043.8,714.22,6.6416,0.49944
306.84,206.63,6.6789,0.49923
600.91,1532.9,6.5914,0.49988
1960.5,1450.4,6.6047,0.49967
335.86,1027.2,6.6188,0.4997
800.68,1055.5,6.6209,0.49963
2806.5,652.76,6.6577,0.49916
917.68,258.17,6.6775,0.49917
1828.4,1188.2,6.6197,0.49956
1447.9,1161.2,6.6187,0.49959
847.23,1425.4,6.5999,0.49979
2106.7,1535.6,6.5992,0.4997
2505.5,920.88,6.6388,0.49935
1432.3,340.89,6.6707,0.49919
1598.2,345.41,6.6712,0.49917
1323.5,736.24,6.6418,0.49942
897.61,223.24,6.6818,0.49914
817.99,1472.3,6.5976,0.49981
1148.9,683.83,6.644,0.49942
1429.9,735.06,6.6425,0.49941
1779.4,774.36,6.6422,0.49939
2469.6,861.72,6.6416,0.49933
2088.6,1172.9,6.6219,0.49952
2651.2,745.5,6.6499,0.49924
2016.7,400.27,6.6685,0.49916
563.08,1103.7,6.6168,0.49968
2469.7,862.59,6.6416,0.49933
2639.3,1133.8,6.6285,0.49941
1737.9,1150.2,6.6218,0.49955
1106.1,683.25,6.6438,0.49942
1313.5,1526.2,6.5959,0.49978
1853.1,1189.3,6.6192,0.49956
2646.3,1179.6,6.6259,0.49943
1115.9,624.93,6.6473,0.49939
1749,709.94,6.6456,0.49936
2646.8,1055.7,6.6327,0.49938
2076.9,1186.5,6.621,0.49953
2069.7,796.44,6.6423,0.49936
1030.7,712.44,6.6414,0.49945
2090.7,1227.8,6.6192,0.49954
1383.1,330.71,6.6717,0.49918
2691.8,810.56,6.6467,0.49926
1022.2,1612.1,6.5878,0.49987
1759.4,1452.6,6.6032,0.49969
2106.3,1174.1,6.6218,0.49952
2477.8,1115.5,6.6277,0.49944
1029.4,611.77,6.6475,0.4994
1719.4,1534.5,6.5974,0.49974
2644.9,654.21,6.6551,0.4992
1862,766.12,6.6427,0.49938
732.75,1414.5,6.5999,0.4998
2170.3,1479.8,6.6038,0.49966
1272.5,319.44,6.6721,0.49919
2327.8,1235.7,6.6198,0.49952
2675.6,733.47,6.6505,0.49924
1347.4,753.95,6.6403,0.49943
2056,756.98,6.6443,0.49935
1731.1,376.6,6.6686,0.49918
930.46,218.01,6.6823,0.49913
1744.6,770.22,6.642,0.49939
595.58,1111.6,6.6159,0.49969
320.6,201.62,6.6791,0.49923
571.17,1471.2,6.5948,0.49985
2014.9,1167.2,6.6215,0.49953
527.97,1056.9,6.6187,0.49967
2650.8,657.55,6.6552,0.4992
1990,1529.7,6.5986,0.49971
2286.2,1249.5,6.6185,0.49953
1027.5,610.52,6.6475,0.4994
553.08,231.24,6.6774,0.49921
2809.9,585,6.661,0.49913
2180.4,427.45,6.6668,0.49916
952.28,277.11,6.6744,0.49919
385.96,1362.8,6.6001,0.49984
737.38,1401,6.6004,0.49979
1150.1,715.25,6.6417,0.49943
2679.2,1104.7,6.6298,0.4994
1437.2,765.86,6.64,0.49943
2075.7,421.56,6.6669,0.49917
731.21,1447.2,6.5977,0.49981
2178.9,1495.1,6.6024,0.49967
2122,831.39,6.6401,0.49938
1811.2,1133.3,6.622,0.49954
1428.3,721.02,6.6427,0.49941
2811.7,720.73,6.6531,0.49919
2388.1,1586.6,6.5972,0.49969
2121.3,766.95,6.6439,0.49935
2671.7,692.22,6.6529,0.49922
2072.8,1205.8,6.6195,0.49954
2462.3,1208.2,6.6222,0.49949
1972.5,1527.8,6.5988,0.49971
362.18,1016.8,6.6187,0.4997
1404.8,1122.9,6.621,0.49958
2667.9,1171.4,6.6262,0.49943
2085.8,1188.9,6.6205,0.49953
1801.9,1467.7,6.6019,0.4997
1825.7,1134.5,6.6219,0.49954
2824,1032.3,6.6358,0.49932
537.39,229.74,6.6773,0.49921
805.97,1436.9,6.5984,0.4998
939.93,1499.2,6.5952,0.49982
2664.6,1122.2,6.6289,0.49941
1095.7,713.42,6.6412,0.49944
567.57,1044,6.6195,0.49966
2652.2,761.18,6.6484,0.49926
1080.8,299.22,6.6728,0.4992
1646.8,1410.3,6.6052,0.49969
2686.2,728.41,6.6503,0.49924
328.06,1001.2,6.6194,0.4997
1816.2,1157.5,6.6212,0.49955
399.09,1050.1,6.6176,0.4997
955.14,1447.7,6.5984,0.49979
2382.2,834.13,6.6417,0.49934
2339.6,1155.5,6.624,0.49948
2820.3,1109.9,6.6313,0.49936
1776.6,810.9,6.639,0.49941
774.57,1135.3,6.6155,0.49967
2359.6,839.94,6.6409,0.49935
1863.1,779.86,6.6414,0.49939
2458.1,1228.3,6.6208,0.4995
1118.2,665.28,6.6441,0.49942
1507.9,1486.4,6.599,0.49974
816.05,1481.3,6.5953,0.49982
1064.6,717.92,6.6406,0.49945
2322.8,837.67,6.641,0.49935
2366.3,457.34,6.6652,0.49916
2675.1,1105.4,6.6297,0.4994
817.54,1420.8,6.5995,0.49979
2581.6,488.77,6.6648,0.49914
2645.5,1169,6.626,0.49943
1720,1424.2,6.6042,0.49969
2658.3,1049.8,6.6325,0.49938
746.57,1415.2,6.5994,0.4998
2359.5,866.61,6.6393,0.49936
2101.4,413.84,6.6669,0.49917
2668.3,1169,6.6261,0.49943
1031.6,664.64,6.6435,0.49943
618.4,1030.5,6.6199,0.49965
2092.9,1212.7,6.6195,0.49954
2093.8,1154.9,6.622,0.49952
2688.8,758.51,6.6483,0.49925
2102.9,1190,6.6202,0.49953
1413.9,719.34,6.6423,0.49941
823.52,1101.2,6.6175,0.49965
1339.7,725.93,6.6415,0.49942
1282.6,1552.8,6.593,0.49981
1414.4,736.22,6.6413,0.49942
2111,1525.8,6.599,0.4997
1343.1,741.46,6.6407,0.49943
1152.7,713.65,6.6412,0.49944
2333.9,852.91,6.6401,0.49936
1856.9,821.26,6.6386,0.49941
2663.9,1141.5,6.6272,0.49942
557.52,1490.4,6.5936,0.49987
2649.4,1141.9,6.6273,0.49942
2438.8,1203.4,6.6217,0.49949
1306.2,1556.6,6.5924,0.49981
1700.8,374.94,6.6685,0.49919
1428.7,708.32,6.643,0.4994
557.19,1436.6,6.5964,0.49984
2389.6,876.48,6.6391,0.49936
2127.5,1206,6.619,0.49954
2735.2,311.81,6.6815,0.49898
1965.5,1439,6.6043,0.49967
1414.6,749.63,6.6405,0.49943
349.47,962.77,6.6214,0.49968
2185.8,1485.3,6.6025,0.49967
1976.9,1488.8,6.601,0.49969
1102.1,722.09,6.6404,0.49945
2334.3,825.4,6.6415,0.49935
354.02,213.18,6.6774,0.49924
2463.7,1121.2,6.6264,0.49945
2480,916.96,6.6376,0.49936
361.03,971.37,6.6205,0.49968
1345,1544.5,6.5933,0.4998
2674.3,701.5,6.6515,0.49923
2030.9,1234.4,6.6168,0.49957
2366.2,890.26,6.638,0.49937
2809.6,674.87,6.6551,0.49917
1064.8,657.44,6.6439,0.49942
2480.2,774.53,6.6455,0.4993
2306.5,1151.7,6.6234,0.49949
2677.1,781.92,6.6471,0.49926
2095.6,1237.1,6.617,0.49956
2440.1,1245.6,6.6192,0.49951
379.49,217.78,6.677,0.49924
2645.3,639.73,6.655,0.49921
2650.6,709,6.651,0.49924
2611.7,1578.4,6.599,0.49965
1415.8,325.31,6.6711,0.49919
2675.7,1102.9,6.6294,0.4994
246.8,196.08,6.6781,0.49925
759.24,659.9,6.642,0.49947
1119.4,696.1,6.6418,0.49944
349.36,1409.3,6.5962,0.49987
1404.4,1451,6.6005,0.49974
2448.5,485.25,6.6636,0.49916
1397.7,731.36,6.6413,0.49942
390.54,1398.5,6.5972,0.49986
596.14,1110.1,6.6155,0.49969
1046.3,697.4,6.6412,0.49945
2648,1040.1,6.6324,0.49938
1433.2,724.3,6.6418,0.49941
1032.2,652.76,6.6438,0.49943
2678.2,767.27,6.6475,0.49926
824.38,1060,6.6194,0.49964
535.77,1101.2,6.615,0.4997
1718.5,448.26,6.6617,0.49924
2295.5,1150.8,6.6232,0.49949
2012.7,1169.6,6.6203,0.49954
2654,795.32,6.6458,0.49928
1396.7,717.42,6.6419,0.49942
1944.6,1526.9,6.5979,0.49972
744.2,1112.3,6.6164,0.49967
1342.2,656.16,6.6454,0.49939
1887.5,795.56,6.6397,0.4994
2480.2,917.84,6.6373,0.49937
1730.7,373.11,6.6683,0.49919
2666.6,619.88,6.6564,0.49919
810.17,1471.4,6.5963,0.49982
2817.9,676.67,6.6549,0.49917
2380.2,858.98,6.6403,0.49935
1046.3,667.11,6.6429,0.49943
1045.6,614.92,6.6462,0.49941
2666.4,1106.5,6.629,0.49941
758.28,1470.8,6.5957,0.49983
2828.6,708.04,6.653,0.49919
555.18,1018.9,6.6195,0.49966
1769.2,715.46,6.644,0.49937
389.65,1381,6.598,0.49985
1834.6,792.45,6.6398,0.4994
2431.1,1236.6,6.6193,0.49951
2812.1,709.16,6.6528,0.49919
2312.8,1557.5,6.598,0.49969
762.87,1450.4,6.5965,0.49982
2118.4,1135.8,6.6225,0.49951
2668.1,599.02,6.6581,0.49918
1707.7,359.18,6.669,0.49918
809.26,1440,6.5973,0.49981
1339.7,657.26,6.6451,0.49939
2481.5,880.59,6.6392,0.49935
2457.3,1229.4,6.6199,0.4995
774.45,1522.2,6.5915,0.49986
1787.3,769.43,6.6408,0.4994
1632.8,1436.5,6.6023,0.49971
2255.6,439.34,6.6651,0.49917
2669.1,628.5,6.6554,0.4992
797.81,1465.6,6.5959,0.49982
2830.2,727.73,6.6518,0.4992
277.08,195.32,6.6782,0.49925
346.27,1030.7,6.6171,0.49971
1772.2,714.38,6.6439,0.49937
972.22,1448,6.5976,0.49979
2334.6,840.32,6.6401,0.49936
1919.7,1531,6.5969,0.49973
2318.4,1218.3,6.619,0.49953
2675.1,617,6.6563,0.49919
752.3,1417.3,6.5982,0.49981
833.9,1421.1,6.5988,0.4998
2826.7,674.66,6.6548,0.49917
2821.9,745.57,6.6507,0.49921
2447.3,1211.6,6.6207,0.4995
2679.5,717.48,6.6505,0.49924
1862.7,782.86,6.6403,0.49939
615.95,1532.1,6.5898,0.49989
1374,403.03,6.663,0.49925
930.75,241.73,6.6774,0.49917
1794.5,1151.2,6.6197,0.49956
1431.2,752.1,6.6397,0.49943
832.03,1481.4,6.5944,0.49983
1717.3,1489.9,6.5988,0.49973
1397.2,734.11,6.6405,0.49943
2630,1198.3,6.6232,0.49946
1015.9,609.01,6.6461,0.49941
2464.6,1193.4,6.6218,0.49949
1323,1534.7,6.5936,0.4998
2661.7,730.35,6.6493,0.49925
2334.1,880.21,6.6377,0.49938
1135.1,711.74,6.6404,0.49945
374.43,975.15,6.6198,0.49969
1407,340.08,6.6695,0.4992
343.08,905.79,6.6231,0.49966
2136.1,792.04,6.6413,0.49937
2481.6,856.7,6.6402,0.49934
555.89,1458.8,6.5949,0.49986
2058.8,795.89,6.6406,0.49938
1326.4,724.87,6.6406,0.49943
1963.9,1436.8,6.6037,0.49967
2655.2,629.17,6.6552,0.4992
823.31,1538,6.5904,0.49986
1980.2,1461.3,6.6022,0.49969
2654.3,1114,6.6276,0.49942
2664.8,772.25,6.6467,0.49927
1934.3,1486.2,6.6001,0.4997
2637.5,1130.9,6.6268,0.49943
1134.7,681.23,6.6421,0.49943
2452,1125,6.6253,0.49946
1970,1495.6,6.5996,0.49971
572.9,1022.3,6.619,0.49966
2582.2,1449.2,6.608,0.49958
2323.7,865.44,6.6383,0.49937
2005.2,1460.1,6.6023,0.49968
1304.8,323.4,6.6702,0.4992
2471,886.19,6.6383,0.49936
1049.2,614.49,6.6458,0.49941
2759,320.51,6.6799,0.49899
1397.9,748.34,6.6395,0.49943
1676.7,1536.9,6.595,0.49976
608.92,507.73,6.6506,0.49941
1399.6,750.96,6.6394,0.49943
943.98,1489.3,6.5946,0.49982
2164.4,886.48,6.6361,0.49941
2821.1,723.04,6.6516,0.4992
2372.3,873.91,6.6382,0.49937
2017.8,418.69,6.6649,0.49919
2819.1,689.28,6.6536,0.49918
2390,889.71,6.6374,0.49937
620.13,1473,6.5934,0.49986
595.12,1089,6.6159,0.49969
2586,500.03,6.6629,0.49915
381.56,1020.5,6.6177,0.4997
1388.1,407.4,6.6624,0.49926
2431.1,1234.4,6.6189,0.49951
1632.2,1445.2,6.6015,0.49972
2016.7,1459.6,6.6022,0.49968
1747.7,1427.2,6.603,0.4997
2292,1193.3,6.6207,0.49951
1178,701.6,6.6406,0.49944
1820.2,719.02,6.6435,0.49937
648.18,242.7,6.675,0.49922
2390.7,850.25,6.6395,0.49936
2495.2,834.09,6.6413,0.49933
851.87,1423.1,6.5981,0.4998
858.51,277.62,6.6725,0.49922
2813.7,1071.9,6.6323,0.49935
2463.9,1195,6.6213,0.49949
2496,1426.1,6.6077,0.4996
2494.9,850.44,6.6404,0.49934
2819.6,727.81,6.6511,0.4992
1057.1,713.55,6.6391,0.49946
749.89,1049.6,6.6186,0.49965
2449.7,1199.4,6.6209,0.4995
2390.7,863.3,6.6387,0.49936
1380.5,1118.5,6.6188,0.4996
1397.7,704.8,6.6419,0.49942
397.65,1436,6.5942,0.49988
2790.7,354.45,6.6765,0.49901
1385.9,729.31,6.64,0.49943
1822.5,812.97,6.6378,0.49942
2820.8,710.06,6.6522,0.4992
2281.1,1218.9,6.6184,0.49953
418.56,614.91,6.6407,0.49951
863.24,706.43,6.6387,0.49948
1712.2,1497.5,6.5978,0.49974
410.89,985.96,6.6192,0.49968
2442.2,1233.2,6.6188,0.49951
380.05,1397.3,6.5962,0.49987
2494.8,849,6.6403,0.49934
1960.6,1507.4,6.5984,0.49972
1375.7,1155,6.6167,0.49961
287.15,196.88,6.6775,0.49925
2334.8,867.28,6.638,0.49938
1413.6,705.55,6.6418,0.49942
1973.1,412.4,6.6654,0.49919
1154.7,671.64,6.6424,0.49943
2831,741.78,6.6503,0.49921
2372.9,860.16,6.6386,0.49937
1032.4,713.05,6.6392,0.49946
1822.6,788.99,6.6391,0.49941
351.78,1057.6,6.6146,0.49973
2324.5,1188.5,6.62,0.49952
2826.8,661.02,6.655,0.49917
2681.7,751.75,6.6479,0.49926
2055.3,1236.3,6.6156,0.49957
1787.1,1200.9,6.6162,0.49959
2670.9,1137.7,6.6263,0.49943
2473,1174.8,6.6225,0.49948
1433.7,1224.3,6.6132,0.49964
2654.8,779.88,6.6456,0.49928
854.43,1145,6.6138,0.49968
352.92,1417.4,6.5953,0.49988
2168.5,1522.4,6.5982,0.4997
1819.5,1467.1,6.6,0.49971
2291.7,1219.5,6.6182,0.49953
2812.4,659.27,6.6553,0.49917
2382.7,888.74,6.637,0.49938
1928.1,1461,6.6009,0.4997
2383,875.77,6.6377,0.49937
2180.6,1457.8,6.603,0.49966
2817.3,655.82,6.6551,0.49917
1447.3,739.09,6.6399,0.49943
1835.5,725.57,6.6427,0.49938
1435.8,1562,6.5914,0.49981
2673.7,1115.6,6.6274,0.49942
1447.5,727.28,6.6405,0.49942
2814.8,741.17,6.65,0.49921
1442.6,329.17,6.6695,0.4992
2637.5,1145.9,6.6254,0.49944
1884.3,849.05,6.6359,0.49943
2347.9,1213.5,6.6191,0.49952
1329,1536.6,6.5924,0.49981
2010.2,1181.8,6.6184,0.49956
2632.9,1177.4,6.6236,0.49945
2818.8,705.29,6.652,0.4992
2830.1,710.78,6.6519,0.4992
1327.9,708.85,6.6409,0.49943
1836.5,806.67,6.6379,0.49942
2817.3,1109.6,6.6298,0.49937
2816.8,671.83,6.6539,0.49918
1015.3,611.14,6.6451,0.49942
1056,714.21,6.6388,0.49946
2348.8,1210.4,6.6192,0.49952
2329.3,1214,6.6189,0.49952
1118.3,625.93,6.6448,0.49941
2113.7,818.33,6.6389,0.49939
2659.5,1033.9,6.6316,0.49939
1098.4,1092.1,6.6183,0.49962
2341.3,802.09,6.6411,0.49935
617.3,662.31,6.6392,0.4995
764.36,1416.4,6.5978,0.49981
623.33,1074.7,6.6159,0.49968
1932.9,1487.1,6.5993,0.49971
2494.4,767.14,6.6445,0.49931
2669.2,608.03,6.6556,0.4992
989.64,961.81,6.6247,0.49958
2411.5,1570.7,6.5963,0.49969
757.32,1115.1,6.6151,0.49968
2674.2,1028.4,6.6318,0.49938
2254.4,451.57,6.6634,0.49918
1284.4,1551.4,6.591,0.49982
926.68,256.95,6.6744,0.4992
980.3,288.48,6.6714,0.49922
1440.9,671.88,6.6435,0.4994
1565.9,1549.4,6.5926,0.49979
2447,1182.5,6.6215,0.49949
1140.6,306.03,6.6704,0.49921
2032.9,1459.2,6.6015,0.49969
1935.6,1429.3,6.6033,0.49968
2494.5,768.12,6.6444,0.49931
1326.4,741.04,6.6388,0.49944
1824.4,805.27,6.6378,0.49942
2665.8,791.53,6.6448,0.49928
954.78,1446.8,6.5965,0.4998
1978.4,1513.5,6.5976,0.49972
2154.5,1509.7,6.5989,0.4997
1788,757.34,6.6403,0.4994
2327.7,1218.3,6.6184,0.49953
1095.6,1131.4,6.616,0.49964
1787.8,772.54,6.6395,0.49941
589.83,236.69,6.6745,0.49923
537.59,1455.8,6.594,0.49987
1806.6,382.71,6.6664,0.4992
2064.4,1202.1,6.617,0.49956
2196,1458,6.6026,0.49966
807.72,1419.6,6.5976,0.49981
2098.2,1177.3,6.6196,0.49954
2295.8,1201.2,6.6189,0.49953
2463.6,1118.8,6.6248,0.49946
2317.3,850.68,6.6382,0.49937
2123.5,429.61,6.6642,0.49919
2672.8,1027.1,6.6319,0.49938
1067.2,703.88,6.6395,0.49946
1887.3,1515.8,6.5968,0.49973
620.17,1455.7,6.5942,0.49985
2455.7,1251.9,6.6175,0.49952
2341.1,892.24,6.6358,0.49939
1853.5,726.99,6.6424,0.49938
429.91,1322,6.6009,0.49982
2201.1,443.18,6.6635,0.49919
2388.9,900.43,6.6357,0.49939
780.63,1494.1,6.5922,0.49985
1026,1085.8,6.6176,0.49963
1956.5,1525.9,6.5964,0.49973
573.68,233.82,6.6747,0.49923
1016.8,664.08,6.6415,0.49945
1272.7,1562.5,6.5902,0.49983
2206.6,1444.2,6.6036,0.49966
2789.8,324.92,6.6785,0.499
2438,1200.5,6.62,0.49951
1049.2,656.3,6.6421,0.49944
1752.9,382.53,6.6656,0.49921
1898.9,1515.5,6.5968,0.49973
2218.7,1519.3,6.5983,0.4997
1983.1,1434.9,6.6024,0.49968
468.91,222.44,6.6752,0.49924
1019.2,710.38,6.6387,0.49947
2472.5,849.76,6.6393,0.49935
1016.7,651.55,6.6421,0.49944
1437.4,1222.6,6.6126,0.49964
2821,739.39,6.6495,0.49922
2149.9,1521,6.5977,0.49971
1735.5,1533.2,6.5942,0.49977
2325,851.72,6.638,0.49938
2816.6,660.5,6.6541,0.49918
862.52,707.61,6.6379,0.49949
1328.6,696.44,6.6411,0.49943
2338,465.12,6.6625,0.49918
2655.8,620.18,6.6546,0.49921
1716.2,1487.6,6.5977,0.49974
2011.4,1459.6,6.601,0.49969
1826.7,1451.3,6.6004,0.49971
2240.5,1558.1,6.5958,0.49971
2563.1,457.72,6.6651,0.49914
839.37,273.55,6.6717,0.49923
572.07,234.5,6.6744,0.49923
2815.6,617.43,6.6564,0.49916
412.64,1108.2,6.6124,0.49974
2667.3,773.34,6.6454,0.49928
2654.5,677.01,6.6506,0.49924
2685.2,1025.3,6.6314,0.49938
1123.2,680.5,6.6408,0.49944
1713.2,1418.1,6.6022,0.4997
1967.7,1459.9,6.6007,0.4997
1069.6,702.14,6.6392,0.49946
2472,884.5,6.6372,0.49937
2690.5,762.14,6.6459,0.49927
2478.3,491.95,6.6614,0.49918
1036.7,697.26,6.6393,0.49946
2210.8,1435.8,6.6039,0.49965
352.58,1390.6,6.5955,0.49988
2822.2,694.32,6.652,0.4992
2041.8,416.43,6.6643,0.49919
2185.3,1499,6.5991,0.49969
2436.4,1564.3,6.5967,0.49969
1834.3,724.29,6.6421,0.49938
2689.7,725.02,6.648,0.49925
2818.8,1086.7,6.6304,0.49937
1890.5,767.74,6.6394,0.4994
2800.9,554.88,6.6605,0.49914
1851.6,728.3,6.6419,0.49938
1865.1,1115.6,6.6203,0.49955
1007.8,1613.5,6.5841,0.4999
305.67,820.28,6.6263,0.49965
1852,795.84,6.6379,0.49941
2666.6,1101.6,6.6274,0.49942
1443.8,1486.4,6.5962,0.49977
2828.2,656.57,6.6542,0.49918
1363.2,701.18,6.6407,0.49943
1744.9,833.56,6.6353,0.49944
1677.9,1521.2,6.5945,0.49977
1965.1,1495.3,6.5983,0.49972
2425.1,480.59,6.6617,0.49918
2452.1,1122.3,6.624,0.49947
742.43,1445.7,6.5947,0.49984
2449.5,1196.9,6.6199,0.49951
2154,1515.5,6.5982,0.4997
515,1010.9,6.6177,0.49968
1745.6,1431.2,6.6014,0.49971
2812.7,1089.9,6.6301,0.49937
2670.4,607.93,6.6548,0.4992
1837.9,778.18,6.6387,0.49941
826.23,1536.1,6.589,0.49987
1719.7,1055.9,6.6228,0.49954
1437.7,755.82,6.6379,0.49944
2500,780.53,6.6433,0.49932
2819.5,1075.6,6.6308,0.49936
2118,1239.5,6.6147,0.49958
2287.1,1188.9,6.6189,0.49953
1996.8,1484,6.5992,0.49971
2814,737.84,6.6491,0.49922
1174.9,755.34,6.6365,0.49947
1417.2,753.52,6.6379,0.49945
1959.8,1432.8,6.6024,0.49968
812.91,1420.7,6.5967,0.49981
2684,986.75,6.6336,0.49937
1852.3,809.39,6.637,0.49942
594.22,1485.4,6.5911,0.49988
2288.6,1229.8,6.6166,0.49955
2668,741.48,6.6465,0.49927
2827.7,662.94,6.6537,0.49918
1317.7,1533.7,6.5919,0.49981
1472.4,795.4,6.6358,0.49946
2441.9,1230.3,6.6178,0.49952
1416.9,723.73,6.6396,0.49943
2149,1496.8,6.5993,0.49969
1701.3,1242.2,6.6125,0.49962
1061.3,619.61,6.6438,0.49943
2329.9,1221.1,6.6174,0.49954
621.94,1145.9,6.6116,0.49972
2659.8,816.58,6.6422,0.4993
2348.1,1577.3,6.5948,0.49971
1783.4,718.98,6.6416,0.49939
2819.1,693.81,6.6517,0.4992
2204.6,1489.9,6.6,0.49968
265.25,199.5,6.6756,0.49927
2146.5,1498.8,6.599,0.4997
818.79,262.65,6.6722,0.49922
333.35,961.63,6.6183,0.4997
1852.5,766.87,6.6393,0.4994
1712.1,1421.8,6.6016,0.49971
1884,1528.9,6.5949,0.49975
753.57,1092.2,6.6149,0.49968
818.52,1505.6,6.591,0.49986
1398.7,663.55,6.6431,0.49941
1814.3,756.42,6.6394,0.49941
380.4,1021.6,6.6156,0.49972
783.14,1478.9,6.5925,0.49985
2682.1,623.16,6.6537,0.49921
1718.4,1055.1,6.6227,0.49954
2646.7,1066.7,6.6289,0.49941
2559.7,458.69,6.6644,0.49914
1852.7,780.38,6.6385,0.49941
2274.4,454.92,6.6623,0.49919
2192,1508.1,6.5985,0.4997
599,605.82,6.6412,0.49949
382.69,974.25,6.6186,0.49969
781.34,1447.7,6.5945,0.49983
1477.8,742.27,6.6383,0.49944
2352.1,1204.4,6.6183,0.49953
2297.8,1189.5,6.6187,0.49953
2597.9,489.1,6.6623,0.49916
2348,1221.9,6.6173,0.49954
1877.3,1515,6.596,0.49974
2392.8,1291.4,6.6138,0.49956
1971.5,1484.3,6.5987,0.49971
2202.6,1445,6.6028,0.49966
1943.7,1521.1,6.5961,0.49974
1551.3,351.38,6.667,0.49921
2595.6,504.61,6.6607,0.49917
1437,709,6.6403,0.49943
1982.5,1504.7,6.5973,0.49972
895.54,242.36,6.6753,0.49919
742.16,1164.5,6.6113,0.49971
2809.1,778.24,6.6464,0.49924
502.24,226.39,6.6742,0.49924
2472.8,781.8,6.6424,0.49933
2336.3,1192.2,6.6188,0.49952
1181.1,672.15,6.6407,0.49944
255.3,197.75,6.6755,0.49927
2666.9,1107.1,6.6264,0.49943
2671.3,1134.2,6.6252,0.49944
2673.4,624.55,6.6535,0.49921
2830.6,689.53,6.6518,0.4992
1157.6,1204.6,6.6115,0.49967
2638.5,1188.6,6.6217,0.49947
1037.4,684.89,6.6395,0.49946
2676.4,601.14,6.6552,0.4992
2666.8,1108.8,6.6263,0.49943
2197.4,1498.4,6.5991,0.49969
2445.2,1094.5,6.6251,0.49946
971.25,287.69,6.6703,0.49923
1452.9,712.95,6.6401,0.49943
1996.6,1484.7,6.5987,0.49971
1906.4,396.54,6.6647,0.4992
2357.5,1575.2,6.5942,0.49972
832.37,1506,6.5908,0.49986
1161.1,1202.6,6.6114,0.49967
1414.5,1432.8,6.5991,0.49975
1702.5,1508.7,6.5954,0.49976
2398,1287.9,6.6141,0.49956
2502.8,791.02,6.6418,0.49933
2483.3,879.1,6.637,0.49937
774.43,257.82,6.6722,0.49923
1728.8,1474.9,6.5975,0.49974
2814.9,692.49,6.6514,0.4992
2158,1500.8,6.5985,0.4997
1106,695.64,6.6391,0.49946
841.46,649.86,6.6399,0.49947
2284.6,1199.8,6.6179,0.49954
271.14,568.14,6.6402,0.49955
1105.8,678.6,6.6401,0.49945
339.96,987.33,6.6171,0.49971
2078,1131.3,6.6201,0.49954
387.25,1046.6,6.6145,0.49972
1999.6,1432.1,6.6023,0.49968
1111.8,1095,6.6166,0.49963
351.21,1354.1,6.5969,0.49987
668.18,245.66,6.6729,0.49923
1328.1,724.63,6.6386,0.49945
1944.4,1444.7,6.6009,0.4997
2658.1,1050.8,6.6294,0.4994
1362.6,699.6,6.6403,0.49943
2233.8,1443.7,6.6029,0.49966
1010.1,1192.4,6.6112,0.49968
1105.9,665.67,6.6409,0.49944
416.75,1031.7,6.6151,0.49972
2247,1454.1,6.6022,0.49966
1998.3,1444.3,6.6013,0.49969
1530.7,339.29,6.6675,0.49921
1345.6,698.84,6.6402,0.49943
1825.3,760.6,6.6392,0.49941
2812.9,703.68,6.6505,0.49921
841.27,619.96,6.6417,0.49946
276.64,940.32,6.6183,0.49972
1601.8,1451.8,6.5983,0.49974
327.26,1300.3,6.6001,0.49985
2286,550.23,6.6554,0.49924
1348.3,726.76,6.6385,0.49945
2003,1435.7,6.6018,0.49969
2243.2,1448,6.6029,0.49966
771.51,671.68,6.6384,0.49949
590.82,1509.6,6.5892,0.4999
2651.9,1110.8,6.6259,0.49943
1931.9,1444.6,6.6008,0.4997
2429.2,1258.4,6.6158,0.49954
1346,712.2,6.6393,0.49944
798.41,551.56,6.6463,0.49943
2669.2,608.16,6.6545,0.49921
580.27,1454.2,6.5924,0.49987
2381,894.08,6.6355,0.49939
2679.2,697.03,6.6488,0.49925
624.24,1499.2,6.5897,0.49989
1088.2,307.54,6.6689,0.49923
1419.2,692.18,6.6409,0.49942
1041.4,408.18,6.6587,0.49931
1067.8,409.69,6.6584,0.49931
1994.3,1481.2,6.5988,0.49971
1788.6,755.92,6.6391,0.49941
835.65,1464.9,6.5938,0.49984
1133.6,311.12,6.668,0.49923
2667.2,708.55,6.6478,0.49926
2147.8,773.58,6.64,0.49938
332.01,202.98,6.6753,0.49926
889.34,964.05,6.6225,0.49961
1450.7,710.81,6.6399,0.49943
298.1,198.17,6.6756,0.49926
801.35,664.95,6.6389,0.49949
1769.6,1514.2,6.5953,0.49976
2081.9,759.31,6.6403,0.49938
337.06,1008,6.6153,0.49973
596.5,1469.6,6.5915,0.49988
1365.4,714.93,6.6391,0.49944
1454,726.51,6.6389,0.49944
2654.9,731.57,6.6467,0.49927
1061.9,679.01,6.6398,0.49946
2485.6,1081.7,6.6261,0.49945
333.85,1088.9,6.6117,0.49976
2152,1490.6,6.5989,0.4997
2061.3,824.15,6.6363,0.49941
2650.9,621.4,6.6536,0.49922
1052.2,687.17,6.639,0.49946
2833,744.1,6.6484,0.49922
2666,1217,6.62,0.49948
2650.3,1124.7,6.625,0.49944
1107,709.47,6.6379,0.49947
1026.9,1125,6.6142,0.49966
1115.3,303.48,6.669,0.49922
2453.1,1148.9,6.6219,0.49949
418.17,476.5,6.6482,0.49946
1558.8,1455.6,6.5979,0.49975
2662,639.9,6.6518,0.49923
2661.4,1035.8,6.6295,0.4994
438.65,218.5,6.6741,0.49925
2155,1488.9,6.5989,0.4997
1438.9,695.73,6.6406,0.49942
768.61,1488.5,6.5915,0.49986
536.36,1011.2,6.6174,0.49968
2454.6,1195.8,6.6187,0.49951
399.13,1415.2,6.5934,0.49989
2477,1139.2,6.6226,0.49948
720.27,1551.3,6.587,0.4999
781.66,1504.6,6.5901,0.49987
1444.4,1483.3,6.5956,0.49978
1737.8,1567.7,6.5909,0.49979
410.68,213.86,6.6745,0.49925
2483.9,762.68,6.643,0.49932
600.12,970.86,6.6195,0.49966
1054.9,641.09,6.6418,0.49944
596.09,1483.5,6.5904,0.49989
2160.4,1481.4,6.5994,0.49969
588.12,1522.3,6.5882,0.49991
455.95,219.73,6.6741,0.49925
1364,717.14,6.6389,0.49944
2473.2,1459.1,6.6033,0.49963
2289.9,1245.7,6.6146,0.49956
397.45,1022.4,6.6155,0.49972
1743.4,1423.7,6.6006,0.49971
1880,1505.8,6.5961,0.49974
2817.1,726.33,6.6489,0.49922
1471.4,796.34,6.6349,0.49947
428.85,1367.2,6.5964,0.49986
2832.9,722.83,6.6493,0.49922
1994,1429.9,6.6018,0.49969
2641,1112.5,6.6255,0.49944
1328.2,680.34,6.6409,0.49943
2476.2,1150.2,6.6214,0.49949
518.89,228.29,6.6734,0.49925
2489.5,1478.8,6.6025,0.49964
811.36,670.53,6.6385,0.49949
1877.1,1070.4,6.622,0.49954
2194,1516.6,6.5971,0.49971
1139.9,670.72,6.6403,0.49945
417.47,857.2,6.6244,0.49964
582.94,1022.3,6.6171,0.49968
1747.2,795.9,6.6362,0.49944
395.04,977.02,6.6178,0.4997
408.88,214.72,6.6742,0.49925
440.56,217.72,6.6742,0.49925
472.18,221.58,6.674,0.49925
956.1,1462.1,6.5941,0.49982
2285.7,1224.3,6.6166,0.49955
350.78,988.64,6.6167,0.49971
881.52,1176.5,6.6107,0.4997
2638.2,1133.2,6.6242,0.49945
2343.2,1137.3,6.6213,0.49951
777.08,257.04,6.6717,0.49923
453.93,220.33,6.6738,0.49925
330.62,203.53,6.6748,0.49926
754.54,255.13,6.6718,0.49923
621.12,1149.1,6.6106,0.49972
2830.5,662,6.6527,0.49919
2651.7,1122.9,6.6248,0.49944
609.62,238.98,6.6727,0.49924
2633.8,1164.6,6.6224,0.49946
1038.7,638.37,6.6416,0.49944
763.91,637.09,6.6396,0.49948
1123.5,666.91,6.6404,0.49945
1020.6,682.67,6.6387,0.49947
1109.4,711.93,6.6376,0.49947
1854.4,751.58,6.6392,0.4994
1359.1,662.72,6.6417,0.49942
2330.2,451.54,6.6617,0.49919
2053.1,874.87,6.6336,0.49943
2813.6,659.04,6.6527,0.49919
1052.9,296.65,6.669,0.49923
2645,619.09,6.6536,0.49922
2552.7,1449.3,6.6051,0.49961
254.92,197.72,6.6748,0.49928
1315.4,722.26,6.6381,0.49945
1973.5,1512.1,6.5959,0.49973
848.51,1407.4,6.5966,0.49981
689.19,248.17,6.672,0.49924
1052.8,640.42,6.6415,0.49944
670.41,245.36,6.6723,0.49924
1634.1,361.46,6.6656,0.49921
720.69,683.81,6.6367,0.49951
2239.1,1431.6,6.6031,0.49966
815.63,1535.3,6.5879,0.49988
2066.2,1227.4,6.6142,0.49958
2822.4,672.77,6.6519,0.4992
597.34,1454.7,6.592,0.49987
2207.7,1430.5,6.603,0.49966
369.33,463.92,6.6482,0.49946
2823.1,1005.2,6.6334,0.49934
1837.7,780.8,6.6374,0.49942
1146.5,631.42,6.6424,0.49943
1692.7,1558.3,6.5909,0.49979
2107.7,1259.4,6.6128,0.49959
2151.5,775.7,6.6393,0.49938
2409.3,875.89,6.6354,0.49939
1948.2,1435.4,6.6009,0.4997
2147,769.34,6.6396,0.49938
2496,1469.9,6.6027,0.49964
2639.5,1167.2,6.6225,0.49946
2046.1,1432.3,6.6013,0.49969
1833.1,708.64,6.6419,0.49939
593.21,236.23,6.6728,0.49924
2023.4,1083.8,6.6218,0.49953
1315.6,741.11,6.6369,0.49946
2401.3,476.98,6.6605,0.49919
1479.9,713.02,6.639,0.49943
2824.4,705.96,6.6499,0.49921
1287.9,1215.6,6.6107,0.49967
504.43,225.59,6.6734,0.49925
1418.7,737.14,6.6376,0.49945
878.52,1179.1,6.6104,0.4997
1761.3,797.77,6.6359,0.49944
930.48,251.5,6.6731,0.49921
1109.4,694.09,6.6384,0.49946
1941.3,1608.6,6.5888,0.49979
793.64,1515.8,6.5893,0.49987
354.55,1371.5,6.5952,0.49988
1761.3,754.52,6.6383,0.49942
1314.3,724.42,6.6377,0.49945
1309.1,1113.4,6.6158,0.49963
780.13,547.7,6.6457,0.49943
262.82,515.12,6.6424,0.49953
1144.2,716.5,6.6372,0.49947
2111.5,1258.1,6.6128,0.49959
858.67,561.45,6.6453,0.49943
931.11,260,6.6725,0.49921
2211.2,432.55,6.6622,0.4992
1979.4,416.12,6.6628,0.49921
511.7,1128.9,6.6105,0.49974
2668.8,745.21,6.645,0.49928
2209.4,1478,6.5996,0.49969
2484.8,844.23,6.6379,0.49936
1690.7,357.69,6.6657,0.49921
349.98,963.48,6.6176,0.49971
526.83,1079.2,6.6132,0.49972
2327.1,1202.2,6.6171,0.49954
1769.6,368.05,6.6651,0.49921
1839.5,1245.7,6.6119,0.49962
572.37,1080.9,6.6136,0.49971
1036.8,639.08,6.6413,0.49945
1111.5,1133.6,6.6135,0.49966
2410.3,849.45,6.6366,0.49938
1391.6,701.9,6.639,0.49944
334.78,594.13,6.6386,0.49955
2153.7,422.5,6.6625,0.4992
2063.2,810.52,6.6367,0.49941
1730.8,1483,6.5962,0.49975
1453.2,758.87,6.6363,0.49946
2145.2,1499.6,6.5975,0.49971
2170.4,1480.3,6.599,0.49969
2348.4,809.86,6.6384,0.49937
522.6,227.69,6.6731,0.49925
602.83,1436.4,6.593,0.49987
1833.7,1246.9,6.6116,0.49962
2793.1,1192.8,6.6225,0.49943
2354.2,1573.1,6.5933,0.49972
1982.6,1495,6.597,0.49973
2814.7,670.37,6.6516,0.4992
549.42,506.13,6.6467,0.49945
1840.4,765.51,6.638,0.49942
2226.1,1431,6.6023,0.49966
1109.7,664.11,6.64,0.49945
520.68,1055.2,6.6139,0.49971
1998.8,1255.4,6.612,0.49961
343.28,205.2,6.6742,0.49927
2319,1241.6,6.6147,0.49956
2197.9,1515.6,6.5964,0.49971
418.1,857.53,6.6239,0.49965
586.39,1048.3,6.6152,0.49969
2333.6,1202.4,6.617,0.49954
1069.3,1557.3,6.5872,0.49987
2230.3,435.44,6.6619,0.4992
1314.5,738.46,6.6366,0.49946
818.42,1102.3,6.6137,0.49968
420.04,1033.5,6.6142,0.49972
1786.7,1445,6.5988,0.49973
900.39,228.93,6.6759,0.49919
385.84,1378.2,6.5948,0.49988
2660.1,1029.2,6.6295,0.4994
342.8,1007.6,6.615,0.49973
2610.2,1380.7,6.6091,0.49957
1837.2,792.68,6.636,0.49943
352.98,1009.1,6.6151,0.49973
1549.2,1539.9,6.591,0.4998
752.72,1649,6.5785,0.49996
1931.4,1430.4,6.6009,0.4997
565.04,1064.2,6.6136,0.49971
1034,1608.1,6.5834,0.4999
2386,862.82,6.6359,0.49939
1664,355.1,6.6656,0.49921
397.22,1566.9,6.583,0.49997
2344.8,1231.5,6.6154,0.49955
2446.5,1228.4,6.616,0.49954
1958.2,1523,6.5944,0.49975
1071.9,675.64,6.639,0.49946
1331.6,712.5,6.6382,0.49945
1411.9,1556.1,6.5889,0.49983
2198.7,1492.7,6.5983,0.4997
418.74,1105,6.6105,0.49975
2134.5,419.5,6.6624,0.4992
723.91,685.75,6.6362,0.49951
777.65,1446.2,6.5935,0.49984
344.54,204.54,6.6743,0.49927
2322.9,1219.3,6.6158,0.49955
1733.8,1456.2,6.5979,0.49974
1017.8,733.64,6.6351,0.4995
615.6,519.52,6.646,0.49945
854.04,1493.8,6.5904,0.49986
1110.7,681.77,6.6388,0.49946
2311.7,1148.3,6.6194,0.49952
2825.6,727.67,6.6482,0.49923
766.97,1515,6.5888,0.49988
2343.9,1202.9,6.6169,0.49954
504.77,497.49,6.6466,0.49946
1912.5,1478.5,6.5978,0.49973
1810.2,1430.7,6.5996,0.49972
1041.1,410.02,6.6575,0.49932
2683.5,987.58,6.6319,0.49938
1107.1,1016.4,6.6197,0.49961
1073.9,673.63,6.6389,0.49946
2506,805.51,6.6399,0.49934
2664.1,635.95,6.6511,0.49923
2485.1,761.02,6.6423,0.49933
1475.6,1489.4,6.5939,0.49979
2661.1,1033.4,6.629,0.49941
2256.7,1428.6,6.6028,0.49966
505.43,642.17,6.6371,0.49953
1030.5,1570.5,6.5858,0.49988
1312.6,778.17,6.6342,0.49948
1148,629.33,6.6419,0.49943
904.16,215.67,6.6776,0.49918
2570.2,628.35,6.6507,0.49925
2469.1,1117.2,6.6222,0.49949
1818.4,700.38,6.641,0.49939
2823.6,993.32,6.6334,0.49934
396,1343.6,6.5966,0.49986
2125.1,835.2,6.6352,0.49942
2681.9,1023,6.6298,0.4994
1450.3,1551.4,6.5896,0.49982
2815,1073.1,6.629,0.49938
2072.6,1215.9,6.6141,0.49958
1702.2,1414,6.5999,0.49972
907.66,950.15,6.6222,0.49961
572.61,1070.4,6.6135,0.49971
385.3,1359.3,6.5956,0.49987
1126.2,683.89,6.6385,0.49946
2812.4,670.03,6.6512,0.49921
2689.1,800.37,6.6426,0.4993
2140.1,1135.8,6.6188,0.49954
2164.2,1482.9,6.599,0.4997
724.56,539.25,6.6453,0.49944
2164.4,1486.9,6.5981,0.4997
2489.2,1448,6.6028,0.49963
2497.7,752.85,6.6427,0.49932
2499.9,724.76,6.6447,0.49931
2503.3,871.07,6.6358,0.49938
2085.9,763.49,6.6389,0.49939
1989.1,1490.3,6.5967,0.49973
1843.2,1226,6.6119,0.49962
2353.9,1191.9,6.6173,0.49953
2653,1111.1,6.6246,0.49944
1935.5,1434.4,6.6002,0.4997
307.79,200.07,6.6741,0.49927
1977.9,1536.2,6.5938,0.49975
594.89,1510.1,6.588,0.49991
2811.1,1083.9,6.6283,0.49939
2682.5,1020.8,6.6298,0.4994
2360.3,1152.3,6.6193,0.49952
1452.2,1502.6,6.593,0.49979
2501.1,895.71,6.6349,0.49938
2118.6,762.79,6.6394,0.49938
2827.2,993.26,6.6334,0.49934
2350.3,1571.6,6.5932,0.49973
2245.4,1439.7,6.6017,0.49967
691.87,248.23,6.6713,0.49924
1986.6,1491.7,6.5966,0.49973
2817.1,703.49,6.6492,0.49922
1678.3,1417.1,6.5998,0.49973
2494.2,1471.4,6.6012,0.49965
1777.8,740.89,6.6385,0.49942
336.56,455.31,6.6476,0.49947
2795.1,324.29,6.6762,0.49901
1967.6,1502.6,6.5956,0.49974
951.27,1484.1,6.5918,0.49984
1778.8,1563.8,6.5901,0.4998
839.31,1490.1,6.5906,0.49986
1677.9,1408.7,6.6007,0.49972
2591.8,489.21,6.6603,0.49917
2421.9,467.62,6.6602,0.49919
1982.1,1482.8,6.5971,0.49973
2826.6,739.62,6.6472,0.49923
2278.9,1186.6,6.6169,0.49955
2822.5,660.83,6.6517,0.4992
1438.2,695.42,6.6393,0.49943
566.61,509.81,6.6459,0.49945
823.53,977.68,6.6198,0.49963
847.08,611.15,6.6413,0.49946
2052.8,406.91,6.6625,0.49921
568.78,620.76,6.6385,0.49951
2323.3,914.23,6.6322,0.49942
355.87,1035,6.6132,0.49974
1126.2,697.64,6.6375,0.49947
2075.1,409.87,6.6624,0.49921
1021.6,735.98,6.6347,0.4995
859.14,1466.4,6.5919,0.49985
2491.1,879.4,6.6349,0.49938
2480.5,793.31,6.6402,0.49934
2041.1,1213.4,6.6138,0.49959
2000.2,1425.6,6.6011,0.49969
1673,1414.3,6.5995,0.49973
1097.4,660.78,6.6391,0.49946
2474.2,1152.3,6.6201,0.4995
2172.1,775.17,6.6384,0.49939
1128.2,652.25,6.6402,0.49945
309.67,199.29,6.6741,0.49927
2053.3,793.81,6.6369,0.49941
595.18,1469.5,6.5904,0.49989
1145.9,655.04,6.6401,0.49945
571.73,1506.7,6.5878,0.49991
2276.2,1198.1,6.6161,0.49955
2262.6,1265.3,6.6124,0.49958
2367.5,787.85,6.639,0.49936
2814.7,597.84,6.6554,0.49917
594.76,1495.3,6.5887,0.4999
816.28,1447.3,6.5928,0.49985
2181.8,1453.7,6.5998,0.49969
2078,784.35,6.6375,0.4994
2652.4,1105.3,6.6247,0.49944
1296.3,1014.7,6.6206,0.49959
502.46,1586.1,6.5816,0.49997
638.61,1438.3,6.5923,0.49987
2284.7,444.21,6.6608,0.4992
2643.1,1114.7,6.6236,0.49945
2569.5,631.54,6.6501,0.49926
2344.9,1194.4,6.6174,0.49954
818,1533.9,6.5869,0.49989
1154.2,634.94,6.6411,0.49944
2370.7,1189.1,6.6169,0.49954
1585.4,345.55,6.6654,0.49922
1769.8,1565.5,6.5896,0.4998
731.23,1513.1,6.5882,0.49989
1606.9,357.86,6.6647,0.49922
1859,766.22,6.6372,0.49942
2052,796.07,6.6366,0.49941
1748.8,780.31,6.6358,0.49944
2490,917.25,6.6327,0.4994
769.53,1502.3,6.5891,0.49988
2683.8,698.19,6.6479,0.49926
524.78,1009.3,6.616,0.49969
1948.7,1481,6.5964,0.49973
1993.9,1443.3,6.5996,0.4997
2189.8,1446.1,6.601,0.49968
1554.3,1541.6,6.5904,0.49981
631.84,982.22,6.6181,0.49967
1561.9,1552.7,6.5896,0.49981
1769.9,1440.1,6.5985,0.49973
1944.3,1443.6,6.5992,0.49971
630.05,1481.3,6.5896,0.49989
1318.4,711.29,6.6375,0.49946
2112.5,427.32,6.6613,0.49921
1110.2,649.87,6.64,0.49945
433.74,1383.7,6.5941,0.49988
2203.9,1484.9,6.598,0.4997
1443.3,1519.6,6.5911,0.49981
2339.3,1219.5,6.6152,0.49955
527.11,1035.8,6.6145,0.49971
491.71,1284.7,6.6007,0.49982
2818.1,953.75,6.6349,0.49933
793.32,1529.9,6.5873,0.49989
2807.6,596.32,6.6552,0.49918
1829.6,780.4,6.6362,0.49943
1678.5,1524.3,6.5924,0.49978
418.15,934.76,6.6187,0.49969
1816.8,722.66,6.6391,0.49941
1392.5,1046.5,6.6189,0.4996
2249.5,1430.8,6.6018,0.49967
1450.4,1558.2,6.5882,0.49983
415.29,1419.4,6.5926,0.49989
1978.2,1497.8,6.5957,0.49974
2336,1589.8,6.5918,0.49974
632.9,1637,6.5781,0.49998
2640.7,618.32,6.6517,0.49923
608.25,250.08,6.6703,0.49926
2674.9,614.1,6.6524,0.49922
346.55,1033.6,6.6128,0.49975
1695.6,1513.5,6.5929,0.49978
626.86,923.35,6.6211,0.49964
480.07,1077.3,6.6118,0.49973
1471.6,1033.1,6.6202,0.49958
2681.2,1033.9,6.6285,0.49941
811.38,678.49,6.6363,0.4995
1896.7,1512.3,6.5941,0.49975
613.9,238.33,6.6714,0.49925
754.01,1501.8,6.5885,0.49988
1256.7,309.25,6.6671,0.49923
1690.9,1484.5,6.5946,0.49977
1031.4,1571.5,6.5851,0.49989
1852.8,1539.8,6.592,0.49978
1156.1,637.17,6.6407,0.49944
1588.7,1527.4,6.5911,0.4998
1729.2,1573.4,6.5887,0.49981
2817.9,986.77,6.6331,0.49935
1458.4,757.23,6.6353,0.49946
2486.2,841.94,6.6369,0.49937
1976.1,1489.6,6.5961,0.49973
767.09,607.77,6.64,0.49948
1448.2,1490.8,6.5932,0.49979
1655.1,1507.9,6.5929,0.49978
1817.2,385.45,6.663,0.49922
2686.4,618.91,6.6516,0.49923
1742.2,453.76,6.6565,0.49928
2363.9,1217.4,6.615,0.49955
1895.3,384.04,6.6632,0.49922
357.46,206.27,6.6732,0.49927
1784.9,1449,6.5976,0.49974
1828.1,777.62,6.6361,0.49943
1058.1,656.37,6.6391,0.49946
821.44,1060,6.615,0.49967
1961.1,1480.8,6.5966,0.49973
528.14,1054.3,6.6133,0.49971
2219.4,1476.8,6.5984,0.4997
2480.4,1114.1,6.6217,0.49949
771.95,1475.8,6.5903,0.49987
466.31,395.97,6.6532,0.49941
2660.1,715.38,6.6454,0.49928
1673.2,1469.6,6.5957,0.49976
632.52,1546.5,6.5851,0.49992
1942.1,390.85,6.6627,0.49922
570.33,244.92,6.6705,0.49926
1903.8,1483.2,6.596,0.49974
2480.4,829.83,6.6376,0.49936
2350.4,454.5,6.66,0.4992
825.28,1522.5,6.5881,0.49988
603.83,638.17,6.6368,0.49952
741.23,1492,6.5896,0.49988
322.76,426.66,6.649,0.49947
2214,1484,6.5978,0.4997
2330.2,464.2,6.6594,0.49921
769.9,598.18,6.641,0.49947
2455.4,1099.6,6.6225,0.49948
1992.4,1431.2,6.5999,0.4997
539.08,593.39,6.6389,0.49951
1024.6,696.64,6.6363,0.49949
2633.2,1167.5,6.6206,0.49948
2633.4,1176.7,6.6196,0.49949
2652.5,637.33,6.6503,0.49924
823.92,1404.7,6.595,0.49983
370.15,1391.2,6.5927,0.4999
585.98,1495,6.5878,0.49991
382.33,1406.1,6.5923,0.4999
2651.2,625.46,6.651,0.49924
1386.3,332.26,6.6655,0.49923
913.75,291.51,6.6667,0.49926
1995.4,621.23,6.6461,0.49934
2638.1,1136.6,6.6224,0.49946
1317.7,709.17,6.6371,0.49946
1782.5,1440.5,6.598,0.49973
1514.2,1486.9,6.5934,0.49979
2454.7,1243.4,6.6147,0.49955
2664.3,1125.9,6.6233,0.49945
571.41,1493.8,6.5877,0.49991
2411.4,900.83,6.6324,0.49941
2208.4,1476.8,6.5981,0.4997
383.55,467.45,6.6465,0.49948
1779.3,756.91,6.6368,0.49943
2607.8,485.2,6.6597,0.49918
575.83,944.09,6.6193,0.49966
1479.7,334.17,6.6653,0.49923
1187,1002.5,6.62,0.4996
2437.4,1261.2,6.6128,0.49956
2397.2,818.83,6.6368,0.49938
2007.8,1440.8,6.5992,0.49971
2821.2,733.39,6.6473,0.49924
858.16,1448.5,6.5923,0.49985
2669,713,6.6454,0.49928
1110.3,625.57,6.6413,0.49944
961.36,1475.6,6.5911,0.49985
1731.1,1219.5,6.6107,0.49964
2114.7,744.12,6.6391,0.49939
969.2,1622.5,6.5805,0.49993
505.46,1619.1,6.5786,0.49999
598.04,1465.4,6.5901,0.49989
572.24,1463.7,6.59,0.49989
2338.4,1245.8,6.6129,0.49957
1736.6,1444.7,6.5976,0.49974
1013.2,981.92,6.6201,0.49962
809.37,660.95,6.6369,0.4995
591.79,1464.5,6.59,0.49989
1669.1,1554.6,6.59,0.4998
846.45,682.71,6.6356,0.49951
772.07,331.1,6.6614,0.49931
1132.8,1664,6.5779,0.49994
872.2,1378.1,6.5971,0.49981
1671.8,1414.1,6.5988,0.49973
589.16,638.96,6.6366,0.49952
1860.4,812.51,6.634,0.49945
1915.3,1482.6,6.5958,0.49974
626.25,1523.3,6.5863,0.49992
238.76,422.83,6.6478,0.49949
645.31,1455.9,6.5905,0.49988
2369.6,1558.3,6.5936,0.49972
486.63,398.01,6.6528,0.49941
796.02,271.12,6.6686,0.49925
2086.7,1103.8,6.619,0.49955
828.47,1057.2,6.6148,0.49967
1397.6,1120.2,6.6143,0.49963
1334,696.76,6.6378,0.49945
1999.6,1431,6.5998,0.4997
560.28,1464.5,6.5894,0.4999
1939.2,1520.8,6.5932,0.49976
414.33,873.09,6.6215,0.49967
1130,1664.4,6.5777,0.49994
1908.2,1535.7,6.5923,0.49977
765.93,1636.1,6.5784,0.49996
2209.2,1451.7,6.5994,0.49969
1973.1,1485.2,6.5965,0.49973
1865.4,726.81,6.6386,0.49941
2502.1,760.65,6.6408,0.49934
1041.3,388.72,6.6576,0.49932
837.81,1550,6.5856,0.4999
1960.7,1508.3,6.5942,0.49975
1957.8,1481.6,6.596,0.49974
768.74,1514.9,6.5876,0.49989
2816,1002.7,6.6316,0.49936
1910,1489.9,6.5952,0.49975
2460.8,1232.8,6.6148,0.49954
1355.2,685.06,6.6386,0.49945
1166.2,308.56,6.6664,0.49924
2327.9,1468.8,6.5989,0.49968
356.15,1336.5,6.5955,0.49988
761.44,671.64,6.6358,0.49951
1779.3,799.65,6.6341,0.49945
2695.5,793.08,6.6409,0.49931
1318,695.82,6.6376,0.49946
514.83,929.7,6.6193,0.49967
2012.3,1432.2,6.5996,0.4997
2415.5,816.64,6.637,0.49938
2233.1,1438.2,6.6006,0.49968
2638.6,1145.1,6.621,0.49947
810.33,680.33,6.6355,0.49951
600.6,948.25,6.619,0.49966
2672.4,774.13,6.6416,0.49931
384.04,209.69,6.6725,0.49927
2251.1,1437.6,6.6007,0.49967
2061.4,1409.8,6.6018,0.49968
2113.3,856.77,6.6324,0.49944
1706,1455.9,6.596,0.49975
399.32,1421.7,6.5914,0.49991
2510.8,1552.6,6.595,0.49969
2522.3,1573.2,6.5935,0.4997
766.36,1494.4,6.5892,0.49988
1992.1,618.32,6.6458,0.49934
2658.5,743.34,6.6437,0.49929
2225.8,1475.4,6.598,0.4997
370.26,205.97,6.6729,0.49927
593.21,1427.1,6.5924,0.49987
2242.6,1448.9,6.5996,0.49968
1077.6,691.42,6.6365,0.49948
576.86,231.37,6.6715,0.49925
540.25,623.56,6.6365,0.49953
2028.1,1085.4,6.6199,0.49954
734.39,1513.3,6.5874,0.4999
1386.1,1041.1,6.6183,0.4996
1476.7,1486.1,6.5928,0.4998
546.47,1448.6,6.5901,0.49989
2413.8,900.9,6.6321,0.49941
2346,1190.1,6.6161,0.49955
850.4,677.24,6.6361,0.4995
1989.2,1432,6.5993,0.49971
2820.7,713.39,6.6479,0.49923
725.9,1647.8,6.5769,0.49998
774.57,1474.5,6.5902,0.49987
2476.6,769.13,6.6402,0.49934
586.94,1509.9,6.5862,0.49992
1035.8,652.17,6.6382,0.49947
818.45,605.98,6.6403,0.49947
2211.9,1493.9,6.5965,0.49971
645.35,1484.3,6.5883,0.4999
1798,371.4,6.663,0.49922
1926.9,1442.6,6.5983,0.49972
2599.4,449.74,6.6618,0.49916
1801.3,1079,6.6184,0.49957
2229.4,1491.3,6.5965,0.49971
735.17,1442.5,6.5919,0.49986
846.66,1533.7,6.5861,0.4999
2652,1037.2,6.6268,0.49943
2499.5,754.61,6.6412,0.49933
401.22,1392.9,6.5928,0.49989
2336.3,1229.3,6.6137,0.49957
1145.8,654.9,6.639,0.49946
1875.1,381.82,6.6625,0.49922
2770,310.64,6.676,0.49902
278.98,423.82,6.648,0.49948
763.99,670.32,6.6357,0.49951
2219.8,1450.5,6.5996,0.49969
542.43,618.9,6.6373,0.49953
2817.5,1007.2,6.6313,0.49936
411.45,561.74,6.6392,0.49953
1932.9,1447,6.5984,0.49972
1370.9,330.91,6.665,0.49924
2626.9,1210.3,6.6172,0.49951
1173,610.52,6.6419,0.49943
2024.3,1431.6,6.5995,0.4997
1560,1445.8,6.5963,0.49976
1615.8,1523.1,6.5907,0.4998
2152.2,1094.4,6.6199,0.49953
602.75,1450.9,6.5902,0.49989
749.18,1493.4,6.5891,0.49988
2674.1,1020.6,6.6284,0.49941
640.42,908.99,6.6211,0.49964
1207,987.93,6.6204,0.4996
2488.4,1073.1,6.6235,0.49947
605.22,577.8,6.6399,0.4995
553.01,1463.3,6.589,0.4999
2237.6,1425.5,6.6013,0.49967
592.04,1498.4,6.5872,0.49991
1984,1440.5,6.5986,0.49971
599.55,946.5,6.6187,0.49966
2193.2,1438.6,6.6,0.49969
396.13,212.28,6.6719,0.49927
2271,439.22,6.66,0.49921
2172.7,437.05,6.6599,0.49922
1514.2,1490.4,6.5923,0.4998
436.68,1435.3,6.59,0.49991
901.36,1019.8,6.6168,0.49965
2341,1447.6,6.6001,0.49967
2380.3,873.3,6.6331,0.49941
1452.9,1501.8,6.5917,0.49981
1913.8,1495.9,6.5946,0.49975
2042.4,430.16,6.6601,0.49923
265.74,193.27,6.6729,0.49929
1841.7,763.89,6.6361,0.49943
2749.5,302.15,6.6765,0.49902
2674.3,609.9,6.6516,0.49923
1796,804.27,6.6336,0.49945
401.37,1397.8,6.5922,0.4999
2112.3,765.88,6.6373,0.4994
814.97,676.47,6.6355,0.49951
2039.4,1214.5,6.6124,0.4996
759.67,1493.7,6.589,0.49988
437.53,1400.2,6.592,0.49989
427.08,213.41,6.6722,0.49927
2643.4,1134.5,6.622,0.49947
2520.6,1565.6,6.5938,0.4997
2120.4,805.63,6.6353,0.49942
398.31,211.51,6.672,0.49927
362.79,547.85,6.6393,0.49953
2486.6,740.87,6.6417,0.49933
603.56,1494.2,6.5872,0.49991
779.34,624.99,6.6383,0.49949
2242.7,1472.2,6.5976,0.4997
2781.1,325.76,6.6747,0.49903
952.09,1482.4,6.59,0.49986
2595.9,1406.7,6.6053,0.4996
1282.9,997.31,6.6201,0.49959
1054.4,1550.5,6.586,0.49988
1394.1,1156.5,6.6117,0.49965
2504.4,1419.6,6.6032,0.49963
2204.3,1493.7,6.5962,0.49971
807.25,553.55,6.6433,0.49945
2397.3,462.39,6.6588,0.49921
2509.3,1403.1,6.6048,0.49962
772.35,1500.8,6.5876,0.49989
1722.1,1447.3,6.5969,0.49975
2809.4,556.34,6.6572,0.49916
434.81,1456.3,6.589,0.49992
562.67,1492.1,6.587,0.49992
2331.7,864.95,6.633,0.49942
2272.5,1426.1,6.6008,0.49967
1984.7,1441.7,6.5983,0.49972
1101.9,601.08,6.6414,0.49944
589.83,1495,6.587,0.49991
839.4,1489.3,6.5892,0.49987
383.94,1407.1,6.5914,0.49991
2662.2,1173,6.6202,0.49948
581.87,626.68,6.6368,0.49952
1917.1,399.68,6.6612,0.49923
2178.7,1440.1,6.5996,0.49969
1806.5,1151.2,6.614,0.49961
1028.4,681.71,6.6363,0.49949
858.11,686.82,6.6349,0.49951
842.89,1527.4,6.5864,0.49989
1633.8,1400.2,6.599,0.49974
579.58,1018.7,6.6144,0.4997
2462.5,1211.3,6.6156,0.49954
589.44,637.66,6.636,0.49953
2176.4,866.87,6.6317,0.49944
560.93,1463.8,6.5887,0.4999
2691.1,650.95,6.6485,0.49925
2314.4,1151.3,6.6173,0.49954
583.26,1432.7,6.5909,0.49988
2054.4,809.37,6.6344,0.49943
847.94,1532.6,6.5858,0.4999
2639.1,1204.2,6.6172,0.4995
1923.6,1394.3,6.6009,0.4997
2093.2,767.16,6.6369,0.49941
1912.3,1497.5,6.5941,0.49975
465.54,574.74,6.6389,0.49952
2488.4,1468,6.6001,0.49966
2357,1246.4,6.6122,0.49958
1681.7,1502.1,6.5921,0.49979
1804.3,1392.2,6.6004,0.49971
517.98,958.48,6.6171,0.49969
2090,1105.3,6.6182,0.49955
2467.3,475.26,6.6582,0.4992
1585.7,1447.7,6.5953,0.49977
745.02,1459.1,6.5901,0.49987
2019.2,1439.2,6.5985,0.49971
1473.2,1049.7,6.6177,0.4996
2817.4,1007.7,6.6307,0.49936
2219.8,1481.7,6.5969,0.49971
2503.3,1418.2,6.603,0.49963
1798.1,801.86,6.6333,0.49946
549.42,628.92,6.6361,0.49953
2456.7,1269.6,6.6119,0.49957
1421.1,706.64,6.6365,0.49946
634.17,642.96,6.6356,0.49953
1149.5,670.11,6.6376,0.49947
1741.3,1438.7,6.5969,0.49974
1921.5,1488.1,6.5946,0.49975
587.38,1083.2,6.6109,0.49973
567.32,629.07,6.6359,0.49953
785.66,1413.3,6.5936,0.49984
2477.8,920.4,6.6309,0.49942
615.65,949.35,6.6182,0.49967
2648.6,1074.1,6.6243,0.49945
274.25,435.66,6.6464,0.4995
1500.5,345.63,6.6636,0.49924
2450.3,947.97,6.6296,0.49943
1536.2,351.32,6.6634,0.49924
2318.3,579.8,6.6501,0.49928
1853.3,378.54,6.6621,0.49923
1768.4,1221,6.6098,0.49964
1357,715.74,6.6359,0.49947
2662.7,747.15,6.6423,0.4993
860.82,1477.5,6.5894,0.49987
948.12,217.65,6.6756,0.49919
1951.5,1488.2,6.5947,0.49975
2504.5,858.66,6.635,0.49938
603.41,1508,6.5859,0.49992
374.08,1390.6,6.5917,0.49991
1015.7,292.89,6.6664,0.49925
584.68,1525,6.5846,0.49993
2206.6,1524.7,6.5941,0.49973
1591,1448.9,6.5952,0.49977
603.86,1509.3,6.5858,0.49992
2254.8,1428.2,6.6006,0.49968
1912.3,1500.9,6.5935,0.49976
1192.4,1054.2,6.6161,0.49963
1948,1507.1,6.5933,0.49976
576.23,1466.5,6.5887,0.4999
2338.3,1221.2,6.6142,0.49956
2413.2,465.51,6.6583,0.49921
776.86,331.97,6.6604,0.49932
552.82,1523.9,6.5845,0.49994
2665.2,797.94,6.6401,0.49932
1086.7,597.07,6.6416,0.49944
767.42,1635.2,6.5775,0.49997
799.27,1523,6.5864,0.4999
443.48,215.36,6.6716,0.49927
2197.4,1429.5,6.6,0.49969
2569.3,637.21,6.6481,0.49927
1125,1679.3,6.5754,0.49996
552.68,1429.6,6.5906,0.49989
575.18,1022.3,6.6139,0.49971
1020.2,1593.9,6.5817,0.49992
1990.4,1413,6.5994,0.49971
507.06,1656.8,6.5745,0.50002
2524.1,1578.3,6.5923,0.49971
2273.6,532.5,6.6525,0.49927
2819.8,954.11,6.6334,0.49934
570.92,928.62,6.6189,0.49967
2016.5,1210.4,6.6119,0.49961
480.08,974.48,6.6157,0.4997
605.68,1486.1,6.588,0.49991
952.28,1480.9,6.5896,0.49986
769.18,668.66,6.6348,0.49952
1651,1413.3,6.5979,0.49974
2831.6,633.31,6.6513,0.4992
507.44,841.03,6.6233,0.49964
1636.3,1411.9,6.5979,0.49974
264.97,200.05,6.6717,0.4993
1077.9,689.1,6.6358,0.49949
2442.1,1195.1,6.6154,0.49954
2028.9,1211.1,6.6119,0.49961
454.49,1549.5,6.5823,0.49997
738,249.71,6.6694,0.49925
600.92,1492.6,6.5872,0.49991
2497.5,579.53,6.6508,0.49926
2198,1499.8,6.5952,0.49972
2667,1157.9,6.6202,0.49948
2205.2,1499.5,6.5953,0.49972
2021.9,1426.9,6.5992,0.49971
2649.8,1032.3,6.6267,0.49943
2023.5,1429,6.5989,0.49971
2318.5,581.73,6.6496,0.49929
574.4,1464.5,6.5884,0.4999
1354.6,684.13,6.6375,0.49945
2181.5,1437.7,6.5993,0.49969
1796.2,785.94,6.634,0.49945
2179.3,753.74,6.6377,0.49939
600.1,1495.5,6.5868,0.49991
436.12,1347.9,6.5945,0.49987
1062.3,686.9,6.6358,0.49949
1134.7,1680,6.5748,0.49996
1122.7,609.21,6.6413,0.49944
2610.9,484.93,6.6584,0.49918
1808.5,1082.7,6.6175,0.49958
2366.7,1556.7,6.5926,0.49973
2219.8,1579.6,6.5895,0.49977
2466.4,1094.1,6.6214,0.49949
1376.9,1510.4,6.5896,0.49983
2691.3,753.66,6.6425,0.4993
2291.9,1106.8,6.6194,0.49953
506.66,1529.2,6.584,0.49995
2649.1,1110.1,6.6223,0.49946
2234.5,1422.4,6.6006,0.49968
2184.5,1428,6.5999,0.49969
1197.2,735.07,6.6333,0.4995
2433.8,1228.2,6.6133,0.49956
1753.2,750.61,6.6357,0.49944
745.59,1457.6,6.5898,0.49988
1719.7,371.43,6.6621,0.49924
2005.9,625.96,6.6446,0.49935
764,652.63,6.6358,0.49951
401.99,592.95,6.6365,0.49955
1767.4,1527.2,6.5908,0.49979
473.11,1620.8,6.5767,0.50001
1782.2,1472.7,6.5941,0.49976
2817,989.56,6.6311,0.49936
995.67,557.19,6.6435,0.49943
634.94,1493.3,6.5871,0.49991
1494.1,1019.6,6.6194,0.49959
1347.9,319.17,6.6648,0.49924
797.33,1525.6,6.5858,0.4999
1134.3,1681,6.5747,0.49996
2186.2,1429.3,6.5997,0.49969
1190.3,1020.8,6.6173,0.49962
266.24,488.07,6.6415,0.49954
591.99,944.55,6.6179,0.49967
2153.6,1525.9,6.5933,0.49974
1792.1,1182.5,6.612,0.49962
2479.9,906.32,6.6318,0.49941
338.47,909.07,6.6173,0.49971
1785.1,755.3,6.6355,0.49944
2445.9,1181.4,6.6167,0.49953
2227.4,1583,6.5888,0.49977
2505.1,1417.9,6.6026,0.49963
363.73,519.72,6.6405,0.49953
857.13,1416.3,6.5933,0.49984
248.36,425.91,6.6464,0.4995
859.61,1092.1,6.6124,0.49969
2454.1,473.41,6.6577,0.49921
831.07,683.89,6.6343,0.49952
334.27,200.33,6.6722,0.49928
490.83,875.98,6.6208,0.49966
1932.1,1403.4,6.5998,0.49971
385.04,1394.2,6.5916,0.49991
2390.6,1528.9,6.5945,0.49971
2494.6,842.03,6.6348,0.49938
353.74,215.47,6.6705,0.49929
1071,1551.8,6.585,0.49989
1462.3,1458,6.5938,0.49979
589.75,1419.2,6.5911,0.49988
375.64,883.52,6.6191,0.49969
861.26,669.12,6.6353,0.49951
879.99,550.09,6.6432,0.49945
1378.1,1510.6,6.5895,0.49983
