1125.8,222.03,6.7698,0.49849
1229.9,299.49,6.7579,0.49857
1217.9,303.75,6.7537,0.4986
1227.8,304.58,6.7503,0.49863
2536.5,950.33,6.6979,0.49892
842.67,336.41,6.7289,0.49881
1170.9,304.97,6.7326,0.49876
835.37,342.97,6.7228,0.49886
822.24,348.57,6.7215,0.49887
1157.3,323.06,6.7214,0.49884
816.19,384.81,6.7079,0.49896
1771.6,1372.4,6.6518,0.49933
1179.8,389.29,6.7078,0.49893
809.39,391.73,6.7054,0.49898
2707.8,1593.1,6.6397,0.49933
2370.1,1094.5,6.6657,0.49917
2704.1,1584.1,6.6384,0.49934
951.33,1638,6.6215,0.49962
2262.6,258.69,6.7198,0.49875
2312.3,243.28,6.7226,0.49873
2257.3,257.46,6.7199,0.49875
2280.5,244.2,6.7217,0.49874
1362.7,730.13,6.6787,0.49914
2312.9,247.65,6.721,0.49874
2331.4,1116,6.6614,0.4992
1579.2,773.78,6.6748,0.49916
1337.2,810.58,6.6708,0.4992
2718.5,1065.8,6.6663,0.49912
1552.1,781.69,6.6735,0.49917
1358.4,816.08,6.6698,0.49921
1352.8,720.96,6.6753,0.49917
1356.7,814.54,6.6694,0.49921
922.1,1119.6,6.65,0.4994
925.6,586,6.6805,0.49916
2278.3,267.83,6.7143,0.49879
1157,788.09,6.6692,0.49923
2655.2,1085.7,6.6626,0.49915
1133.6,760.33,6.6706,0.49922
1137.3,850.25,6.6654,0.49926
2064.6,1160.1,6.6535,0.49929
2093.2,1158.7,6.6535,0.49928
1154,760.64,6.6699,0.49922
926.78,753.12,6.6688,0.49925
2673.7,1085.4,6.662,0.49916
1353.2,797.48,6.6682,0.49922
1284.6,777.25,6.669,0.49922
1324.5,772.67,6.6691,0.49922
2698.7,1086.2,6.661,0.49916
2533.4,1110.7,6.6577,0.49921
918.96,1661.6,6.6107,0.4997
971.02,777.26,6.666,0.49927
2057.3,1177.3,6.65,0.49931
2284.3,273.23,6.7104,0.49882
975.25,959.72,6.6548,0.49935
2082.1,1049.3,6.656,0.49926
901.28,603.67,6.6745,0.49921
1797.9,1170,6.6471,0.49935
916.16,591.73,6.6751,0.4992
1317.8,755.54,6.6675,0.49923
2080.4,1182,6.6482,0.49932
925.2,952.95,6.6534,0.49937
2531.7,1123.5,6.6541,0.49923
1768.2,1213.1,6.6434,0.49938
910.61,1131.1,6.643,0.49945
925.73,1160.7,6.6408,0.49947
763.64,457.53,6.6813,0.49916
907.05,955.4,6.6517,0.49938
2297.8,280.62,6.7062,0.49885
2263.9,1080.8,6.6528,0.49927
1144.5,889.01,6.6564,0.49933
916.67,764.65,6.662,0.4993
785.79,364.2,6.6897,0.4991
2708.7,1012.2,6.6603,0.49916
2373.1,1491.9,6.6284,0.49945
1122.3,829.63,6.6596,0.4993
2491.7,1135.7,6.6513,0.49926
624.55,1086.7,6.6426,0.49948
1249.8,779.28,6.6629,0.49927
900.78,782.45,6.6604,0.49931
2466.8,1140.8,6.6505,0.49927
2263.5,1166.1,6.6474,0.49931
1250.8,812.48,6.6607,0.49928
1713.1,1225.4,6.6404,0.49941
914.9,750.68,6.6618,0.4993
2530.2,1145.8,6.6498,0.49927
2070.6,1163.6,6.6452,0.49935
2232.8,1172.5,6.6462,0.49932
952.23,977.88,6.6492,0.4994
2522.9,1053.6,6.655,0.49923
2689.9,1021.7,6.6583,0.49918
1788.5,1220.9,6.6404,0.4994
2333.5,1159.6,6.6473,0.49931
1489.6,842.06,6.6595,0.49928
907.06,1164.9,6.6384,0.49948
1787.8,1216.6,6.6406,0.4994
2518.9,1142.1,6.6494,0.49927
1271.4,784.67,6.6614,0.49928
967.33,963.54,6.6497,0.49939
1596.3,1458.9,6.6241,0.49955
909.46,593.59,6.6708,0.49923
2545.2,1051,6.6549,0.49922
2463.7,1064.1,6.6534,0.49925
894.19,605.78,6.6698,0.49924
2662.6,1030.2,6.6569,0.49919
905.89,1125.3,6.6401,0.49947
595.92,750.93,6.6586,0.49936
961.13,789.99,6.6588,0.49932
1533.1,1557.2,6.6162,0.49961
954.81,628.22,6.6678,0.49925
2642.5,1036.9,6.6555,0.49921
2460.3,1023.7,6.6543,0.49924
939.2,642.14,6.6666,0.49926
2486.1,1065.6,6.6521,0.49925
1343.6,849.87,6.6562,0.49931
2044.8,1682.2,6.6078,0.49964
1703.5,1230.1,6.6375,0.49943
964.32,952.54,6.6482,0.4994
958.94,778.15,6.6578,0.49933
1755.7,1146.1,6.6421,0.49939
1268.3,792.5,6.6587,0.4993
652.46,786.87,6.655,0.49938
2093.4,1610.9,6.6135,0.49959
610.47,767.66,6.6557,0.49938
976.88,646.08,6.665,0.49927
2253.1,1114.7,6.6459,0.49932
2524.2,1154.1,6.6462,0.49929
2031.6,1167,6.6421,0.49937
917.34,961.28,6.6468,0.49942
1125.1,799.81,6.6575,0.49932
2534.9,1154.9,6.646,0.49929
1483.4,794.91,6.6593,0.49928
943.1,816.67,6.6547,0.49935
1753.3,1154.2,6.6409,0.4994
952.23,619.16,6.6664,0.49926
2033.3,1090.7,6.6458,0.49934
1986,1132.4,6.6432,0.49937
1335.1,873.29,6.6534,0.49933
1951.5,1213.2,6.6383,0.49941
1528,822.49,6.6573,0.49929
2540.2,1017.4,6.6532,0.49924
1532.4,1538.1,6.6151,0.49962
2061.4,1164.8,6.6415,0.49937
2482.6,1027.8,6.652,0.49925
2482.6,1030.7,6.6518,0.49925
1950.1,1219.6,6.6376,0.49941
900.54,960.24,6.6458,0.49943
2480.7,1127,6.646,0.4993
2322.7,1093.6,6.6472,0.49931
2399.3,391.76,6.6907,0.49896
1455.5,802.62,6.6578,0.49929
2094.8,1601.5,6.6128,0.4996
2370.8,282.46,6.7008,0.49888
1978.7,1211.9,6.6381,0.49941
1247.6,894.94,6.6513,0.49936
949.12,1154.9,6.6352,0.4995
895.15,785.1,6.6552,0.49935
1459.3,864.99,6.654,0.49932
921.33,316.14,6.6895,0.49908
2252.2,1061,6.6479,0.49931
1780,1194.3,6.6376,0.49943
2480.2,1090.4,6.6474,0.49929
2696.1,1426.1,6.6308,0.49939
1511.9,1147.5,6.6386,0.49944
2538.3,1119.8,6.6463,0.49929
894.5,767.35,6.6558,0.49935
1310,857.47,6.6532,0.49934
913.91,1370.9,6.622,0.49961
915.33,948.17,6.6458,0.49942
2332.9,271.13,6.7018,0.49888
635.58,1253.8,6.627,0.4996
889.4,606.34,6.6654,0.49927
918.04,1167.4,6.6337,0.49952
2538,1082.1,6.648,0.49928
1056.7,407.21,6.6811,0.49914
2658.4,1001.1,6.6541,0.49921
2060.4,1082.5,6.6451,0.49935
2325.4,242.48,6.7046,0.49886
1215,581.23,6.6686,0.49922
917.61,1148,6.6346,0.49951
2455.7,1120,6.6455,0.49931
2696.1,1415.2,6.6305,0.49939
1483.2,869.07,6.653,0.49933
1268.9,866.47,6.652,0.49935
2344.5,1451.4,6.6245,0.49948
2057.6,1145.4,6.6406,0.49938
2321.7,1054.6,6.6478,0.4993
898.19,1369.4,6.6213,0.49962
2657.1,993.91,6.6541,0.49921
1700.9,1167.2,6.6377,0.49943
1779.5,1158.2,6.6386,0.49942
2283.9,1191.1,6.6396,0.49937
2027.8,1128.2,6.6415,0.49938
2637.5,999.25,6.6534,0.49922
2626.2,677.14,6.671,0.49909
1797.6,1479.2,6.6188,0.49957
1950.7,1106.9,6.6421,0.49938
2657.6,1101.7,6.6474,0.49927
2220.6,1069.9,6.6458,0.49933
2703.2,984.17,6.6548,0.4992
946.06,983.14,6.6429,0.49944
2480.7,1118.5,6.6451,0.49931
1748.3,1128.9,6.6395,0.49941
2244.7,1161.6,6.6402,0.49937
2684.7,990.12,6.654,0.49921
2377.3,286.42,6.6984,0.4989
2317.1,1116,6.6431,0.49934
1076.9,840.99,6.6512,0.49937
1971.3,1223.7,6.6351,0.49943
1337.2,841.43,6.6522,0.49934
1267.1,904.97,6.6485,0.49937
1482.8,839.32,6.6535,0.49932
2026.6,1097.2,6.6424,0.49937
2514.2,1029.4,6.6496,0.49927
1980.4,1100,6.642,0.49938
934.82,643.18,6.6616,0.4993
1557.2,838.68,6.6533,0.49932
1315.6,780.64,6.6563,0.49931
2243.7,1187.2,6.6388,0.49938
1742.5,1200.1,6.6348,0.49945
2040,1221.7,6.6351,0.49942
1662.5,1251.1,6.6314,0.49948
2654.8,673.78,6.6705,0.49908
1136.7,892.45,6.6482,0.49939
674.57,1136.5,6.6325,0.49955
1266.4,902.12,6.6483,0.49938
1112.8,1295.1,6.6257,0.49957
898.52,952.05,6.6433,0.49944
1698.4,1185.4,6.6347,0.49945
2512.2,1562.7,6.6162,0.49953
944.91,967.36,6.6426,0.49945
2702.4,1054.9,6.649,0.49924
954.98,1388.3,6.6188,0.49963
1975.6,1159.2,6.6375,0.49941
2245.7,1113.1,6.6422,0.49935
1977.7,1108.9,6.6403,0.49939
2682.9,1466.2,6.6246,0.49944
946.38,1206.4,6.629,0.49955
912.1,1360.5,6.6197,0.49963
2331.9,1464,6.6217,0.4995
1548.4,871.32,6.6506,0.49934
611.18,850.53,6.6461,0.49945
2010.8,1225.2,6.6337,0.49944
1971.6,1196.1,6.6349,0.49943
2505.7,1565.9,6.6152,0.49954
2536.8,1114.1,6.6438,0.49931
2020.3,1225.4,6.6333,0.49944
609.03,758.09,6.6508,0.49941
2288.3,1067.9,6.6439,0.49933
2021.8,1226.8,6.633,0.49944
1495.6,1267.8,6.6279,0.49952
2244.6,1429.2,6.622,0.49951
945.95,1188.7,6.6292,0.49955
961.66,1193,6.629,0.49955
2313.7,1521.5,6.6163,0.49955
2241.8,1154.9,6.6385,0.49938
940.22,1369.9,6.6183,0.49964
2037.2,1225.1,6.633,0.49944
2336.2,239.08,6.7013,0.49888
1056.2,853.69,6.6478,0.4994
2340.1,244.58,6.7005,0.49889
1691.1,1224.2,6.6307,0.49948
2211.9,1159.2,6.6379,0.49939
2510.6,1120.1,6.6423,0.49932
2535.5,1025.3,6.6478,0.49928
1483.7,828.69,6.6512,0.49934
653.82,874.08,6.644,0.49946
896.71,1359.5,6.6185,0.49964
954.77,1373.8,6.6179,0.49964
915.63,328.16,6.6839,0.49913
2610.1,692.63,6.6666,0.49912
2311.7,1520.2,6.6158,0.49955
1520.5,880.41,6.6484,0.49936
737.89,471.37,6.6696,0.49925
2452.7,726.48,6.663,0.49917
2697.2,1137.2,6.6426,0.4993
2312.9,1147.7,6.6387,0.49937
1113.4,904.56,6.6448,0.49941
1076.2,877.96,6.646,0.49941
637.55,803.53,6.6472,0.49944
835.51,655.21,6.6574,0.49934
2696.1,1138.3,6.6423,0.4993
1941.5,1147.4,6.636,0.49942
2282.8,1154,6.6379,0.49938
2499.2,1563.5,6.6134,0.49955
933.33,636.84,6.6589,0.49932
1772.5,1131.6,6.6358,0.49944
2475.7,1037.7,6.6456,0.4993
1693.9,1144.6,6.6344,0.49945
595.09,819.69,6.6455,0.49946
2308.1,1161.9,6.6367,0.49939
1955.3,1484,6.6149,0.49959
1771.3,1137.3,6.6351,0.49944
2163.8,1434,6.6195,0.49954
2087.8,1578,6.6093,0.49962
2450.9,1179.7,6.6371,0.49937
650.98,784.25,6.6478,0.49943
2125.8,1540.9,6.6122,0.4996
2344.1,246.89,6.699,0.4989
842.51,679.69,6.6552,0.49936
939.8,823.24,6.6474,0.49941
1914.6,372.55,6.6834,0.49906
939.36,803.84,6.6484,0.4994
2339.7,239.83,6.6997,0.49889
2072.7,1607.5,6.6059,0.49965
1076,884.47,6.6447,0.49942
2648.4,1148.4,6.6403,0.49932
1812.9,1443.9,6.6166,0.49959
2473.2,1589.4,6.6102,0.49958
2042.4,1163.1,6.6346,0.49943
1286.1,1288.3,6.6234,0.49957
679.11,1279.2,6.6203,0.49964
960.96,1218.8,6.6255,0.49958
1127,1304.4,6.6215,0.4996
1498.8,1193.7,6.6299,0.4995
1484.5,862.43,6.6476,0.49937
1125.7,1178.6,6.6293,0.49954
961.51,1180.1,6.6276,0.49956
1270.4,866.57,6.6462,0.49939
1531.7,883.52,6.6468,0.49937
2025.7,1218.1,6.6319,0.49945
2534.8,1147.2,6.639,0.49935
2697.6,1136.7,6.6413,0.4993
911.58,1349.3,6.6174,0.49964
1652.9,1255.6,6.6271,0.49951
840.17,682.75,6.6544,0.49936
954.79,1361,6.6167,0.49965
1662.5,1150.5,6.6329,0.49947
1241.9,890.44,6.6448,0.4994
2462.1,1179.9,6.6362,0.49938
1935.5,1238.3,6.6293,0.49948
2460.5,1181.1,6.636,0.49938
2297.7,1188.9,6.6343,0.49941
594.26,759.25,6.6477,0.49944
975.4,691.89,6.6547,0.49935
611.67,830.81,6.6437,0.49947
1109.1,1300.3,6.6211,0.4996
2372.5,296.36,6.6926,0.49894
2297.8,1469.6,6.6169,0.49954
2662.9,1488.5,6.619,0.49949
1754,1535.9,6.6085,0.49965
2043.3,355.83,6.6844,0.49904
637.54,785.53,6.6461,0.49945
1452.7,860.64,6.647,0.49937
1058.1,949.46,6.6399,0.49946
1526.2,1212,6.6276,0.49952
895.46,1381.7,6.6144,0.49967
908.42,779.48,6.6482,0.4994
1056.1,860.87,6.6445,0.49942
2630.3,1026,6.6454,0.49928
2038.5,1116.2,6.6359,0.49942
1496.9,438.41,6.674,0.49916
2537.2,1043.1,6.6436,0.49931
1323.4,822.87,6.648,0.49937
2207.1,1211.1,6.6317,0.49944
2312.4,1065.3,6.6408,0.49936
744.22,591.89,6.6581,0.49934
1056.7,892.45,6.6425,0.49944
2244.3,1087.7,6.6386,0.49938
2208.6,1212.4,6.6314,0.49944
2648.8,1147.9,6.6389,0.49933
2220.7,1210.9,6.6315,0.49944
1964.2,1194,6.6311,0.49946
2489.7,728.35,6.6604,0.49918
2680.1,1013.1,6.6463,0.49927
1140,891.46,6.6424,0.49943
1075.5,857.87,6.6443,0.49942
2585.8,1587.6,6.6101,0.49957
1522.1,1245.3,6.625,0.49954
1658,1182.1,6.6297,0.49949
638.8,816.92,6.6436,0.49947
1822.4,1676.2,6.5968,0.49974
1948,1240.4,6.6278,0.49949
1530,1536.5,6.6064,0.49968
2508.9,1038,6.6433,0.49932
1763.3,1191.5,6.6292,0.49949
1302.4,921.82,6.6417,0.49942
1111.6,1236.8,6.6234,0.49958
2636.2,1152.3,6.6379,0.49934
2029.9,1199,6.6305,0.49946
1749.3,402.41,6.6775,0.49911
2632.6,1103.8,6.6407,0.49932
2679.1,683.01,6.6644,0.49913
2372.4,280.37,6.6927,0.49894
1051.7,420.6,6.6723,0.4992
2513.3,724.83,6.6602,0.49918
1271,900.68,6.6422,0.49942
1581.6,427.89,6.6743,0.49915
734.03,522.14,6.6625,0.49931
1048.4,412.71,6.673,0.4992
1511.6,1277,6.6228,0.49956
1669,1265.6,6.6242,0.49953
2061.1,1605.5,6.6035,0.49967
2363.5,263.97,6.6942,0.49893
2370.1,274.58,6.693,0.49894
1304.3,1292.7,6.6207,0.49959
2436.5,1150,6.6356,0.49938
1492,1175.2,6.6283,0.49952
836.62,690.22,6.6518,0.49938
2573.1,1585.6,6.6089,0.49958
628.36,1275.1,6.6175,0.49967
1264,916.87,6.6412,0.49943
729.23,528.54,6.662,0.49931
893.36,778.31,6.6467,0.49942
1140.4,921.46,6.6399,0.49945
2039.1,1117.2,6.6345,0.49943
2360.8,258.4,6.6946,0.49893
1932,1128.8,6.6332,0.49945
521.33,474.64,6.663,0.49933
779.75,399.38,6.6713,0.49923
1718.8,1241.2,6.6256,0.49952
2221,1444,6.616,0.49956
2014.9,1201.5,6.6295,0.49947
960.55,972.78,6.6361,0.49949
1054,432.8,6.6703,0.49922
669.03,1284.8,6.6169,0.49967
2165.7,340.71,6.6846,0.49903
1744.1,1259.8,6.6245,0.49953
2695.9,1013.9,6.6451,0.49927
2503.2,1053.1,6.641,0.49933
2676,1023,6.6448,0.49928
914.36,958.74,6.6364,0.49949
2268,1172,6.6325,0.49942
2219.9,1211.7,6.63,0.49945
2018.2,1167.1,6.6311,0.49946
2465.9,1059.8,6.6402,0.49934
2459.6,1147.4,6.6353,0.49938
2298.8,1172.8,6.6326,0.49942
2303.7,1201.8,6.6311,0.49943
955.65,800.73,6.6452,0.49942
1134,1281.6,6.6194,0.49961
1313.2,1264.7,6.6214,0.49958
2684.2,1143.7,6.6377,0.49934
2656.5,1486.4,6.6168,0.4995
2011,1163.8,6.6312,0.49946
1727.9,1153,6.63,0.49949
1058.7,960.03,6.6369,0.49948
2694.9,1015.4,6.6446,0.49928
1943.6,1130.4,6.6324,0.49945
1947.5,1241.3,6.6262,0.4995
1965.4,372.68,6.6799,0.49908
2682.3,1142.6,6.6376,0.49934
2664.4,1465.4,6.6181,0.49949
1884.8,1552.1,6.6054,0.49967
2635.5,1155.1,6.6361,0.49936
2354.3,254.7,6.6943,0.49893
968.19,1187.8,6.6233,0.49959
2296.8,1133.2,6.6342,0.49941
2224.2,1142.5,6.6331,0.49942
1326,894.63,6.6415,0.49942
2367.2,266.1,6.6927,0.49894
2519.5,1138.9,6.6356,0.49937
2035,1615.7,6.6014,0.49969
1337.3,922.9,6.6397,0.49944
950.97,688.95,6.6511,0.49938
1109.1,1274.9,6.6195,0.49961
1479.3,1282.7,6.6208,0.49957
1510.3,1276.7,6.6215,0.49957
2521.7,1101.6,6.6376,0.49936
2030.5,1166.8,6.6304,0.49946
2377.3,283.1,6.6907,0.49896
2431.6,745.2,6.6567,0.49922
2648.2,1026.3,6.643,0.4993
1902.1,1457.9,6.6118,0.49962
2437.4,1115,6.6361,0.49938
1486.6,1274.3,6.6215,0.49957
2403.8,398.92,6.6796,0.49904
912.09,658.5,6.6522,0.49937
1248.2,1225,6.6228,0.49958
1136,1253.4,6.6201,0.4996
2268.2,1171.2,6.6315,0.49943
2474.6,1109.6,6.6364,0.49937
2461,1111.8,6.6362,0.49938
1655.2,1191.3,6.6269,0.49952
1517.3,1175.7,6.6268,0.49953
2036.9,1613,6.6011,0.49969
2211.1,1121.7,6.6338,0.49942
640.86,1196.3,6.6205,0.49964
1681.1,1225.1,6.6251,0.49953
2035.1,1614,6.601,0.49969
2437.1,1130.1,6.6349,0.49939
2448,1150.5,6.6338,0.4994
2028.4,1179.8,6.6292,0.49947
1477.9,890.12,6.642,0.49941
1518.4,881.78,6.6426,0.4994
1839.6,1568.8,6.603,0.49969
2473.5,1107.6,6.6363,0.49937
1727.9,1484.5,6.6087,0.49965
1108.9,1270,6.619,0.49962
2304.3,1182.9,6.6308,0.49943
2014.5,1167.8,6.6297,0.49947
2499.8,1059.1,6.6395,0.49935
2683.9,1145.7,6.6362,0.49935
2557.3,1593.1,6.6064,0.4996
2280.5,1172.1,6.631,0.49943
1727.8,1243.3,6.6237,0.49953
943.58,626.5,6.6546,0.49935
1265,895.03,6.6403,0.49944
2301.1,1085.6,6.6359,0.49939
1247,819.99,6.645,0.4994
911.96,658.77,6.6515,0.49938
2375.3,275.58,6.6908,0.49896
2229.2,1095,6.6349,0.49941
1611.8,1473,6.6091,0.49966
2451.7,1063.7,6.6383,0.49936
2449.5,1126.3,6.6348,0.49939
2009.9,1216.1,6.6267,0.49949
2695,1145.6,6.6362,0.49935
917.56,1372.9,6.6112,0.49969
1767.5,862.54,6.6447,0.49937
1133.8,942.58,6.6369,0.49947
1518.5,1176,6.6262,0.49953
2531,1135.4,6.635,0.49938
2299.6,1205.7,6.6291,0.49945
2511.5,698,6.6592,0.49919
1940.5,1131.7,6.6309,0.49946
2704.8,1014,6.6433,0.49929
2456.2,1161.1,6.6328,0.4994
1956,1131.2,6.631,0.49946
1544.8,865.05,6.6432,0.49939
2469.2,1068,6.638,0.49936
969.65,689.46,6.6501,0.49938
2276.1,1208.8,6.6287,0.49945
946.03,973,6.634,0.49951
2212.7,1097.1,6.6345,0.49941
2023,1215.1,6.6267,0.49949
1452.4,1179.5,6.6256,0.49954
1077.5,961.9,6.6353,0.49949
1288.1,1222.4,6.6223,0.49958
1927.2,1201.7,6.6271,0.49949
603.02,873.23,6.6369,0.49952
2470.4,1145.1,6.6337,0.49939
1996.2,1205.9,6.6269,0.49949
2214.2,1098.4,6.6342,0.49942
2218.7,1180.1,6.6297,0.49945
898.24,1352.5,6.6123,0.49968
2518,1154,6.6336,0.49939
2262.7,1198.2,6.6291,0.49945
2582.6,1483.2,6.6143,0.49953
947.29,1166.8,6.6233,0.49959
2153.2,1512.5,6.609,0.49962
771.97,605.36,6.6536,0.49937
1249.7,1201.6,6.623,0.49957
904.46,627.12,6.6533,0.49936
1723.6,1246.4,6.623,0.49954
2298.7,1111.6,6.634,0.49941
2531.2,1138.1,6.6344,0.49938
2039.2,1199.5,6.6274,0.49948
2313.3,1465.9,6.613,0.49957
1557.9,894.92,6.6411,0.49941
1650.3,1270.4,6.6211,0.49956
889.01,622.35,6.6534,0.49936
2470.8,1147.5,6.6332,0.4994
2431.5,1165.1,6.6319,0.49941
2389.1,300.93,6.6877,0.49898
2226.5,1121.2,6.6329,0.49942
2493.1,1177.5,6.6319,0.49941
743.59,496.25,6.6609,0.49932
2643.6,1117.4,6.6365,0.49935
1321.4,882.38,6.6413,0.49943
2524.2,1052.3,6.6389,0.49935
1995,1220.4,6.6258,0.4995
2204.5,1193.8,6.6285,0.49946
2449.7,1114.7,6.6347,0.49939
1725.9,1264,6.6217,0.49955
2497.5,1107,6.6355,0.49938
912.72,644.51,6.6517,0.49938
2282.9,1113.8,6.6335,0.49941
2494.9,1144.2,6.6335,0.49939
1687.9,1533.6,6.6046,0.49969
1112.8,1215.5,6.6212,0.4996
1055.4,435.9,6.6675,0.49924
2434.6,1129,6.6337,0.4994
1289.7,1196.2,6.6232,0.49957
2031.6,1623.3,6.5989,0.49971
2686.5,1017.8,6.6423,0.4993
1110.3,1254.8,6.6188,0.49962
1518.8,870.37,6.6421,0.49941
1838.8,395.76,6.6751,0.49913
2232.9,1102.2,6.6335,0.49942
2646.4,1155.7,6.6341,0.49937
2646.5,1029.1,6.6411,0.49931
2017.5,1124,6.631,0.49946
2019.5,1125.2,6.6309,0.49946
862.62,677.4,6.6492,0.4994
2432,1167.6,6.6315,0.49942
1670.9,422.29,6.6718,0.49916
1936.7,1178.7,6.6274,0.49949
2693.2,1068.5,6.6394,0.49932
2290.4,1171.8,6.6301,0.49944
1437.7,1284.7,6.6188,0.49959
605.36,757.93,6.6434,0.49947
1092.8,599.78,6.6559,0.49933
2624,1135.5,6.635,0.49936
2051.9,1612.4,6.5996,0.4997
2209.5,1146.5,6.6309,0.49944
2237.1,1143,6.6312,0.49944
2225.9,1098.1,6.6336,0.49942
683.78,1283.9,6.6145,0.49969
912.41,644.18,6.6514,0.49938
2673.9,624.62,6.6643,0.49913
2691.8,1107.1,6.6372,0.49934
2303.9,1093.2,6.6343,0.49941
1418.3,459.92,6.6673,0.49922
1523.2,1560.3,6.6006,0.49973
2472,1123.5,6.6339,0.49939
2364.2,255.18,6.692,0.49895
2637.6,1029.9,6.6406,0.49932
1520.2,1207.2,6.6235,0.49955
2371.8,269.7,6.6904,0.49896
2459.3,1187.3,6.6301,0.49942
1720.3,1200.7,6.6246,0.49953
1992.5,1219,6.6251,0.4995
924.42,1196.8,6.6202,0.49962
1107.2,1300.9,6.6156,0.49964
2516,1152.6,6.6326,0.4994
1694,419.24,6.6717,0.49916
2452,1066.5,6.6367,0.49937
2642.5,1129.4,6.635,0.49936
2623.5,1121.8,6.6352,0.49936
742.91,524.7,6.6581,0.49934
1303.6,1282.6,6.6176,0.49961
1474.6,878.41,6.6408,0.49942
2678.8,656.61,6.6619,0.49915
2468.5,1160.2,6.6316,0.49941
941.12,1364.4,6.6107,0.49969
2436.7,1115.2,6.6338,0.4994
1929.5,1225.5,6.6242,0.49952
2458,1125.9,6.6333,0.4994
2219.9,1157.7,6.6298,0.49945
2297.7,1089.1,6.634,0.49941
1326.4,873.04,6.6401,0.49943
2492.9,1156.5,6.6319,0.49941
2024.8,1172.1,6.6274,0.49948
1948.3,834.81,6.6458,0.49935
1249.5,1201.1,6.6219,0.49958
1531.1,884.57,6.6406,0.49942
1450,1226.5,6.6211,0.49957
606.21,827.62,6.6387,0.49951
470.08,734.59,6.6422,0.4995
2675,1073.3,6.6382,0.49933
2266.7,1139.9,6.6309,0.49944
648.35,1248.9,6.615,0.49969
2513.2,712.57,6.6562,0.49921
1313.1,917.09,6.6375,0.49946
2252.2,333.63,6.6823,0.49904
2307.2,1146.7,6.6308,0.49943
2522,1054.8,6.6375,0.49936
1446.8,817.8,6.6437,0.4994
2527,1059.7,6.6373,0.49936
495.09,1242.1,6.6145,0.49971
2359.5,244.26,6.6927,0.49894
2234.7,1156.1,6.6297,0.49945
2273.5,1197.5,6.6277,0.49946
2650.7,1429.2,6.6172,0.4995
2518.4,1116.2,6.6341,0.49939
2215.1,1193.3,6.6274,0.49947
2644.6,1080.3,6.6373,0.49934
1756.8,1229.7,6.6227,0.49954
914.07,1340.9,6.6116,0.49969
1731.9,1254.8,6.6215,0.49955
2493.6,1159,6.6315,0.49941
1930.8,1214,6.6244,0.49951
2698.6,1091.4,6.6377,0.49933
2531.6,1099.8,6.6351,0.49938
1996.2,1205.4,6.6253,0.4995
2428.9,303.79,6.6863,0.49899
2007.2,1204.2,6.6255,0.4995
2026.9,1184.5,6.6267,0.49949
2486.4,675.66,6.6584,0.4992
2541.1,1590.9,6.6043,0.49962
2687.1,1020.2,6.6409,0.49931
1474.2,851.41,6.6417,0.49941
2031.9,1148.4,6.6287,0.49947
2207,1159.7,6.6291,0.49946
2638.4,1031.6,6.6397,0.49933
1552.8,863.27,6.6416,0.49941
1531,871.43,6.6409,0.49941
2469.9,1126.5,6.6329,0.4994
2279.3,1078.6,6.6344,0.49941
2690.4,1118.9,6.6355,0.49935
2284,1090.4,6.6334,0.49942
2625.1,1084.4,6.6366,0.49935
2445.8,1130.5,6.6324,0.49941
2040.7,1181.2,6.6268,0.49949
1956.4,1132.4,6.629,0.49948
942.87,804.19,6.6413,0.49945
646.42,1266.5,6.614,0.4997
2231.8,1179.8,6.628,0.49946
1328.6,1625.1,6.594,0.4998
1741.5,1243.3,6.6215,0.49955
1676.6,1163.5,6.6256,0.49952
2276.1,1172.4,6.6287,0.49945
995.29,674.33,6.649,0.49939
1994.7,374.36,6.6764,0.4991
1263.3,911.86,6.637,0.49946
1322.9,879.48,6.6397,0.49944
619.72,821.84,6.6375,0.49951
1780.4,407.48,6.6723,0.49915
2307.8,1134.9,6.6309,0.49943
926.22,1180.6,6.6201,0.49962
1752.7,1156,6.6263,0.49951
2531.3,1114.2,6.6338,0.49939
2622.1,1133.9,6.6336,0.49938
2524.7,1175,6.6305,0.49941
2443.6,1164.4,6.6303,0.49942
2375.1,273.35,6.6888,0.49897
2509.6,1106.2,6.634,0.49939
902.27,963.43,6.632,0.49953
2038.7,1183.9,6.6264,0.49949
2013.4,371.38,6.6767,0.4991
2427.2,687.37,6.6568,0.49922
2526,1126.4,6.6334,0.49939
2643.7,1092.4,6.6361,0.49935
2137.8,352.27,6.6791,0.49907
2443.7,1150.8,6.631,0.49942
1087.1,913.24,6.6354,0.49949
620.35,823.62,6.6372,0.49952
1717.2,417.56,6.6709,0.49917
2203.7,1183.4,6.6273,0.49947
2511,1056,6.6367,0.49937
2692,1081.2,6.6372,0.49934
2041.1,1166.8,6.6272,0.49948
2509.1,668.44,6.6585,0.4992
2562.7,1489.7,6.6115,0.49956
963.53,1232,6.6176,0.49964
2531.9,1102.4,6.6343,0.49938
2197.1,342.92,6.6802,0.49906
2012.7,1150.9,6.6279,0.49948
1327.1,888.72,6.6383,0.49945
2447,1114.3,6.6329,0.4994
2451.2,681.64,6.6572,0.49921
1671.7,1206.8,6.6227,0.49955
648.05,897.94,6.6336,0.49954
2292.7,328.3,6.6822,0.49903
1933,1192.8,6.6249,0.49951
2265.7,1155.1,6.6292,0.49945
952.48,646.01,6.6502,0.49938
2041.8,1169.2,6.6269,0.49949
1738.5,414.28,6.6711,0.49916
1909.6,1249,6.6216,0.49954
643.04,798.07,6.6391,0.4995
2026.1,1239.5,6.6227,0.49952
1500.8,1181.6,6.6231,0.49955
2466,1163.2,6.6302,0.49942
2291,1149.5,6.6295,0.49945
2448.1,1092.3,6.6339,0.4994
1806.3,1484,6.6063,0.49967
1244.8,913.5,6.6363,0.49947
2306.5,1133.1,6.6305,0.49944
381.12,1635.1,6.5867,0.49994
1487.6,909.66,6.6375,0.49944
2642.1,1132.3,6.6335,0.49937
2284,1504.5,6.6079,0.49961
2039.9,1129.7,6.6287,0.49947
2697.9,1023.7,6.6399,0.49932
2653.3,1113.6,6.6346,0.49936
2456,726.05,6.6537,0.49924
1943.5,1213.2,6.6235,0.49952
2630.6,640.59,6.661,0.49916
1448.8,1210.9,6.6211,0.49957
919.78,1160.9,6.6208,0.49962
993.15,674.47,6.6483,0.4994
1336.7,873.95,6.6388,0.49944
1337.1,888.38,6.638,0.49945
1239,1303.9,6.6145,0.49964
2520,1103.4,6.6337,0.49939
2023.5,1203.9,6.6245,0.49951
1835.2,1439.7,6.6094,0.49964
433.54,714.54,6.6417,0.4995
2623.9,1096.7,6.635,0.49936
2690.6,1121.3,6.6345,0.49936
2497,1107,6.6333,0.49939
1348,1618.4,6.5933,0.4998
1314.5,1239.8,6.6182,0.49961
495.83,1240.6,6.6134,0.49972
2653.7,1116,6.6343,0.49937
2650.3,1102.6,6.6353,0.49936
774.2,479.04,6.6601,0.49932
1412.7,1288.5,6.6163,0.49961
1996.8,1174.5,6.6259,0.4995
2624.6,1099,6.6349,0.49937
2119.6,356.34,6.6779,0.49908
2506.1,1143.6,6.6312,0.49941
728.93,1584.6,6.5928,0.49985
1737.7,1158.3,6.6253,0.49952
1995.5,1186.5,6.6251,0.4995
1614.4,426.36,6.6687,0.49919
965.08,1175.9,6.6201,0.49962
2522.2,1161.7,6.6307,0.49941
914.75,632.83,6.6499,0.49939
2453.8,1165.3,6.6295,0.49943
2218.7,340.7,6.6799,0.49906
2269.1,1095.1,6.6322,0.49943
1113.4,950,6.6331,0.4995
2233.8,1142.7,6.6291,0.49945
2219.4,1161.1,6.6279,0.49946
2511.9,1057.8,6.6358,0.49937
2219.9,1218,6.6246,0.49949
2652.7,1127.7,6.6334,0.49937
2504.8,1155.2,6.6304,0.49942
2002.8,1221.2,6.6232,0.49952
2672.3,1125.8,6.6338,0.49937
1237.6,827.27,6.6412,0.49943
1941.7,1483.3,6.6063,0.49966
1501.9,1284.6,6.6167,0.49961
1067.1,862.62,6.638,0.49947
2278.7,1151.4,6.6287,0.49945
2229.5,1178.4,6.627,0.49947
921.32,815.62,6.639,0.49947
2104,1490.6,6.6077,0.49963
1519,1204.9,6.6214,0.49957
1252.5,1245.6,6.6172,0.49962
2274.1,326.21,6.6813,0.49904
2623.3,1139.7,6.6325,0.49938
2494.4,1121.1,6.632,0.4994
471.08,708.36,6.6421,0.4995
2702.3,1064.6,6.6373,0.49933
1947.6,1179.9,6.625,0.49951
961.52,1384.7,6.6073,0.49972
2653.9,1092.6,6.6352,0.49936
2643.7,712.07,6.6561,0.4992
2205.5,1146.7,6.6284,0.49946
2685.2,1045.3,6.6381,0.49933
1487.6,1286,6.6164,0.49961
650.1,1217.6,6.6151,0.49969
1743,1244.9,6.6201,0.49956
2277.5,1511.1,6.607,0.49962
628.54,1172,6.6177,0.49967
2671.5,1123.5,6.6336,0.49937
963.33,1369.6,6.6082,0.49971
1709.8,1487.8,6.6048,0.49968
2654.6,1076.2,6.636,0.49935
2495.1,1123.4,6.6318,0.49941
1811.9,1486.6,6.6056,0.49967
2417.9,308.34,6.6841,0.49901
1911.6,389.74,6.6732,0.49913
2304,1150.4,6.6287,0.49945
1718.5,1217.4,6.6214,0.49955
661.6,869.92,6.6343,0.49953
2654.7,1090.3,6.6351,0.49936
2132,1471,6.608,0.49963
2255.8,329.39,6.6806,0.49905
923.03,836.95,6.6374,0.49949
2018.4,366.46,6.6755,0.49911
1131.5,1278.5,6.6148,0.49965
608.97,820.84,6.6369,0.49952
2506.8,637.61,6.6592,0.49919
1548.1,1121.3,6.6257,0.49953
622.47,852.92,6.6344,0.49954
2266.4,1140,6.6289,0.49945
1955.2,382.97,6.6739,0.49913
2005.4,1572.5,6.6002,0.4997
2664.8,1424.8,6.6154,0.49951
2507.6,1119,6.6319,0.4994
1356,1543.3,6.5984,0.49976
2681.8,672.57,6.6582,0.49917
1613.5,435.19,6.6676,0.4992
1956.1,1482.3,6.6059,0.49966
2116.4,1471.9,6.6076,0.49963
2633.9,1120.4,6.633,0.49938
434.15,718.1,6.6407,0.49951
2231,1160,6.6275,0.49947
2564.5,1519.3,6.6084,0.49958
2672.2,1112.3,6.6339,0.49937
2263.1,1153.9,6.6279,0.49946
1447.6,1216,6.62,0.49958
1113.7,924.4,6.6338,0.4995
2507.6,1105,6.6326,0.4994
1547,886.4,6.6383,0.49943
2013.9,1151,6.6265,0.49949
2655,1078.6,6.6355,0.49936
2643.7,1095.1,6.6345,0.49937
2301.6,1169.6,6.6274,0.49946
2702.7,1067.2,6.6366,0.49934
687.44,1214.9,6.6155,0.49968
2651.3,1130.4,6.6326,0.49938
731.64,1567.8,6.5933,0.49985
1666.2,1240.4,6.6194,0.49957
2674.1,1088.2,6.6352,0.49936
972.31,1214.8,6.6168,0.49964
1192.3,505.04,6.6598,0.49929
1264.3,901.32,6.6358,0.49947
2226.8,1194.9,6.6253,0.49948
2635.6,715.66,6.6552,0.49921
2702.1,1079,6.6359,0.49935
924.48,304.64,6.6753,0.49919
1304.8,908.81,6.6356,0.49947
2434.7,1588,6.6016,0.49965
2632.9,1132,6.6322,0.49939
973.57,1005.7,6.6281,0.49955
2279.5,1139.8,6.6286,0.49945
2029.2,1580.2,6.5991,0.49971
2701,1105.2,6.6344,0.49936
2673.4,1086,6.6351,0.49936
2200.3,1182.4,6.6257,0.49948
2002.1,1133.6,6.6273,0.49949
1664.1,1252.1,6.6186,0.49958
2197.8,1198.3,6.6248,0.49949
2504.3,1141.7,6.6303,0.49942
1350.8,1552.5,6.5973,0.49977
1420.7,1530.5,6.5993,0.49975
2015.9,1620.6,6.5958,0.49973
995.97,679.03,6.6469,0.49941
927.95,1162.7,6.6192,0.49963
1543,778.39,6.6448,0.49938
1940,1225.9,6.6216,0.49954
925.15,304.37,6.6752,0.49919
2456.9,1129.7,6.6305,0.49942
1546.8,1488.2,6.6038,0.4997
2673.7,704.65,6.6561,0.49919
998.07,679.86,6.6469,0.49941
1080.7,957.14,6.6315,0.49952
1114.6,937.83,6.6327,0.49951
2465.6,1144.1,6.6298,0.49943
1918.3,1183.4,6.6237,0.49952
2699.4,1119.3,6.6335,0.49937
1531.9,440.59,6.6659,0.49922
2291,1152.4,6.6278,0.49946
927.61,1010.3,6.6273,0.49956
963.61,666.62,6.6469,0.49941
2496.6,1084.5,6.6331,0.4994
2213.5,1196.6,6.6248,0.49949
2258.8,336.66,6.6795,0.49906
1716.1,1215.7,6.6207,0.49956
1450.9,916.64,6.6356,0.49946
1754.6,1156.4,6.6243,0.49953
1304.7,881.93,6.6367,0.49946
1055.1,1321,6.6111,0.49968
2301.8,1172.1,6.6266,0.49947
2700.4,1102.8,6.6342,0.49936
2460.8,1091.6,6.6324,0.49941
693.44,1261.7,6.6119,0.49971
2298,1463.2,6.6087,0.49961
1081.7,869.25,6.6361,0.49948
956.01,703.13,6.6448,0.49943
2196.5,1454.8,6.6087,0.49962
2458.2,1114.4,6.631,0.49942
954.18,798.72,6.6397,0.49947
1130.9,1273,6.6142,0.49965
637.81,1263.5,6.6117,0.49971
1450.4,860.03,6.6386,0.49944
2682.2,1120.9,6.6329,0.49937
2492.6,1507.2,6.6074,0.4996
2202.2,1163.6,6.6263,0.49948
2499.2,1133.8,6.6306,0.49942
2512.9,686.52,6.6548,0.49922
674.53,1209.5,6.6149,0.49968
1132.6,1257,6.6151,0.49964
1724.4,1165.6,6.6235,0.49954
2684.9,1071.8,6.6355,0.49935
1698.4,1518.1,6.6017,0.49971
1485,1560.9,6.5971,0.49976
2700,1116.8,6.6332,0.49937
906.91,1159.1,6.6192,0.49963
2083.9,357.6,6.6757,0.4991
1476.4,869.96,6.638,0.49944
2679.4,643.46,6.659,0.49917
1250.3,1276,6.6141,0.49964
1314.1,866.84,6.6373,0.49946
2627.8,1110,6.633,0.49938
1128.7,957.12,6.6316,0.49952
2517.2,1119.7,6.631,0.49941
2644.5,1079.9,6.6345,0.49937
973.81,1024.7,6.6264,0.49957
1773.1,1637.7,6.5921,0.49978
1114.7,912.06,6.6336,0.4995
1305,896.41,6.6355,0.49947
1795.3,738.29,6.6477,0.49934
2217.9,1136.3,6.6283,0.49946
2453.5,1104.7,6.6318,0.49941
940.5,305.5,6.6745,0.49919
1944.8,1192.8,6.6228,0.49953
608.98,868,6.6326,0.49955
1134.7,1595.3,6.5922,0.49982
900.39,620.12,6.6498,0.49939
1557.1,846.13,6.6393,0.49942
963.66,1161.9,6.6198,0.49962
1083.1,937.81,6.6321,0.49951
1455.6,1506.5,6.6005,0.49974
1147,962.99,6.6306,0.49952
1527.7,1483.4,6.6028,0.49971
1850.9,394.08,6.6709,0.49916
2691.7,1083.9,6.6347,0.49936
2522.5,1174.5,6.6279,0.49943
2042.5,370.77,6.6743,0.49912
1787.1,403.42,6.6697,0.49917
2423,427.43,6.6716,0.4991
638.47,1265.3,6.6111,0.49972
650.02,1240.8,6.6127,0.4997
2190.5,1203.3,6.6237,0.4995
1682.3,420.31,6.6677,0.49919
1937.1,381.04,6.6724,0.49914
1572.8,443.09,6.6655,0.49922
2448.4,1092.6,6.6316,0.49941
1774.6,864.72,6.6397,0.49941
1095.4,1591,6.5926,0.49982
691.73,1279.3,6.6107,0.49972
1241.9,892.88,6.6351,0.49948
1891.3,1528.6,6.601,0.4997
1507.5,1268.5,6.6159,0.49961
604.97,822.18,6.635,0.49954
2631.1,1134.3,6.631,0.49939
2206.2,1205.5,6.6241,0.4995
1933,1237,6.6205,0.49955
1642.6,1211.1,6.6198,0.49957
2185,1200.5,6.6236,0.4995
1250.8,877.59,6.6359,0.49947
2634.7,1094.9,6.6331,0.49938
1702.9,417.06,6.6679,0.49919
1532.4,877.89,6.6371,0.49944
2204.1,1464.5,6.6074,0.49963
1446.5,462.74,6.6631,0.49925
1926.2,1177.6,6.6234,0.49952
975.17,1026.7,6.6259,0.49957
2260.8,1181.2,6.6252,0.49948
2439.1,1167.5,6.6273,0.49945
1961.8,1179.3,6.6233,0.49952
2635.6,1057.7,6.6351,0.49936
2104,355.35,6.6755,0.4991
1255.6,1506.7,6.5991,0.49976
1305.3,1635,6.5898,0.49983
609.27,877.44,6.6319,0.49956
462.19,1231,6.6115,0.49974
635.76,1245.8,6.6121,0.49971
2128,1456.8,6.6075,0.49963
2515,747.07,6.651,0.49925
2635.5,1083.2,6.6336,0.49937
2672.2,1129.2,6.6317,0.49938
1083.9,942.08,6.6314,0.49952
1983.9,1241.3,6.6199,0.49955
634.48,1199.7,6.6146,0.49969
965.73,685.76,6.6448,0.49942
1958.3,377.93,6.6726,0.49914
1445.8,1259.9,6.6155,0.49962
2513.9,748.56,6.6508,0.49926
2274.8,1154.6,6.6266,0.49947
1306,924.79,6.6334,0.49949
1126.2,879.49,6.6347,0.49949
1829.2,404.86,6.6697,0.49917
1444.2,1292.5,6.6137,0.49963
463.75,1233.5,6.6112,0.49974
2190.1,1151.6,6.6261,0.49948
2665.7,668.75,6.6572,0.49919
1955.7,843.72,6.6415,0.49938
2031.1,1217.3,6.6214,0.49953
2458.4,1091.3,6.6314,0.49941
2683.9,1069.7,6.6348,0.49936
336.25,1180.5,6.6128,0.49975
2382.9,324.09,6.6802,0.49904
676.4,1227.7,6.6131,0.4997
1597.9,432.3,6.6658,0.49921
621.11,830.41,6.6343,0.49954
563.89,425.49,6.6599,0.49935
2515.8,1094.6,6.6323,0.4994
971.35,835.74,6.636,0.49949
2519,1080.6,6.6324,0.4994
1997.5,1173.7,6.6236,0.49952
1767.8,407.28,6.6688,0.49918
914.55,1148.1,6.6196,0.49963
1122.8,898.88,6.6337,0.4995
2334.7,318.98,6.6803,0.49904
2456.1,699.31,6.6527,0.49925
2692.6,1043.6,6.6362,0.49934
1960.7,1177.2,6.6231,0.49952
2282.7,333.84,6.6787,0.49906
2667.5,1147.6,6.6304,0.49939
1479.7,1257.5,6.6159,0.49961
2429.1,301.65,6.6826,0.49902
2189.6,1166,6.6251,0.49949
1925.9,1214.3,6.6207,0.49954
2387.7,273.15,6.6856,0.499
2184.9,1186.7,6.6238,0.4995
1278.1,944.51,6.6316,0.4995
1668.4,1220.9,6.6189,0.49958
2188.1,1163.9,6.6251,0.49949
648.93,843.45,6.6335,0.49954
2649,1134.2,6.6308,0.49939
1220,1304.7,6.6118,0.49966
2192.4,1149.6,6.6259,0.49948
1127.6,1302.1,6.6113,0.49967
922.95,327.77,6.6712,0.49922
1743.8,1229.2,6.6188,0.49957
2085.8,365.15,6.6743,0.49911
2028.7,1219.7,6.621,0.49953
1097.3,586.58,6.6518,0.49936
1679.4,1239.8,6.6178,0.49958
1363.6,1522.1,6.598,0.49976
2117.5,1458.4,6.6067,0.49964
2262.4,1187.9,6.6242,0.49949
2065.1,1540.8,6.6005,0.49969
2203.6,1450.8,6.6079,0.49962
1243.5,920.96,6.6329,0.4995
2186.4,342.99,6.6767,0.49909
1327.3,929.24,6.6334,0.49949
2226.9,1141,6.6267,0.49947
374.26,327.83,6.6663,0.49932
652.47,1272.6,6.6101,0.49972
392.45,1633.9,6.5841,0.49996
1376.8,1490,6.6003,0.49974
1678.4,1237.7,6.6179,0.49958
2677.6,1098.1,6.6332,0.49937
1091.5,945.7,6.6303,0.49953
2072.1,1532.3,6.602,0.49968
667.9,849.61,6.6328,0.49955
1317.8,849.55,6.637,0.49946
2632,1118.5,6.6311,0.49939
1135.1,1250.5,6.6144,0.49965
1903.5,1506.5,6.6019,0.49969
2682.5,1109.6,6.6322,0.49938
1746.5,1266,6.6163,0.49959
2610.7,614.89,6.6594,0.49918
1186.6,1538.7,6.5958,0.49979
930.63,994.51,6.6267,0.49957
1501.7,1187.9,6.6194,0.49958
1656.1,1210.4,6.6191,0.49958
1257.7,901.39,6.6345,0.49948
2505,646.33,6.6562,0.49921
1660.3,432.42,6.6659,0.49921
1972.2,843.67,6.641,0.49938
1200.9,498.88,6.6579,0.4993
2658.3,603.47,6.6606,0.49916
415.03,349.65,6.6645,0.49933
1510.5,1557.1,6.5961,0.49977
1138.1,937.45,6.6312,0.49952
1229.4,1207.8,6.6171,0.49962
459.54,1134.7,6.6159,0.4997
2205.1,340.33,6.6768,0.49908
1316.5,896.94,6.6343,0.49948
2504.7,1121.4,6.6295,0.49942
930.14,974.44,6.6276,0.49956
2675.9,596.25,6.6612,0.49915
1683.3,1518.6,6.5999,0.49972
1957.7,1194.1,6.6216,0.49953
2357.6,321.85,6.6798,0.49905
2697.4,1121.9,6.6316,0.49938
334.84,305.77,6.6678,0.49932
2225.5,1439.6,6.6082,0.49962
973.05,856.03,6.6343,0.49951
1959.2,1191.9,6.6217,0.49953
1670.9,1273,6.6153,0.4996
1840.4,1530,6.5996,0.49972
2636.8,719.15,6.6529,0.49922
665.06,791.45,6.6368,0.49952
2500.8,1158,6.6274,0.49944
1243.4,907.99,6.6332,0.49949
931.3,1014.6,6.6253,0.49958
1473.6,1553,6.5962,0.49977
2146.2,1425.7,6.6091,0.49962
1940.3,1228.3,6.6195,0.49955
1157.9,501.33,6.6575,0.49931
1514.3,1245.7,6.6163,0.49961
1501.1,1556.2,6.5961,0.49977
2653.1,1073,6.6336,0.49937
1124.7,953.76,6.63,0.49953
1065.4,942.29,6.6304,0.49953
1262.2,892.41,6.6345,0.49948
2165.7,1466,6.6061,0.49964
2674.7,1048.1,6.635,0.49936
1328.2,483.89,6.6597,0.49928
643.28,1244.1,6.6115,0.49972
1134.1,913.85,6.6326,0.49951
2186.2,1464.7,6.6061,0.49964
1471.2,864.13,6.6373,0.49945
1954.6,1211.2,6.6204,0.49954
695.77,1230.6,6.6118,0.49971
1452,455.85,6.6622,0.49925
637.99,1243.3,6.6112,0.49972
1893.9,1517.3,6.6005,0.4997
1127.9,1300.7,6.6107,0.49968
440.19,789.02,6.6341,0.49956
961.11,1353.5,6.6066,0.49972
1253.2,907.25,6.633,0.49949
1126.9,1601.7,6.5904,0.49984
1909.4,1229.5,6.6189,0.49956
1673.2,1188.6,6.6199,0.49957
1346.6,480.7,6.6599,0.49928
2487.4,1559.3,6.6018,0.49964
2186.9,1184.6,6.6232,0.4995
1294.4,482.78,6.6591,0.49929
1073.5,1321,6.6091,0.4997
2704.7,245.83,6.6904,0.49892
2624.7,1059.7,6.6335,0.49938
2027.1,1617.2,6.5935,0.49975
1522.4,865.84,6.6366,0.49945
2633,1097.5,6.6316,0.49939
2418.9,294.44,6.6825,0.49902
1467.9,1561.9,6.5949,0.49978
2687.2,255.14,6.6893,0.49893
1743.8,1203.3,6.62,0.49956
1126.6,1252.9,6.6137,0.49966
1227.7,1234.5,6.615,0.49964
1945.4,1247.9,6.6178,0.49957
1526.4,1482.4,6.6012,0.49972
1962.3,1140.2,6.6239,0.49952
1110.6,1262.3,6.6126,0.49967
2680.2,1123.4,6.6307,0.49939
2270.5,1483.9,6.6055,0.49963
2681.6,1107.3,6.6315,0.49938
2619.7,723.27,6.6519,0.49923
1510.3,1224.4,6.6168,0.4996
2683.7,1083.2,6.6328,0.49937
947.24,1349.9,6.6065,0.49973
966.57,652.88,6.6454,0.49942
1318.4,911.85,6.6325,0.49949
1133.5,924.08,6.6318,0.49951
479.17,811.97,6.6329,0.49957
1417,1560.5,6.5949,0.49978
2634.2,1081,6.6323,0.49938
656.91,1268.5,6.6093,0.49973
2700.8,1061.7,6.6342,0.49936
1809.9,840.12,6.6391,0.49941
2194.2,1463.2,6.606,0.49964
1406.4,1293.8,6.6121,0.49965
945.15,330,6.67,0.49923
1455.8,822.51,6.6385,0.49944
1508.4,1236.5,6.6159,0.49961
2276.3,1138.8,6.6259,0.49947
2527.9,1098.1,6.6303,0.49941
2231.5,1425.9,6.6084,0.49962
2179.2,1450.9,6.6063,0.49964
977.9,990.35,6.6262,0.49957
1258.8,1495.6,6.5982,0.49977
460.28,1136.9,6.615,0.49971
1464.5,875.63,6.6354,0.49946
1914.6,1196.7,6.6203,0.49955
2456.3,761.79,6.6479,0.49928
2651.1,1096.7,6.6316,0.49939
495.7,1121.8,6.6161,0.4997
1733.7,1182.6,6.6201,0.49956
1247,1262.2,6.6131,0.49965
1648,1507.4,6.5995,0.49973
1998.2,1208.9,6.6198,0.49955
1945.4,1195.5,6.6206,0.49954
2645.2,1057.3,6.6335,0.49937
2644.1,1055.6,6.6336,0.49937
1955.3,1213.4,6.6196,0.49955
1409,471.44,6.6605,0.49927
1911.4,1217.8,6.6191,0.49956
1951.3,1160.3,6.6226,0.49953
924.49,407.25,6.6627,0.49929
1673.3,1207.6,6.6184,0.49958
1916.2,1198.6,6.6202,0.49955
917.98,1212.1,6.6144,0.49967
1696.1,885.05,6.6361,0.49944
1790.4,1680.9,6.5864,0.49982
1427.7,1563.4,6.5941,0.49979
2053,1532.4,6.6005,0.49969
656.76,1236.7,6.6109,0.49972
2156.5,1430.7,6.6074,0.49963
459.29,373.04,6.6617,0.49934
2698.8,1099.3,6.6319,0.49938
1516.2,447.2,6.6625,0.49925
2249.2,341.33,6.6762,0.49908
2047.6,366.34,6.6723,0.49913
2656.6,609.56,6.6589,0.49917
2210.5,1438.6,6.6073,0.49963
1353,473.3,6.6596,0.49928
1922.5,1499.2,6.6022,0.49969
1128.4,940.78,6.6296,0.49953
973.44,818.31,6.6354,0.4995
1242.3,1291.3,6.6112,0.49967
1505.8,1255.7,6.6146,0.49962
1139.5,912.03,6.6315,0.49952
2521.8,1583.6,6.5997,0.49965
692.74,1222.2,6.6121,0.49971
1611.8,1298.3,6.6129,0.49963
1645.5,1233.8,6.6168,0.49959
2473.5,297.01,6.6819,0.49902
1648.9,1254.3,6.6154,0.49961
785.73,482.72,6.6559,0.49935
2430.2,658.93,6.6538,0.49924
1761.9,1162.8,6.621,0.49955
2636,700.73,6.6529,0.49922
2623.9,1102.7,6.6307,0.4994
1371.4,1304.6,6.6107,0.49966
2629.2,721.02,6.6517,0.49923
1641.2,436.83,6.6642,0.49922
966.99,668.62,6.644,0.49943
1298.3,918.86,6.6316,0.4995
1453.4,877.55,6.635,0.49947
2026.8,1616.1,6.593,0.49975
1290.4,1273.3,6.612,0.49966
1906.6,1493.7,6.6015,0.4997
1910.4,1231.6,6.6181,0.49957
2650.5,1110.3,6.6305,0.4994
1437,1486.1,6.5994,0.49974
1892.4,1515.8,6.5998,0.49971
1885.1,1493.1,6.6017,0.4997
1877.1,392.8,6.6688,0.49917
2505.4,750.97,6.6486,0.49927
1807.7,862.49,6.6378,0.49942
1935.7,1495.2,6.602,0.49969
1182.7,1547,6.5937,0.49981
2527,1157.4,6.6262,0.49945
657.47,1256.7,6.6095,0.49973
1216.5,1308.6,6.6098,0.49968
2184.8,1450.8,6.6063,0.49964
912.78,1327.5,6.6076,0.49972
2075.1,1539,6.5991,0.4997
654.69,1221.8,6.6114,0.49971
1478,1269.5,6.6134,0.49963
1246.3,1275.9,6.6119,0.49966
1221.4,497.02,6.6568,0.49931
1654.1,1222.7,6.617,0.49959
1179.1,1556.3,6.593,0.49981
2661.4,1419.9,6.6125,0.49954
2178,1463.9,6.6053,0.49964
695.67,1264.3,6.6093,0.49973
655.34,891.1,6.6292,0.49957
656.94,1224.6,6.6112,0.49972
2699.1,1084.3,6.6323,0.49937
1484.5,1227,6.6158,0.49961
695.65,1249.2,6.6101,0.49972
1139.9,926.31,6.6303,0.49952
2398.4,268.51,6.6846,0.499
1245.3,936.91,6.6303,0.49952
753.89,1540.9,6.5921,0.49986
2632.8,610.7,6.6584,0.49918
1479.4,1271.5,6.6132,0.49963
2658.2,1405.7,6.6129,0.49953
1877.9,400.2,6.6683,0.49918
2248.4,335.3,6.6761,0.49908
1291.7,492.54,6.6577,0.4993
698.29,1278.5,6.6083,0.49973
2436.3,725.68,6.6495,0.49927
1993.2,1190.3,6.6206,0.49954
1311.3,488.89,6.658,0.4993
339.47,1180.1,6.6109,0.49976
982.16,704.84,6.642,0.49945
1085.8,969,6.6278,0.49955
1941.9,1490.7,6.6019,0.49969
1130.6,1272.6,6.6112,0.49967
1415.5,1561.5,6.594,0.49979
1319.3,885.59,6.6331,0.49949
1635.2,1450.9,6.6028,0.49971
1061.6,1538.7,6.5935,0.49982
1145.6,519.32,6.6548,0.49933
1347.3,1612.4,6.5892,0.49983
697.98,1266.6,6.6089,0.49973
1944.5,1170.8,6.6218,0.49953
2437.6,1118.9,6.6271,0.49945
461.33,1111,6.6156,0.4997
2621,682.91,6.6536,0.49922
1661.3,1169,6.6198,0.49957
2600.9,277.02,6.6849,0.49898
1645.7,428.64,6.6641,0.49922
2552.8,1519.4,6.6039,0.49962
681.17,1245.6,6.6099,0.49972
630.18,879.76,6.6293,0.49958
2673.8,1091.4,6.6314,0.49939
2115.9,1467.6,6.6043,0.49966
2373.5,326.81,6.6776,0.49906
1181.5,512.86,6.6553,0.49933
2694,702.42,6.6529,0.49921
698.01,1247.5,6.6098,0.49972
2661.3,1418.7,6.6122,0.49954
1174.3,1565.4,6.5919,0.49982
2682.5,1084.5,6.6317,0.49938
1454.6,892.35,6.6336,0.49948
2658.5,607.26,6.6584,0.49918
1063.1,1250.8,6.6119,0.49967
974.19,817.84,6.6347,0.4995
1682.2,1220.3,6.6168,0.49959
1649.9,1205.9,6.6176,0.49959
948.89,329.73,6.6691,0.49924
1314.1,1226.9,6.6146,0.49963
1118,1274.1,6.6107,0.49968
2682.8,601.73,6.6589,0.49917
2810.6,554.62,6.6637,0.49911
1058.8,1319.9,6.6078,0.49971
978.2,988.54,6.6252,0.49958
2686.3,705.81,6.6525,0.49922
1129.5,915.19,6.6301,0.49953
669.26,872.05,6.6299,0.49957
1658.6,1190.5,6.6182,0.49958
1448.7,794.94,6.6395,0.49943
984.07,692.47,6.6418,0.49945
1512.7,1286.2,6.6118,0.49964
1948.5,1159.8,6.6215,0.49954
944.62,649.6,6.6445,0.49943
2216.2,1446.3,6.6057,0.49964
664.41,1597.6,6.5864,0.49991
2444.5,303.32,6.6801,0.49903
2523.4,750.17,6.6478,0.49928
1238.3,1573.4,6.5913,0.49982
2667.5,695.14,6.6527,0.49922
2214.8,1425.5,6.6071,0.49963
1482.9,1238.9,6.6144,0.49962
1490.3,1551.5,6.5942,0.49978
2638.2,703.04,6.6519,0.49923
2526.9,716.96,6.6499,0.49926
907.6,1339.6,6.6055,0.49974
1731.7,416.67,6.6651,0.49921
1257,895.74,6.6317,0.49951
1454.8,906.51,6.6325,0.49949
1751.3,1182.1,6.6191,0.49957
1504.2,1267.2,6.6129,0.49963
2152.8,351.01,6.6733,0.49911
2111.3,364.14,6.6722,0.49913
641.87,1234.7,6.6098,0.49973
1236.7,503.34,6.6559,0.49932
1247.9,1525.1,6.5948,0.49979
1495.4,1225.8,6.6149,0.49962
2462.1,719.1,6.6494,0.49927
2389.5,326.47,6.6773,0.49906
1406.4,1547.3,6.594,0.49979
1400.9,1557.2,6.5932,0.4998
2172.3,348.54,6.6736,0.49911
1304.1,1272.8,6.6114,0.49966
2360.6,318.09,6.6778,0.49906
1668,426.64,6.6638,0.49923
1494.4,459.73,6.6606,0.49926
1082.6,1249.1,6.6116,0.49967
387.32,1633.8,6.5819,0.49998
2436.1,765.74,6.6462,0.4993
1730.7,1203.8,6.6176,0.49958
1281.3,1274.9,6.6111,0.49966
2640.8,1134.6,6.628,0.49942
2822.2,657.84,6.6568,0.49916
1994.8,1588.3,6.5939,0.49975
2446.4,763.46,6.6464,0.4993
757.99,622.77,6.6447,0.49944
465.11,736.74,6.6355,0.49955
2525.9,714.9,6.6499,0.49926
961.98,865.24,6.6323,0.49952
299.02,285.12,6.6674,0.49933
1945.8,850.51,6.6381,0.49941
2689.5,1123.4,6.6292,0.4994
1635.2,1255.4,6.6141,0.49962
2496.8,754.37,6.6473,0.49928
640.48,1206.7,6.6114,0.49972
1283.1,1257,6.6121,0.49966
2141.6,1453.9,6.6045,0.49965
2231.3,339.33,6.6747,0.4991
2399,250.34,6.6856,0.499
1727.6,1203.9,6.6171,0.49959
984.58,695.1,6.6413,0.49945
2432.8,1154.3,6.6244,0.49947
1314.3,1230.9,6.6139,0.49964
2507.9,752.93,6.6474,0.49928
1693.8,755.38,6.6426,0.49939
1486.9,1251.7,6.6136,0.49963
1637.5,1244,6.6146,0.49961
683.08,1260.8,6.6084,0.49974
1492.6,1568.4,6.5926,0.49979
1670.4,1223.5,6.616,0.4996
1708,1265.9,6.6138,0.49961
1311.3,1301,6.6093,0.49968
2683.1,676.14,6.6536,0.49921
1490.8,1256.7,6.6128,0.49964
1279.7,1286.3,6.6103,0.49967
966.34,974.67,6.6262,0.49957
2667.2,693.29,6.6524,0.49922
2167.8,1450.8,6.605,0.49965
1874.8,1473.7,6.6015,0.4997
2469.8,1575.9,6.5982,0.49967
1165.2,516.9,6.6542,0.49934
2003.2,1175.3,6.6201,0.49954
1318,1199.2,6.6155,0.49963
615.46,859.81,6.6295,0.49958
1681.1,1440.5,6.6032,0.4997
682.1,1213.9,6.6109,0.49972
917.45,960.11,6.6266,0.49957
1761.4,1472.7,6.6017,0.4997
2139.4,1429.7,6.6059,0.49964
1258.1,923.36,6.6297,0.49952
1128.6,942.27,6.6283,0.49954
673.86,899.71,6.6277,0.49958
1537.1,453.95,6.6609,0.49926
2645.1,720.85,6.6502,0.49924
1683.2,1206.1,6.6169,0.49959
1942,1183.5,6.6202,0.49955
1137.9,1246.8,6.6118,0.49967
1250.8,1307.7,6.6085,0.49969
2291,1207.5,6.6204,0.49952
2139.7,1421.7,6.607,0.49964
1529.3,843.87,6.6359,0.49945
699.36,1235.8,6.6096,0.49972
1376.6,471.27,6.6583,0.49929
2528.5,746.73,6.6477,0.49928
2676,605.51,6.6577,0.49918
1695.6,1516.6,6.5973,0.49974
1372,1498.3,6.5969,0.49977
1934.5,1224.7,6.6178,0.49957
2494.9,1144.6,6.6251,0.49946
2499,1108.7,6.6271,0.49944
2456.8,744.67,6.6471,0.49929
1744.8,1193.4,6.6183,0.49958
1467.4,905.4,6.632,0.49949
1743.2,1214,6.6166,0.49959
2072.4,364.98,6.6709,0.49914
1235.5,1553.4,6.5921,0.49982
2700.5,249.56,6.6877,0.49894
1680.4,1222.7,6.6158,0.4996
679.92,1190.2,6.6119,0.49971
933.58,1222.9,6.6114,0.49969
1285.1,1245.3,6.6123,0.49965
2640,263.72,6.6854,0.49897
1684.4,1208.3,6.6165,0.49959
1066.4,925.9,6.6285,0.49954
2269.8,1141.6,6.6234,0.49949
1056.8,1555.5,6.591,0.49984
2487.5,653.71,6.6527,0.49924
2515.1,720.17,6.6489,0.49927
2462.4,301.03,6.6796,0.49904
1257.1,937.25,6.629,0.49953
1640.6,1224.2,6.6153,0.49961
670.99,882.99,6.6283,0.49958
697.5,1233.1,6.6096,0.49972
1467.4,864.87,6.6337,0.49947
1088.9,1265.2,6.6097,0.49969
1901.6,1497.5,6.6001,0.49971
2691.6,706.93,6.6512,0.49923
2656.6,1403.1,6.6116,0.49954
667.74,1578,6.5871,0.4999
1495.3,1238,6.6137,0.49963
976.46,719.16,6.6396,0.49946
1250.9,1246.2,6.612,0.49966
1429.7,1560.3,6.5924,0.4998
2126.6,1454.6,6.6038,0.49966
2530.3,1579.2,6.5984,0.49966
2470.2,758.91,6.6462,0.4993
1497.2,1226.3,6.6144,0.49962
2286.2,1446.3,6.6054,0.49963
2217.1,1447.6,6.6049,0.49964
1129.1,930.1,6.6286,0.49954
1126.8,556.32,6.6507,0.49937
1219.8,507.78,6.6547,0.49933
673.39,871.88,6.6288,0.49958
1380.1,1477.1,6.5981,0.49976
686.44,1275.5,6.607,0.49975
317.13,709.91,6.6345,0.49958
928.02,1358.4,6.6032,0.49975
1116.8,1302.2,6.608,0.4997
1105.7,605.52,6.6474,0.49939
1748.4,1181.5,6.6182,0.49958
916.78,851.69,6.632,0.49953
1379.8,1506.5,6.596,0.49978
1895.7,1493.1,6.5998,0.49971
2519.1,646.24,6.6533,0.49924
2632.5,723.13,6.6497,0.49925
2269.3,1136,6.624,0.49949
1559.9,450.59,6.6608,0.49926
1427.4,1190.3,6.6161,0.49962
2667.6,706.8,6.651,0.49923
391.05,1661.4,6.5785,0.50001
1516.5,888.31,6.6326,0.49948
1487.9,1244.5,6.6133,0.49963
2689,1140.9,6.627,0.49942
2705.5,253,6.6873,0.49894
2186.7,1437.9,6.6054,0.49964
1560.4,1477.6,6.5994,0.49974
1925.4,388.51,6.6676,0.49918
2627.2,1135.8,6.627,0.49943
2147.5,1487.7,6.6015,0.49968
1131.3,1289.3,6.6086,0.49969
614.07,793.64,6.6325,0.49955
2250.6,1211.2,6.6194,0.49953
1653.3,1211,6.6155,0.4996
1065.9,1527.8,6.5927,0.49982
681.39,1609.6,6.5851,0.49992
1802.7,872.22,6.6351,0.49944
1642.3,1226.3,6.6149,0.49961
1467.9,892.86,6.6319,0.49949
1895,1473.8,6.6008,0.4997
1280.8,489.55,6.6558,0.49932
2693,670.94,6.6533,0.49921
1485.4,1241,6.6132,0.49963
1527.8,907.5,6.6316,0.49949
2498.8,715.27,6.6489,0.49927
2294.8,764.64,6.6438,0.49933
2060.3,804.67,6.64,0.49938
2328.4,324.27,6.6759,0.49908
1146.4,1226.9,6.6119,0.49967
1725.5,1227.7,6.6152,0.4996
1085.6,1227.9,6.6118,0.49967
1418.7,465.45,6.6582,0.49929
2082.4,1467.9,6.6025,0.49967
570.51,453.24,6.6543,0.49939
2076.9,1481,6.6012,0.49969
1949.3,848.87,6.6372,0.49941
2612.7,624.21,6.6552,0.49921
644.44,1610,6.5847,0.49993
2012.8,374.67,6.669,0.49916
1499.7,1206.7,6.615,0.49962
335.22,1094.6,6.6131,0.49974
1984.8,816.85,6.6387,0.4994
1722.3,1235.3,6.6143,0.49961
562.46,440.19,6.655,0.49938
1249.4,1268.8,6.6103,0.49967
1060.6,1546,6.5911,0.49984
656.79,876.31,6.6281,0.49958
2812.3,558.03,6.6619,0.49912
1728.4,1201.9,6.6166,0.49959
1853.2,1542.1,6.5959,0.49974
1729.2,1215.7,6.6157,0.4996
940.6,679.02,6.6409,0.49946
1228.3,1213,6.6132,0.49965
1171.7,509.26,6.6535,0.49934
1434.9,944.37,6.629,0.49951
1467.8,849.99,6.6343,0.49947
1637.3,1257.4,6.6129,0.49963
2201.5,1448.1,6.6041,0.49965
550.03,433.35,6.6553,0.49938
972.02,1353.3,6.6033,0.49975
554.94,421.75,6.6559,0.49938
1524.9,818.42,6.6363,0.49945
2353.1,335.33,6.6754,0.49908
1493.7,860.32,6.6338,0.49947
1258.1,896.88,6.6305,0.49951
421.05,1675.9,6.5769,0.50001
926.85,329.27,6.6672,0.49925
1139.2,1316.9,6.6064,0.49971
2144.6,1440.4,6.6042,0.49966
1124.8,883.15,6.6306,0.49952
1819.8,404.97,6.6651,0.49921
2003.3,1195.7,6.6183,0.49956
463.69,1108.6,6.6139,0.49972
1494,874.59,6.6329,0.49948
1290.5,1242.8,6.6117,0.49966
804.24,1567.3,6.5879,0.49988
676.13,881.13,6.6273,0.49959
1068.2,966.63,6.6255,0.49957
1792.4,1671.7,6.5844,0.49984
2310.9,328.12,6.675,0.49909
1902.6,1492.2,6.5996,0.49971
2638.6,614.24,6.6559,0.4992
968.45,1039,6.6215,0.49961
2301.5,1443.8,6.6049,0.49964
311.69,1166.7,6.6091,0.49978
1115,599.32,6.6474,0.49939
1493.6,846.66,6.6344,0.49947
575.25,446.23,6.6543,0.49939
2633.7,271.63,6.6838,0.49898
2621.5,709.47,6.6498,0.49925
2668.2,679.79,6.652,0.49923
1632.1,1524.4,6.5955,0.49976
2436.3,768.57,6.6446,0.49931
2639.7,1460.2,6.6076,0.49958
2549.3,1472.8,6.6054,0.49961
691.13,1224.4,6.6095,0.49973
470.74,1227.5,6.6075,0.49977
2424.2,424.71,6.6674,0.49914
265.2,264.44,6.6678,0.49933
948.1,653.4,6.6426,0.49944
667.51,841.54,6.6297,0.49957
2114.1,1476.2,6.6017,0.49968
1491.3,1268.4,6.6111,0.49965
2510.6,1570.2,6.5978,0.49967
2649.3,700.56,6.6505,0.49924
1191.3,1525.4,6.5929,0.49981
982.31,1180.8,6.6129,0.49967
1883.2,1543,6.5952,0.49975
705.44,1577.2,6.5865,0.49991
1987.6,846.04,6.6367,0.49941
912.09,684,6.6408,0.49946
2440.1,1542.6,6.5994,0.49967
1182.9,1599.6,6.5876,0.49986
652.57,1258.8,6.6075,0.49975
657.87,866.91,6.6281,0.49958
2425.8,426.37,6.6671,0.49914
1368.1,911.53,6.6297,0.49951
667.35,1604.9,6.584,0.49993
658.21,1268.1,6.6063,0.49975
1399.9,469.09,6.6573,0.4993
960.63,1575.6,6.5884,0.49987
2429.7,666.76,6.6504,0.49927
1992.1,378.91,6.6679,0.49917
2070.3,1491.1,6.5999,0.4997
1131.8,1268.2,6.6097,0.49969
2549.2,1469.4,6.6055,0.49961
2150.6,1474.4,6.602,0.49967
677.1,882.54,6.627,0.49959
1926.3,1183.2,6.6178,0.49957
669.38,1586.2,6.5854,0.49992
2643.3,1097,6.6284,0.49941
472.09,811.82,6.6295,0.49959
340.4,330.04,6.6623,0.49936
724.61,477.59,6.6529,0.49938
1088.4,1293,6.607,0.49971
1313.4,1204.2,6.6136,0.49964
2493.7,649.48,6.6521,0.49925
808.28,1544.3,6.5894,0.49987
2467.3,763.45,6.6446,0.49931
2653.3,1402.4,6.6106,0.49955
1075,1202.2,6.6131,0.49967
1296.6,1243.8,6.611,0.49966
1528,1171.7,6.6167,0.4996
2440.2,664.39,6.6505,0.49927
2023.8,840.16,6.6374,0.49941
1078.2,980.26,6.6242,0.49958
748.92,598.32,6.6449,0.49944
1314,854.02,6.6328,0.49949
1421.1,1515.8,6.5945,0.49978
1843.2,401.45,6.6651,0.4992
2459.7,747.08,6.6457,0.4993
1131.1,917.14,6.6282,0.49954
1744.6,1244,6.6136,0.49961
1750.5,1539,6.5946,0.49976
924.59,1025.5,6.6216,0.49961
2444.7,302.27,6.6782,0.49905
2483,1111.2,6.6255,0.49946
2621,707.39,6.6494,0.49925
1446,1252,6.6117,0.49965
1248.4,1248.9,6.6107,0.49967
1090.9,523.24,6.652,0.49936
2478.6,1146.8,6.6235,0.49947
1672.8,1537.7,6.5942,0.49977
1442.8,1409.9,6.6024,0.49972
1193.9,1328,6.6062,0.49971
2124.7,1439.8,6.6038,0.49966
249.1,320.62,6.6608,0.49939
657.99,871.89,6.6277,0.49959
2282.2,1445.2,6.6043,0.49964
1181.5,1598.4,6.5874,0.49986
1741.1,1287.6,6.6111,0.49963
965.53,412.5,6.6593,0.49931
946.29,1535.6,6.5905,0.49985
1142.8,1219.7,6.6118,0.49967
445.35,757.97,6.6322,0.49958
1687.8,1187.8,6.6163,0.4996
2668.2,681.91,6.6513,0.49923
1431.7,1494.5,6.5959,0.49977
1566.7,443.63,6.6598,0.49926
1124.6,1261.3,6.6088,0.49969
1493.2,1256.7,6.6113,0.49965
2266.3,1481,6.6019,0.49966
2623.1,622.07,6.6545,0.49921
2054.8,1512.4,6.598,0.49971
443.41,1493.3,6.5904,0.49991
2105,1487.6,6.6004,0.49969
651.49,1612.6,6.5833,0.49994
1239.9,1542.6,6.5914,0.49982
2075,1481.8,6.6008,0.49969
1481.9,456.46,6.6583,0.49928
1069.2,1227.7,6.6108,0.49968
2638,1439.2,6.6082,0.49957
618.74,846.49,6.6284,0.49958
1079.5,952.27,6.6253,0.49957
2697.5,1016.9,6.6325,0.49937
679.4,1256.5,6.6063,0.49975
2299.2,1442.3,6.6043,0.49964
2542.5,1100.2,6.6263,0.49944
750.09,499.59,6.6506,0.4994
581.27,435.46,6.6542,0.49939
1069.7,953.48,6.6255,0.49957
1907.5,392.45,6.6658,0.49919
1067.9,1253,6.6093,0.49969
2641.2,616.66,6.655,0.49921
1613.6,1119.7,6.6195,0.49958
649.28,1233.8,6.6077,0.49974
1888,1544.2,6.5948,0.49975
2539.9,1135.5,6.6244,0.49946
2693.7,1063.8,6.6304,0.49939
312.11,1164,6.6086,0.49978
2143.6,1530.1,6.5971,0.49971
2515.6,703.04,6.6483,0.49927
2202,1444.4,6.6034,0.49966
1112.9,1290.8,6.6072,0.49971
310.42,1157.5,6.6091,0.49978
1792.7,1099.4,6.6215,0.49955
1289.2,1264.6,6.6098,0.49967
1758.3,415.27,6.663,0.49923
1080.3,893.53,6.6285,0.49954
709.8,1547.8,6.588,0.49989
2157.5,1244.2,6.6157,0.49957
2267.1,1458.9,6.6032,0.49965
704.69,1594.8,6.5844,0.49992
1814.4,814.21,6.6368,0.49943
917.72,1166.1,6.613,0.49968
2190.8,1184.9,6.6187,0.49954
1322.5,483.43,6.6551,0.49932
1739.8,854.19,6.6341,0.49945
407.31,1629.8,6.5798,0.49999
2351.3,327.99,6.6748,0.49909
932.77,1342.9,6.6026,0.49976
1192,506.72,6.6526,0.49935
2454.2,662.17,6.6501,0.49927
1267.5,1471.4,6.5962,0.49978
891.08,1527.6,6.5908,0.49985
1262.7,864.7,6.631,0.49951
2140.3,355.55,6.6703,0.49914
1531.9,1436.8,6.6003,0.49973
2646.7,720.32,6.6481,0.49926
1246,1277.9,6.6084,0.49969
916.65,1489.1,6.5932,0.49983
2695.7,673.78,6.6517,0.49922
1439.7,1274.5,6.6097,0.49966
786.13,1575.9,6.5867,0.4999
659.23,1255.9,6.6062,0.49975
2244.7,1178.4,6.6194,0.49953
1739.3,825.82,6.6356,0.49944
955.29,1496.9,6.5928,0.49983
2663.7,265.44,6.6839,0.49898
850.53,420.03,6.6577,0.49933
677.31,887.64,6.6263,0.4996
2691,1100.8,6.6281,0.49941
643.54,1567,6.5865,0.49991
1120.9,1290,6.607,0.49971
2427,789.88,6.6423,0.49933
2390.8,253.17,6.6832,0.49902
807.2,394.36,6.66,0.49932
1265.3,493.93,6.6539,0.49933
485.11,782.39,6.6307,0.49958
2087.1,1453.5,6.6021,0.49968
1346.5,958.77,6.6265,0.49954
1648.8,1241.8,6.6122,0.49963
2086.4,1465.9,6.601,0.49969
662.91,488.93,6.6507,0.49941
2199.9,1433.6,6.6042,0.49965
2677.2,1123.8,6.6266,0.49942
2406,289.08,6.6791,0.49905
1407.3,1319.7,6.6065,0.49969
1920.4,1215.8,6.6151,0.49959
1069.9,941.03,6.6258,0.49956
1722.5,1514.1,6.5957,0.49975
1562.1,840.76,6.6342,0.49946
650.35,840.37,6.6283,0.49958
507.58,499.63,6.649,0.49944
2828.2,922.51,6.6395,0.49929
1879.3,1271.4,6.6121,0.49961
2017.8,1262.4,6.6136,0.49959
1819.8,890.45,6.6327,0.49946
2615.5,747.89,6.6464,0.49928
2464,659.61,6.6502,0.49927
1292.1,1285.1,6.6081,0.49969
2199.1,1434.4,6.6041,0.49965
1397,1569.5,6.5901,0.49982
2527.5,701.78,6.6482,0.49927
1101.6,977.1,6.6237,0.49958
1300.7,860.87,6.6312,0.49951
958.73,330.07,6.6663,0.49926
1420.7,1294.2,6.6081,0.49968
2716,261.57,6.6845,0.49896
435.2,789.88,6.6296,0.4996
2649.5,1028.7,6.6308,0.49939
1064.4,1320.9,6.6047,0.49973
2642.1,1111.8,6.6267,0.49943
2113.5,1440.5,6.6027,0.49967
1565.7,929.71,6.6292,0.4995
323.71,1066.8,6.6136,0.49974
1867.2,1542,6.5941,0.49976
970.24,416.39,6.6582,0.49932
648.24,805.2,6.6302,0.49957
2492.3,1531.6,6.5992,0.49966
2633.5,619.98,6.6541,0.49921
1505.1,1536.9,6.5931,0.49979
2543.5,1557,6.5978,0.49967
2492.8,651.42,6.6509,0.49926
373.41,339.34,6.6604,0.49937
2695.8,1164.9,6.6245,0.49944
2155.1,1242.6,6.6152,0.49957
658.4,1575.8,6.5852,0.49992
2624,1119.3,6.6255,0.49944
1865.5,637.67,6.6472,0.49934
1197.2,1513.2,6.5927,0.49982
1525.2,1173.8,6.6157,0.49961
373.67,402.47,6.6542,0.49942
1835.8,1467,6.6,0.49971
2583.1,284.34,6.6806,0.49901
2465.4,1065.7,6.6268,0.49945
643.28,1153.7,6.6115,0.49972
2627.4,1082.5,6.6275,0.49942
1478.5,1192.3,6.6139,0.49963
653.9,1211.8,6.6087,0.49974
1346.3,856.3,6.6315,0.4995
851.2,418.63,6.6573,0.49934
1889.4,1536.2,6.5953,0.49975
680.28,1224.6,6.6074,0.49974
2254,1486.9,6.6006,0.49968
794.02,400.81,6.6587,0.49933
2517.5,1199.3,6.6205,0.49949
1745.8,1202,6.6149,0.4996
872.65,1660.5,6.5796,0.49994
396.82,1659,6.5769,0.50002
1439.9,1501.6,6.5946,0.49978
2443.7,665.76,6.6493,0.49928
2467.8,762.85,6.6434,0.49932
2315.9,1169,6.6199,0.49952
2177.2,835.11,6.6375,0.49939
2683.6,647.41,6.6527,0.49922
2408.9,1013.7,6.6294,0.49943
1261,503.9,6.653,0.49934
1674.3,1251.7,6.6117,0.49963
1247.8,497.54,6.653,0.49934
1123.4,1289.2,6.6063,0.49971
1945.8,719.44,6.6433,0.49937
2309.3,814.96,6.6397,0.49936
2564.7,1459.7,6.6046,0.49961
2682,1064.6,6.6294,0.4994
629.09,837.76,6.6282,0.49959
1413.7,1263.3,6.6096,0.49967
1473.1,1544.2,6.5917,0.4998
2320.8,1134.1,6.6218,0.4995
960.77,1365.9,6.6008,0.49977
1081.1,926.39,6.6259,0.49956
2149.2,1474,6.6003,0.49969
1706.9,882.13,6.6322,0.49947
986.59,1370.7,6.6006,0.49977
1427.6,1503,6.5943,0.49979
2693.9,656.5,6.6522,0.49922
2143,1525,6.5971,0.49971
675.34,1545.7,6.5873,0.4999
1343.7,480.41,6.6548,0.49932
972.2,418.54,6.6576,0.49932
675.44,1545.2,6.5873,0.4999
944.52,1376.2,6.6,0.49978
929.72,1389.8,6.5991,0.49979
946.86,1344.6,6.6019,0.49976
2499,740.78,6.6452,0.4993
851.18,422.2,6.657,0.49934
1758.6,1212.3,6.6142,0.49961
1649.8,1240.2,6.6121,0.49963
714.18,1515.5,6.5896,0.49988
2652.2,268.91,6.6827,0.49899
533.89,412.4,6.6548,0.49939
287.81,685.61,6.6333,0.4996
2696.8,686.98,6.6503,0.49923
1087.4,1250.6,6.6086,0.4997
451.35,783.35,6.6295,0.4996
1470.6,923.84,6.6281,0.49952
1948.1,1226.9,6.6145,0.49959
940.46,1037.7,6.619,0.49963
2819.9,553.69,6.6605,0.49913
1425.9,1216.5,6.6123,0.49965
2692.9,642.01,6.653,0.49921
340.48,327.33,6.661,0.49937
1819.4,892.68,6.6321,0.49946
2403.1,1211.7,6.6184,0.49952
1931.2,874.27,6.6336,0.49944
2175.9,1481.7,6.5998,0.49969
342.04,1136.7,6.609,0.49978
2433.4,1541,6.5979,0.49968
2401.5,269.24,6.6806,0.49904
657.64,1593.8,6.5834,0.49993
776.94,1535.8,6.5884,0.49988
944.11,663.24,6.64,0.49946
2822.8,679.38,6.6525,0.49919
2454.1,663.68,6.6493,0.49927
1655.7,1208.9,6.6138,0.49962
2510.2,736.03,6.6454,0.4993
1840.9,1555.6,6.5925,0.49977
651.96,1253.6,6.6056,0.49976
2518,1511.3,6.6009,0.49965
2691.8,1084.1,6.6283,0.49941
2147.2,1519.8,6.5976,0.49971
2463,1591.5,6.5948,0.4997
1317,938.77,6.6266,0.49954
1688,1170.4,6.6159,0.4996
1304.6,1207.9,6.6117,0.49966
1933.3,1431.1,6.6016,0.49969
2121.5,366.56,6.6687,0.49915
1778.5,863.85,6.6333,0.49946
1950.5,1224.5,6.6145,0.49959
630.77,866.13,6.6264,0.4996
2137.2,1449.7,6.6017,0.49968
2301.1,1441.2,6.6034,0.49965
1336.8,1564.9,6.5891,0.49983
1645.5,1664.3,6.5827,0.49986
2081.7,1509,6.5972,0.49972
2041.9,1522.6,6.596,0.49973
2519.4,733.79,6.6455,0.4993
2669.1,665.93,6.6511,0.49923
2417.5,267.2,6.6805,0.49903
469.86,710.03,6.6339,0.49956
969.12,1508.5,6.5913,0.49984
1328.5,1204.4,6.612,0.49965
1113,1313.4,6.6048,0.49973
2595,276.74,6.6807,0.49901
1515.9,1204.9,6.6131,0.49963
1318.7,859.9,6.631,0.49951
1418.4,1233.2,6.611,0.49966
2661.5,1110.7,6.6258,0.49943
670.64,478.06,6.6504,0.49941
2495.1,1486.2,6.6019,0.49964
1591.3,440.74,6.6589,0.49927
1135.9,973.34,6.6233,0.49958
1681.7,910.1,6.63,0.49949
813.32,1531.1,6.5888,0.49988
1590.3,441.26,6.6588,0.49927
2054.1,836.92,6.6362,0.49941
1881.6,1271.5,6.6114,0.49962
1969.6,1576.2,6.592,0.49977
1231.8,1559.4,6.5888,0.49984
658.33,801.7,6.63,0.49957
2287.7,1230.2,6.6163,0.49955
309.41,1080.9,6.6117,0.49976
1263,954.35,6.625,0.49956
1346.9,961.54,6.6255,0.49955
1921.1,1498.5,6.5968,0.49973
2686.4,661.09,6.6514,0.49923
874.97,1659.5,6.5791,0.49995
474.97,1175.5,6.6083,0.49976
1184.3,1570.3,6.5877,0.49986
1191.8,546.78,6.6487,0.49938
2401,271.82,6.6801,0.49904
2404.2,1212.8,6.6181,0.49952
1761,1200.2,6.6145,0.4996
2688,688.88,6.6497,0.49924
2160.2,1502.8,6.5979,0.4997
2674.1,1107.6,6.626,0.49943
1424.9,1261.4,6.6089,0.49967
2057.7,1500.6,6.5974,0.49972
2042.7,1521.3,6.5958,0.49973
2668,651.31,6.6517,0.49923
1233.2,1241.2,6.6095,0.49968
1470.4,1544.8,6.5914,0.49981
2107.4,1438.2,6.6022,0.49968
2405,311.74,6.6756,0.49907
952.33,849.57,6.6288,0.49955
448.06,732.54,6.6316,0.49958
2479,1145.1,6.6219,0.49949
2063,776.64,6.6391,0.49939
2509.4,1569.6,6.5963,0.49968
2821.6,555.48,6.6599,0.49914
747.74,509.19,6.6488,0.49941
1449,1190.9,6.6133,0.49964
450.99,753.48,6.6308,0.49959
937,865.14,6.6278,0.49956
1471.5,1542.7,6.5913,0.49981
1391.5,1503.1,6.5935,0.49979
522.31,406.64,6.6546,0.49939
706.61,1602.5,6.5826,0.49994
678.56,860.28,6.6267,0.49959
1266.8,1628,6.5835,0.49988
2646.4,678.24,6.6499,0.49925
2474,743.45,6.6442,0.49931
654.04,869.45,6.6256,0.4996
1264.8,1480.8,6.5944,0.4998
2495,696.55,6.6471,0.49929
1438.9,1522.1,6.5924,0.4998
1646.5,1255.7,6.6106,0.49964
2668.8,664.26,6.6507,0.49924
1443.8,1230.9,6.6109,0.49965
1176.2,1463.3,6.5951,0.4998
1777.2,1432.2,6.6005,0.49971
1517.7,1222,6.6119,0.49964
2634.2,621.5,6.653,0.49922
987.24,1051.2,6.6179,0.49963
2022,1257.7,6.6126,0.4996
1310.4,1254.1,6.6089,0.49968
2641,690.78,6.6488,0.49925
1464.7,1356.6,6.6038,0.49971
1542.2,855.76,6.6316,0.49949
1638.3,1668,6.5819,0.49987
952.14,830.11,6.6297,0.49954
1212.4,1177.4,6.6127,0.49966
315.08,1138.3,6.6084,0.49979
2168.6,1447.2,6.6015,0.49968
2632.2,1075.3,6.6275,0.49942
1379.5,1524.5,6.5918,0.49981
2296.9,736.07,6.6428,0.49934
2437.5,723.14,6.645,0.49931
272.6,278.27,6.6644,0.49936
1760.3,1197.8,6.6144,0.49961
2519.8,1514,6.5996,0.49966
647.23,1549.4,6.5866,0.49991
658.93,1179.4,6.6092,0.49973
1429.7,1231.5,6.6103,0.49966
2685.8,659.19,6.6511,0.49923
1004.3,407.68,6.6586,0.49932
1225.5,1279.1,6.6069,0.4997
450.61,754.98,6.6305,0.49959
2509.9,737.37,6.6447,0.4993
2421.4,1026.2,6.6279,0.49945
1437.5,1195.7,6.6124,0.49964
1918.4,1431.2,6.6011,0.4997
2094.2,1449.5,6.6007,0.49969
475.76,807.23,6.6278,0.49961
714.63,1535.1,6.5874,0.4999
651.96,1570.3,6.5852,0.49992
2824,679.25,6.6518,0.4992
1690.5,1513.8,6.5941,0.49977
1235.8,1277.5,6.6066,0.4997
1778.2,862.14,6.6326,0.49946
1497.4,1275.4,6.6088,0.49967
2824.8,641.64,6.654,0.49918
1167.1,648.44,6.6418,0.49943
2551.4,1553.2,6.597,0.49967
2542.2,1470.3,6.6029,0.49963
724.08,1265.7,6.6043,0.49976
686.81,1189,6.6088,0.49973
1162.2,550.07,6.6478,0.49939
2663.9,1396.2,6.6089,0.49956
709.63,1584.6,6.5837,0.49993
1703.8,1424.6,6.6004,0.49972
2699.4,252.55,6.6839,0.49897
1124.8,1224.3,6.6094,0.49969
2447.4,445.21,6.6631,0.49917
1224,1290.4,6.606,0.49971
2537.7,289.45,6.6782,0.49904
1652.8,1224.1,6.6121,0.49963
983.36,1403.5,6.5977,0.49979
1228.8,1250.3,6.6084,0.49969
1520.6,1253.5,6.6097,0.49966
963.3,1423.9,6.5962,0.49981
2652.2,687.88,6.6488,0.49925
2719.4,262.6,6.6829,0.49898
2672.8,609.02,6.6539,0.49921
2249.7,1143.3,6.6197,0.49953
705.74,1253.3,6.6053,0.49976
358.29,319.6,6.6606,0.49937
2229.3,778.4,6.6396,0.49937
984.24,880.66,6.6268,0.49956
2496.9,1561.6,6.5963,0.49969
693.88,825.94,6.628,0.49958
1454,1227.3,6.6108,0.49965
2622.4,680.05,6.6489,0.49926
2159.9,1481.1,6.5988,0.4997
1746.3,1214.9,6.613,0.49962
1442.5,1242.2,6.6098,0.49966
901.38,1525.2,6.5897,0.49986
2187.3,359.02,6.669,0.49915
1312.3,1242.3,6.6092,0.49968
1069.9,1264.9,6.6066,0.49972
492.56,806.52,6.6276,0.49961
1486.9,827.07,6.6328,0.49948
648.52,1546.2,6.5866,0.49991
2521.8,735.82,6.6446,0.4993
811.86,1552.2,6.5865,0.49989
2711.5,1061.4,6.6283,0.4994
954.65,311.63,6.6664,0.49926
2472.8,713.79,6.6454,0.4993
912.9,1526.8,6.5889,0.49987
678.59,1534.4,6.587,0.4999
657.58,900.4,6.6235,0.49962
652.88,1543.8,6.5869,0.49991
1403.1,1502,6.5931,0.4998
905.73,404.75,6.6576,0.49933
2510.8,723.87,6.6451,0.4993
1883.5,1538.4,6.5934,0.49976
476.14,1177.3,6.6075,0.49977
975.33,1337.7,6.6023,0.49976
410.98,1617.4,6.5792,0.5
730.25,478.62,6.6504,0.4994
2503.4,653.19,6.6493,0.49927
2460.8,733.89,6.6441,0.49931
1369.8,1542.5,6.59,0.49982
2651.6,685.56,6.6488,0.49925
1872.2,1458.8,6.599,0.49972
1888.8,1473.1,6.5981,0.49972
2677.6,647.88,6.6513,0.49923
1926.6,1441.3,6.5999,0.49971
1757.4,1214.1,6.613,0.49962
1251,1567.4,6.5875,0.49985
2662.5,348.28,6.6732,0.49906
2498.4,726.59,6.6448,0.4993
1227.8,1261.6,6.6075,0.4997
669.91,1285.7,6.6026,0.49978
2473.6,1533.3,6.5974,0.49968
2663.4,613.92,6.6535,0.49922
1847.6,1551.4,6.5922,0.49977
2520.2,656.21,6.6491,0.49927
1068.7,1280.2,6.6056,0.49972
2125.9,1437.2,6.6014,0.49968
1116.3,892.06,6.6267,0.49955
1456.3,1308.7,6.6063,0.49969
1661.8,1248.9,6.6111,0.49964
1973.2,1576.1,6.5909,0.49977
1995.9,1174.4,6.6165,0.49957
478.25,1200,6.6062,0.49978
2436.1,708.85,6.6452,0.49931
474.25,716.49,6.6324,0.49957
2695.4,644.17,6.6517,0.49922
1890.5,1494.8,6.5964,0.49974
1496.8,1412.4,6.6,0.49974
2273.4,791.34,6.6394,0.49937
326.52,311.43,6.661,0.49937
1087.9,928.29,6.6253,0.49957
676.95,1564.6,6.5846,0.49992
1513.4,1226.1,6.6116,0.49965
698.45,888.59,6.6242,0.49961
2665.1,1072.5,6.627,0.49942
1211.1,1334.6,6.6027,0.49974
2708.9,1097.9,6.6261,0.49942
2491.5,1108.9,6.6235,0.49947
1917.9,1059,6.6223,0.49953
747.46,1571.6,6.5851,0.49991
953,811.25,6.6301,0.49954
1092.9,1485.9,6.5927,0.49982
1068.2,1292.8,6.6048,0.49973
1341.3,1204.7,6.6109,0.49966
1873.9,1429.5,6.6012,0.4997
490.73,787.48,6.6281,0.4996
1508.3,454.94,6.6563,0.4993
2072.7,856.14,6.6344,0.49943
616.26,1647.5,6.578,0.49998
2262.4,1139.2,6.62,0.49952
2091.5,1451.9,6.6001,0.49969
2679.2,1100.6,6.626,0.49943
1350.1,1601.4,6.5861,0.49986
812,1553,6.5862,0.4999
1879.3,1515.3,6.595,0.49975
1931.1,1049.7,6.623,0.49953
1712,1469.9,6.5974,0.49974
1563.9,1443.8,6.5985,0.49974
724.58,1234.8,6.6056,0.49975
2705,726.69,6.6469,0.49926
2437.1,721.21,6.6444,0.49932
1453.8,1241.2,6.6096,0.49966
1087.8,1278.1,6.6056,0.49972
713.08,1564.7,6.5847,0.49992
1042,1342.2,6.6019,0.49976
2438.3,738.71,6.6433,0.49932
2635.4,705.08,6.6471,0.49927
1234.2,975.53,6.623,0.49958
1893,394.52,6.6633,0.49921
2460.1,716.35,6.6448,0.49931
1087.1,1290.8,6.6048,0.49973
2634.5,706.18,6.647,0.49927
2626.2,270.53,6.6805,0.49901
2452.2,748.44,6.6428,0.49933
392.82,1567.5,6.5825,0.49998
453.36,771.08,6.6288,0.4996
1474.4,1561.3,6.5892,0.49982
1348.1,1562.9,6.588,0.49984
1410.8,1318.7,6.6046,0.49971
1121.7,528.81,6.6491,0.49938
1000.6,845.73,6.6283,0.49955
1153,991.13,6.6217,0.49959
265.42,264.85,6.6648,0.49936
1132.3,1335.8,6.6025,0.49974
1136.2,866.54,6.6279,0.49954
2602.2,1177.7,6.6207,0.49948
1364.5,1319.2,6.6046,0.49971
313.56,1095.8,6.6099,0.49977
2605.1,1180.6,6.6207,0.49948
957.37,1188.5,6.6094,0.4997
2511.3,1174.4,6.6196,0.4995
1174.2,1568.8,6.5867,0.49986
680.75,1512.4,6.5881,0.49989
2410.3,313.42,6.6745,0.49908
2337.7,1024.6,6.6266,0.49946
2268.3,800.46,6.6384,0.49938
1298.3,1255.1,6.6079,0.49969
1732.8,885.04,6.6304,0.49948
1945.2,1648,6.5847,0.49983
1388.6,1143.5,6.6146,0.49963
646.72,1610.4,6.581,0.49995
1330.6,1483.3,6.5939,0.4998
611.35,1649.4,6.5773,0.49999
490.95,786.11,6.6279,0.4996
317.48,306.03,6.6611,0.49937
2098.9,1449.5,6.6003,0.49969
1455.8,1229.1,6.6101,0.49966
1542.9,914.37,6.6275,0.49952
994.46,678.7,6.6378,0.49948
631.94,900.16,6.6238,0.49962
1519.2,827.42,6.6322,0.49948
315.87,1125.6,6.6082,0.49979
1170.4,1586.4,6.5853,0.49988
1417.9,1244.3,6.609,0.49967
1145.1,974.51,6.623,0.49958
2638.8,1148.3,6.6221,0.49946
438.37,732.83,6.6307,0.49959
451.86,764.49,6.6287,0.4996
1185.8,1598,6.5849,0.49988
290.24,288.98,6.6625,0.49937
476.93,1162.9,6.6078,0.49976
1558.1,816.42,6.6332,0.49947
503.53,495.49,6.6468,0.49946
1440.6,1260.3,6.6082,0.49968
2124.4,1527,6.5947,0.49973
888.09,409.29,6.6561,0.49934
398.78,1628.6,6.578,0.50001
1227.9,1292,6.6053,0.49971
2468.4,1584.7,6.5937,0.49971
460.07,393.99,6.6544,0.4994
2615.5,986.43,6.631,0.4994
444.37,1508,6.5872,0.49993
698.12,860.76,6.6253,0.4996
707.58,1258.1,6.6043,0.49977
2679.4,649.54,6.6506,0.49923
2499,711.11,6.6452,0.4993
394.03,1587.4,6.5808,0.49999
1246,1213.5,6.6095,0.49968
438.44,784,6.6278,0.49961
1451.1,1259.2,6.6082,0.49968
2439.3,751.24,6.6423,0.49933
2676.6,632.33,6.6517,0.49923
2066,825.75,6.6356,0.49942
693.4,1254.7,6.6044,0.49977
2452.1,735.87,6.6432,0.49932
1240.5,1248,6.6074,0.4997
2746,241.24,6.685,0.49896
434.87,1572,6.5826,0.49997
2495.5,304.05,6.6757,0.49906
1081.9,914.17,6.6251,0.49957
1477.4,832.74,6.6315,0.49949
315.04,1150.7,6.6071,0.4998
2690.7,690.89,6.6482,0.49925
1328.6,945.6,6.6244,0.49956
1181.7,504.38,6.6504,0.49937
496.77,1122.2,6.61,0.49974
2094.4,1493.4,6.5971,0.49972
1178.2,1462.2,6.5941,0.49981
1893.5,1537.2,6.5924,0.49977
2529.2,297.58,6.6766,0.49905
1987.6,1580.3,6.5901,0.49978
1231.5,1276,6.6061,0.49971
2625,694.27,6.6473,0.49927
2450.3,706.3,6.6449,0.49931
2550.7,1471.9,6.6017,0.49964
2683.2,691.4,6.648,0.49925
281.67,283.67,6.6628,0.49937
468.53,802.22,6.6266,0.49962
2158.3,1457.1,6.5996,0.49969
481.07,1212,6.6049,0.49979
2624.2,695.73,6.6471,0.49927
1794.7,876.25,6.6309,0.49947
504.11,483.98,6.6469,0.49945
1536.9,816.08,6.633,0.49948
1177.2,1471.4,6.5933,0.49981
653.73,1598.4,6.5823,0.49994
2767.7,239.84,6.6856,0.49895
958.29,1206.8,6.608,0.49971
2628.6,1435.5,6.6053,0.4996
366.52,334.65,6.6585,0.49938
2628.1,1442.7,6.6048,0.4996
2489.1,1488.8,6.6005,0.49965
2293.2,797.58,6.6383,0.49938
1697.7,1496.6,6.5943,0.49977
1232.7,1263,6.6067,0.4997
1990.1,789.42,6.6365,0.49942
681.27,1522.7,6.587,0.4999
1490,558.46,6.648,0.49936
934.37,696.07,6.636,0.4995
590,647.13,6.6368,0.49952
2539.5,769.74,6.642,0.49932
1545,869.35,6.6299,0.4995
440.26,1033.8,6.614,0.49972
718.06,1523.5,6.5872,0.4999
1920,1504.6,6.5951,0.49975
2448.2,445.04,6.6625,0.49917
2756,239.08,6.6851,0.49895
402.48,1628.8,6.5774,0.50001
790.98,420.29,6.6545,0.49936
2509.9,693.88,6.646,0.49929
1305.5,1557.3,6.5877,0.49985
635.83,461.32,6.6497,0.49942
1428.3,1220.7,6.6102,0.49966
2633.9,675.04,6.6483,0.49926
1026.9,1341.4,6.6007,0.49977
240.96,257.06,6.6651,0.49936
549.13,419.14,6.6523,0.49941
2619.5,282.46,6.6791,0.49902
1740.5,877.54,6.6305,0.49948
2825.6,639.34,6.6529,0.49919
2622.8,677.98,6.6479,0.49926
1327.2,835.25,6.6302,0.49951
598.65,443.45,6.6507,0.49941
2160.2,1455.4,6.5995,0.49969
1002.4,865.32,6.6266,0.49956
386.47,346.19,6.6575,0.49939
702.28,1191.6,6.6075,0.49974
2130.5,1539.6,6.594,0.49974
2642.6,625.44,6.6513,0.49924
739.34,482.52,6.6488,0.49941
2378.7,261.39,6.679,0.49905
348.53,1114.2,6.6087,0.49978
2728.7,251.43,6.6835,0.49897
2500.2,751.36,6.6424,0.49932
309.92,1075.9,6.6099,0.49977
1915.3,1439.7,6.599,0.49972
1082.6,1231.8,6.6072,0.49971
1090.7,1262.7,6.6058,0.49972
395.22,1586.6,6.5805,0.49999
2451.7,1551.2,6.5949,0.4997
990.06,715.58,6.635,0.4995
314.65,1097.8,6.6092,0.49978
1414,1273.4,6.6068,0.49969
2285.5,1195.4,6.6159,0.49955
1983.2,1176.2,6.615,0.49958
981.48,710.23,6.6353,0.4995
2674.9,652.73,6.6497,0.49924
1984.8,1617.4,6.5868,0.49981
1380.2,1314.8,6.6046,0.49971
576.13,461.06,6.6498,0.49942
2148.3,1510.6,6.596,0.49972
1319.2,1603.2,6.5845,0.49987
1717,889.05,6.6292,0.49949
948.27,647.23,6.6389,0.49947
2448,689.96,6.6456,0.4993
1528.1,1188.5,6.6119,0.49964
2409,275.62,6.6781,0.49906
493.33,777.04,6.6282,0.4996
309.83,1074.6,6.6099,0.49977
2548.1,1459.1,6.6022,0.49963
828.03,1515.8,6.5885,0.49988
960.33,1002,6.6189,0.49963
2460.6,704.18,6.6448,0.49931
1860.7,1522.4,6.593,0.49977
2724.5,245.5,6.6839,0.49897
712.56,1293.9,6.6014,0.49979
1243.6,1211.3,6.6094,0.49968
1159.5,888.3,6.6262,0.49956
1300.7,1243.2,6.6079,0.49969
1421.2,1429.1,6.597,0.49977
2151.9,1509.7,6.596,0.49972
2534.7,731.41,6.6438,0.49931
1360.4,1560.5,6.5875,0.49984
959.08,1169.5,6.6097,0.4997
1425.9,1554.9,6.5884,0.49983
1781.7,1649.7,6.5824,0.49986
1196.8,1334.3,6.6017,0.49975
2324.7,1040.7,6.6249,0.49948
352.44,314.64,6.6596,0.49938
1427.3,1224.7,6.6097,0.49967
520.43,1224.3,6.6041,0.49979
1845,1456.9,6.5979,0.49973
2682.8,692.51,6.6476,0.49926
2688.2,607.99,6.6526,0.49922
984.29,1549.4,6.5864,0.49988
665.49,1551.9,6.5845,0.49993
594.83,653.08,6.6362,0.49953
1442.7,1429.1,6.597,0.49976
1861.3,647.31,6.6442,0.49937
308.68,300.43,6.6609,0.49938
782.24,1522.6,6.5873,0.49989
1005.9,1015.9,6.6182,0.49963
2545.4,1548.1,6.596,0.49968
2677.6,681.95,6.6477,0.49926
1323.1,1436.4,6.5959,0.49978
1572.6,1444,6.5974,0.49975
703.59,919.23,6.6215,0.49963
677.66,872.61,6.6242,0.49961
333.21,1065.4,6.6108,0.49976
462.81,1132.3,6.6086,0.49976
1888.6,1448.9,6.5984,0.49972
1077.4,1313,6.6028,0.49975
965.52,1553.5,6.5859,0.49989
509.42,824.79,6.6252,0.49962
2092.8,1460.5,6.5988,0.4997
1539.3,1134.4,6.6153,0.49961
1848.8,1428.5,6.5998,0.49971
2303.2,668.69,6.6455,0.49932
2168.7,1487.4,6.5974,0.49971
2511.4,722.43,6.6439,0.49931
888.75,1656.3,6.5776,0.49996
2643.2,621.87,6.6511,0.49924
436.18,749.9,6.6291,0.4996
1752.4,516.76,6.6518,0.49931
1354.8,1579.8,6.586,0.49986
960.4,982.31,6.6196,0.49962
2509.3,692.23,6.6457,0.4993
2452,718.63,6.6435,0.49932
2441.7,753.49,6.6415,0.49934
2186.8,835.74,6.6351,0.49941
2635.9,1433.5,6.6049,0.4996
494.67,794.16,6.6269,0.49961
654.27,1217.7,6.6054,0.49976
694.66,1225.6,6.6053,0.49976
1694.1,770.41,6.6357,0.49944
1960.9,813.78,6.6349,0.49943
956.33,646.67,6.6389,0.49947
337.71,1155.6,6.6061,0.4998
1482.2,1566.2,6.5878,0.49983
1082.2,1513,6.5903,0.49984
440.24,776.35,6.6274,0.49962
969.71,329.93,6.6634,0.49928
2068.2,835.81,6.6338,0.49943
462.86,387.18,6.6541,0.4994
2230.7,749.06,6.6397,0.49937
1673.7,1540.4,6.5911,0.4998
508.1,410.93,6.6525,0.49941
1683.1,1524.3,6.5916,0.49979
1564.1,1452.8,6.5962,0.49976
2511.5,706.08,6.6447,0.4993
1900.4,634.47,6.6447,0.49936
2494.3,1477.5,6.6003,0.49965
1548.8,822.03,6.6317,0.49949
1783.3,1113.5,6.6173,0.49958
1312.5,1604.5,6.5839,0.49988
2467.1,664.23,6.6467,0.49929
659.09,1227.5,6.6053,0.49976
1314.6,1603.7,6.584,0.49988
2715.9,960.97,6.6327,0.49937
1233.7,1269.1,6.6058,0.49971
986.41,715.7,6.6347,0.4995
249.19,262.23,6.664,0.49936
2012.9,1133.2,6.6173,0.49957
2681.2,258.73,6.6813,0.499
2633.9,675.98,6.6477,0.49927
2683.3,679.61,6.648,0.49926
1128.4,535.42,6.6476,0.49939
1877.6,1454.6,6.5973,0.49973
459.98,1133.3,6.6084,0.49976
1459.8,1369.5,6.601,0.49973
1534.5,857.93,6.6298,0.4995
2183.3,690.08,6.6432,0.49935
778.74,1552.9,6.5848,0.49991
494.91,808.48,6.626,0.49962
1189.4,1585.3,6.5845,0.49988
1495.4,1515.4,6.5916,0.4998
1316.3,1254.8,6.6069,0.4997
684.55,1608.3,6.5803,0.49996
1416.4,1275.1,6.6062,0.49969
663.66,1564,6.5837,0.49993
2343.5,323.95,6.6714,0.49911
481.22,1196.7,6.605,0.49979
1941.4,874.38,6.6312,0.49946
1788.6,839.08,6.6322,0.49946
1303.4,1224.4,6.6084,0.49968
605.87,459.96,6.6492,0.49942
1069.2,1306.8,6.6025,0.49975
490.3,389.56,6.6536,0.4994
1421.5,1245.5,6.6079,0.49968
2075.3,1514.4,6.5946,0.49974
1123.4,951.21,6.622,0.49959
2392.3,288.38,6.6753,0.49908
1202.1,1329.4,6.602,0.49974
2456.6,1505.1,6.5981,0.49968
2499.3,709.12,6.6442,0.49931
2447.8,738.08,6.6417,0.49933
667.14,1235.4,6.6041,0.49977
1533.4,1182.4,6.6116,0.49964
2474.6,701.65,6.6444,0.49931
2463.6,718.38,6.6434,0.49932
2452.1,734.05,6.6424,0.49933
1523,1302.2,6.6055,0.49969
932.86,1181.7,6.6084,0.49971
2697.2,259.56,6.6815,0.49899
2558.7,983.43,6.6295,0.49942
453.82,763.3,6.6276,0.49961
597.54,1651.9,6.5762,0.5
1134.2,968.87,6.6213,0.4996
2036.7,835.81,6.6338,0.49943
319.19,1140.3,6.6064,0.4998
1793.3,878.71,6.6295,0.49949
702.86,1552.1,6.5842,0.49992
457.85,1662.2,6.5743,0.50003
479.01,383.79,6.6539,0.4994
461.94,399.75,6.653,0.49941
674.97,880.4,6.623,0.49962
1525.8,1233.9,6.609,0.49966
2141.9,1499.8,6.5956,0.49972
1181.1,942.85,6.6227,0.49958
1911.2,1513.8,6.5936,0.49976
1528.1,1221.6,6.6097,0.49966
1250.6,1295.3,6.6042,0.49972
1760.9,1511.9,6.5927,0.49978
1264.5,1305.4,6.6031,0.49973
1665.5,1171.5,6.6129,0.49962
2385.6,270.82,6.6772,0.49906
2296.7,795.66,6.6376,0.49938
2395.4,295.13,6.6745,0.49908
299.31,294.21,6.6609,0.49938
674.23,1551.3,6.584,0.49993
479.27,1160.5,6.6067,0.49977
502.45,395.66,6.653,0.49941
1902.3,1523.6,6.5928,0.49977
2035.8,831.65,6.6339,0.49943
1236,1306.8,6.6029,0.49973
396.23,1629.6,6.5767,0.50002
1794,847.58,6.6311,0.49947
658.17,1220.8,6.6047,0.49977
1007.4,996.68,6.6187,0.49963
1325.8,1588.1,6.5851,0.49987
429.74,372.02,6.6546,0.4994
1313.2,894.42,6.6259,0.49955
2275.6,796.87,6.6373,0.49939
2271.4,433.85,6.6606,0.4992
780.86,1512.5,6.5877,0.49989
2465.5,669.8,6.6459,0.4993
2287.1,1178.4,6.616,0.49955
2717.3,1014.9,6.6293,0.4994
515.9,1129.3,6.6085,0.49975
1480.3,1424.8,6.5968,0.49976
498.76,1119.8,6.609,0.49975
2669.9,599.09,6.6528,0.49922
2547.3,1001.2,6.6281,0.49943
1942.7,731.79,6.6388,0.4994
2053.5,1200.3,6.6132,0.49959
2617.5,986.89,6.6297,0.49941
2634.4,663.35,6.648,0.49926
1884.1,1496.3,6.5945,0.49975
884.77,403.11,6.6556,0.49935
2469.7,1563.1,6.5934,0.49971
1439.2,1171.6,6.6114,0.49965
1393.3,1556.8,6.5876,0.49984
1646,1674.1,6.5788,0.49989
638.25,881.49,6.6227,0.49963
1079.3,1594.1,6.5827,0.4999
2126,1457,6.5982,0.49971
1506.6,1161.8,6.6123,0.49964
474.27,395.5,6.6529,0.49941
2682.3,661.19,6.6486,0.49925
1597.7,879.96,6.6281,0.49951
1504.7,1163.9,6.6123,0.49964
950.51,1490.9,6.5896,0.49986
2636.9,692.99,6.6462,0.49928
2635.8,690.86,6.6463,0.49928
1203.4,1626,6.5808,0.49991
2709.4,260.63,6.6814,0.49899
480.95,1193.7,6.6043,0.49979
1302.8,1303.3,6.6032,0.49973
2075.4,1064.4,6.6211,0.49953
954.87,1505.7,6.589,0.49986
751.61,1566,6.5835,0.49992
702.58,1253.6,6.6034,0.49977
2304.9,796.03,6.637,0.49939
2083.6,1503.1,6.5951,0.49973
2093.7,1482.3,6.5963,0.49972
667.56,1222.9,6.6045,0.49977
974.78,1494.8,6.5894,0.49986
1425.3,1248.3,6.6075,0.49968
1365.2,1454.8,6.595,0.49979
1375.9,1431.2,6.5957,0.49978
2434.1,278.36,6.6764,0.49907
783.59,1520.2,6.5867,0.4999
2709,266.44,6.681,0.49899
2631.5,695.16,6.6455,0.49928
933.53,1200.2,6.607,0.49972
296.55,366.5,6.6538,0.49944
1454.3,808.79,6.6316,0.49949
522,1212.2,6.6039,0.49979
2474.1,699.4,6.6442,0.49931
682.51,817.31,6.6261,0.4996
803.09,1538.9,6.5854,0.49991
2602.1,588.21,6.6523,0.49923
1030.9,1602.4,6.5823,0.49991
1205.3,1546.9,6.5868,0.49986
1948.8,1591.1,6.5879,0.4998
590.36,643.84,6.6357,0.49953
963.23,1021.7,6.6168,0.49964
1284.2,1210.4,6.6084,0.49969
697.77,1284.3,6.6012,0.49979
481.08,800.03,6.6258,0.49962
2389.5,277.19,6.6761,0.49907
311.01,1161.6,6.6047,0.49982
2115,1457.6,6.5982,0.49971
1903.8,1514.5,6.5927,0.49977
1811,857.85,6.6306,0.49948
2302.3,786.41,6.6379,0.49938
2449.6,443.51,6.6612,0.49918
2014.6,1580.2,6.5887,0.49979
462.61,391.25,6.653,0.49941
929.31,823.39,6.6273,0.49957
1078.5,1291.4,6.6025,0.49975
1231.6,1303.4,6.6029,0.49973
2498.7,1035.1,6.6254,0.49946
1395.5,1558.1,6.5869,0.49985
2231.4,1392.3,6.6032,0.49966
471.28,1256.1,6.6012,0.49982
315.59,1118,6.6066,0.4998
915.62,1533.3,6.5866,0.49989
494.52,791.41,6.6263,0.49962
1008.8,1035.6,6.6162,0.49965
604.57,662.43,6.635,0.49954
420.74,1654.2,6.5741,0.50004
1441,1393,6.5983,0.49975
1478,1338.7,6.6022,0.49972
1466.1,1190.3,6.6104,0.49966
1500.5,834.97,6.6299,0.4995
1641.5,1493.1,6.5932,0.49978
1213.4,1528.5,6.5881,0.49985
311.3,1065,6.61,0.49977
688.65,911.68,6.6208,0.49964
1389.5,1403.7,6.5977,0.49976
633.15,861.23,6.6232,0.49963
2268.8,783.82,6.6375,0.49939
1212.5,1508.6,6.5895,0.49984
935.91,1529.2,6.5871,0.49988
1494.1,1287.3,6.6049,0.4997
345.34,1046.6,6.611,0.49976
509.72,793.96,6.6258,0.49962
997.6,410.62,6.6555,0.49934
2037.7,722.58,6.6392,0.49939
342.02,1149.2,6.6055,0.4998
2061.7,1079.4,6.6199,0.49954
2403.9,299.57,6.6737,0.49909
1422.2,1427.9,6.596,0.49977
2463.3,687.41,6.6446,0.49931
1748.2,883.68,6.6284,0.4995
1546.5,1138.8,6.6138,0.49963
2206.7,1169,6.6165,0.49956
2415.3,1564.8,6.5923,0.49973
495.21,764.58,6.6277,0.49961
707.86,1213.8,6.605,0.49976
694.73,505.45,6.6457,0.49944
651.29,1588.4,6.5811,0.49995
2415.8,1564.6,6.5923,0.49973
1430.4,1556.3,6.5872,0.49984
1156.4,1583,6.5837,0.49989
1562.4,853.73,6.6293,0.4995
646.98,1491.2,6.5879,0.4999
329.42,1062.6,6.6099,0.49977
2582.5,294.64,6.6761,0.49905
703.34,1571.5,6.5821,0.49994
679.7,919.94,6.6211,0.49964
2533.6,688.86,6.645,0.4993
331.92,1073.9,6.6097,0.49977
606.88,463.08,6.6482,0.49943
1633,1131.1,6.6146,0.49961
2506.5,696.42,6.644,0.49931
2540.9,1452.1,6.6014,0.49964
348.32,1072.4,6.6095,0.49977
2682,662.26,6.6482,0.49925
2205.4,1106.3,6.619,0.49954
2548,686.32,6.6449,0.4993
1123.8,1609.3,6.5817,0.49991
2606.4,972.92,6.6298,0.49941
1177.6,1453.4,6.5932,0.49981
1722.5,887.3,6.6282,0.4995
456.11,741.88,6.6285,0.49961
861.73,1658.4,6.5767,0.49997
518.31,1152.2,6.6068,0.49977
668.04,1202,6.6052,0.49976
1685.6,1432,6.5972,0.49975
1268.1,845.65,6.6277,0.49954
1307.8,1319.5,6.6023,0.49973
495.25,778.87,6.6267,0.49961
2205.5,1077.7,6.6204,0.49953
2554.6,1537.8,6.596,0.49968
2470.5,421.33,6.6624,0.49917
1270.6,1525.9,6.5883,0.49985
455.97,679.37,6.6319,0.49958
2255.3,677.4,6.6434,0.49934
1092,972.52,6.6204,0.49961
2462,1584.9,6.5914,0.49973
2507.3,1539.9,6.5952,0.49969
2013.3,1104.1,6.6177,0.49956
1092.1,1283.3,6.6032,0.49974
2462.1,1583.9,6.5916,0.49973
479.79,1156.4,6.6058,0.49978
539.98,1271.9,6.6004,0.49981
1241.4,1259.4,6.6052,0.49971
1320.2,1238.4,6.6069,0.4997
950.25,417.56,6.6538,0.49936
1723.6,1201.1,6.611,0.49964
2284.7,799.42,6.6364,0.49939
2550.1,1540.8,6.5955,0.49969
695.64,1167.1,6.6072,0.49974
2509.8,677.05,6.6454,0.4993
1642.5,1445.5,6.596,0.49976
1338.7,1285.1,6.6039,0.49972
727.86,502.58,6.6456,0.49944
2521.5,691.88,6.6445,0.4993
1270.3,1505.1,6.5897,0.49983
1493,1314.1,6.6031,0.49971
1087.9,1302.8,6.6019,0.49975
2512,707.33,6.6435,0.49931
1912,1059.8,6.6197,0.49955
1060.5,1558.1,6.5848,0.49989
652.28,1586.2,6.5811,0.49995
2268.3,753.95,6.6388,0.49938
1735.3,1496,6.5933,0.49977
2171.7,1431.7,6.5995,0.49969
2498.5,679.45,6.645,0.4993
2416.9,630.89,6.6474,0.49929
2827.7,579.42,6.6552,0.49917
2401.1,302.72,6.6729,0.4991
1074.4,1284.3,6.603,0.49974
1663.9,748.17,6.6356,0.49945
1545.1,1251.1,6.6069,0.49968
494.35,762.31,6.6275,0.49961
265.86,272.33,6.662,0.49938
661.32,806.17,6.6262,0.4996
1856.9,1387.6,6.6009,0.49971
731.67,1317,6.599,0.4998
2509,725.88,6.6419,0.49933
2162.3,1486.5,6.5962,0.49972
2544.9,1455,6.6013,0.49964
1812.1,845.03,6.6308,0.49947
1529.4,861.54,6.628,0.49952
1635.6,1671.3,6.5787,0.4999
664.14,1609.9,6.5787,0.49997
941.21,1599.8,6.5813,0.49993
2687.4,263.29,6.68,0.499
989.34,1334.2,6.5995,0.49978
1006.2,827.09,6.6271,0.49956
2643.5,1400,6.6058,0.49959
1844.3,1237,6.6098,0.49964
2643.1,660.97,6.6475,0.49927
1429.9,1260.2,6.606,0.4997
2624.5,666.03,6.647,0.49927
344.72,1109.8,6.6072,0.49979
966.87,811.98,6.6279,0.49956
931.21,328.35,6.6619,0.4993
1990.5,843.87,6.632,0.49945
1088.4,1304.4,6.6017,0.49975
1769.5,789.51,6.6334,0.49946
979.42,1194.5,6.6069,0.49972
2652.9,655.7,6.6479,0.49926
2730.1,261.77,6.6802,0.499
2179.9,1061.6,6.6212,0.49952
2283.2,798.29,6.6363,0.49939
2164.4,1430.2,6.5998,0.49969
2632.9,645.95,6.6483,0.49926
2383.5,317.69,6.6711,0.49911
681.99,887.18,6.6219,0.49963
667.74,1546.2,6.5839,0.49993
257.61,267.23,6.6623,0.49938
2728.5,259.87,6.6811,0.49899
1708.6,1514.5,6.5911,0.49979
667.44,1308.1,6.5991,0.49981
1167.3,1505.8,6.5889,0.49985
2764.8,241.83,6.6833,0.49896
2436.3,409.77,6.6632,0.49917
354.41,1160.3,6.6047,0.49981
256.85,326.24,6.6553,0.49943
2514,296.39,6.6742,0.49907
1136.5,545.26,6.6458,0.49941
924.13,657.92,6.6363,0.4995
1868.5,1515.3,6.5922,0.49977
2060.5,1166.2,6.6143,0.49959
712.98,1550.5,6.5833,0.49993
2386.6,261.79,6.6772,0.49906
727.73,1316.5,6.599,0.49981
2284.6,781.12,6.6372,0.49939
398.22,1636.5,6.5753,0.50003
2625.7,664.61,6.647,0.49927
905.24,1494.5,6.5887,0.49987
1121.5,1594.3,6.5826,0.4999
2448.1,708.29,6.6423,0.49933
1712.2,1203.5,6.6102,0.49964
2111.5,1511.6,6.5934,0.49974
1082.6,1263.6,6.6035,0.49974
2274.7,728.54,6.6403,0.49936
627.25,456.04,6.6481,0.49943
377.71,340.09,6.6561,0.4994
2403.6,302.11,6.6727,0.4991
497.28,1198.2,6.6034,0.4998
1294.3,1503.5,6.5896,0.49983
2088.9,1433.8,6.5989,0.4997
469.54,741.85,6.6278,0.49961
2740.4,244.93,6.6822,0.49898
1148.1,1595.3,6.5822,0.4999
2492.1,1547.6,6.5937,0.49971
1406.2,1295.2,6.6033,0.49972
2644.1,672.69,6.6466,0.49927
409.95,1632.2,6.5756,0.50003
594.12,471.17,6.6469,0.49944
346.01,1178.3,6.6034,0.49982
2295.8,778.87,6.6373,0.49938
1869.7,1435.7,6.5972,0.49973
1243.7,1247.7,6.6055,0.49971
2724.7,942.12,6.6323,0.49937
1416.4,1402.5,6.5972,0.49976
1000.2,662.26,6.6364,0.49949
2365.6,321.07,6.6705,0.49912
435.17,360.29,6.6544,0.49941
351.02,313.74,6.658,0.49939
2225.9,809.69,6.6351,0.49941
597.58,1650.2,6.5751,0.50001
2654,658.02,6.6475,0.49926
456.31,702.69,6.6303,0.49959
1072,1276.7,6.6029,0.49974
1205.2,1419.6,6.5951,0.4998
906.49,1482.1,6.5894,0.49986
1896.1,1513.5,6.5923,0.49977
2088.1,1523.9,6.5925,0.49975
1506,1536.7,6.5883,0.49983
347.15,1075.6,6.609,0.49978
997.37,1350.9,6.5978,0.49979
343.2,1152.4,6.6048,0.49981
386.72,410.94,6.6493,0.49945
2478.4,731.35,6.6414,0.49933
2672,262.03,6.6793,0.49901
2133.2,1475,6.5964,0.49972
340.47,1107.5,6.607,0.49979
936.26,1162.1,6.6082,0.49971
970.88,1346.6,6.5979,0.49979
1451.5,1209.5,6.6087,0.49967
2756,245.36,6.6826,0.49897
2157.9,1495.9,6.5951,0.49973
346.16,1074.4,6.609,0.49978
486.36,1213.9,6.6027,0.4998
1174.4,1563.5,6.585,0.49988
1914.5,1449.6,6.5963,0.49974
945.84,1528.8,6.5859,0.49989
537.21,1271.3,6.6001,0.49982
1138.6,1224.9,6.6059,0.49972
2480.2,1491.4,6.5975,0.49968
488.88,743.91,6.6281,0.4996
1772.2,1138.7,6.6143,0.49961
338.07,337.52,6.6562,0.49941
939.85,1600.2,6.581,0.49993
2668,683.87,6.6457,0.49928
1635.1,1654.8,6.5794,0.49989
1149.8,1594.8,6.5823,0.4999
949.08,402.86,6.6552,0.49935
1083.9,1597.5,6.582,0.49991
500.85,703.25,6.6306,0.49958
1892.1,1532.3,6.5908,0.49978
601.48,1650.8,6.5748,0.50001
594.44,1649,6.5752,0.50001
1995.9,1100.6,6.6176,0.49956
2038.7,766.3,6.6363,0.49941
