530.7,1372,6.8696,0.49792
1218.6,294.41,6.7866,0.49837
905.34,230.4,6.7912,0.49836
906.8,232.88,6.7907,0.49837
890.26,214.69,6.7889,0.49838
882.5,222.63,6.7873,0.49839
881.13,215.5,6.788,0.49838
876.42,216.03,6.7876,0.49839
1071.3,272.47,6.7802,0.49843
1225.2,285.33,6.7759,0.49845
1424.8,281.4,6.7742,0.49844
1220.3,284.01,6.7715,0.49848
1048.8,261.29,6.7724,0.49848
1061.6,267.31,6.7715,0.49849
823.35,206.33,6.7763,0.49847
1218.2,283.44,6.7671,0.49851
1038.4,259.89,6.7691,0.49851
1030.9,248.76,6.7693,0.49851
1040.6,259.58,6.7677,0.49852
1187.8,303.57,6.7614,0.49855
1185.4,307.1,6.755,0.4986
1020.8,263.01,6.7588,0.49858
1177.8,307.22,6.7544,0.4986
1194.6,317.51,6.7528,0.49861
2287.3,1309.1,6.6962,0.49897
1346.2,212.04,6.7642,0.49851
1163.9,298.7,6.7509,0.49863
668.56,184.79,6.7567,0.49862
1466.6,278.83,6.7447,0.49865
1169.9,330.16,6.7376,0.49872
1465.3,280.45,6.7432,0.49866
590.72,1030.8,6.6864,0.49917
619.48,183.82,6.7482,0.49868
1154.5,357.98,6.7269,0.4988
1474,290.39,6.7352,0.49871
870.61,257.02,6.7353,0.49876
1200.4,374.19,6.7173,0.49886
1483.5,1493.9,6.6496,0.49937
1031.2,339.46,6.7178,0.49887
1191.7,381.26,6.7138,0.49889
511.32,682.63,6.6875,0.49916
1487.1,435.63,6.7096,0.4989
2247.8,1386,6.6565,0.49926
1445.4,779.42,6.686,0.49909
1399.6,789.75,6.6851,0.4991
2019.9,1410.9,6.6527,0.49931
1453.1,1525.8,6.6417,0.49943
453.67,676.85,6.6847,0.49919
2032.7,1397.2,6.6527,0.49931
1187.8,318.26,6.7145,0.49888
1182.6,321.06,6.7127,0.49889
1420.9,812.63,6.6791,0.49914
452.81,761.19,6.6756,0.49925
493.5,839.13,6.6688,0.4993
1367,845.44,6.6734,0.49919
2187.9,1436.5,6.644,0.49936
480.15,797.59,6.67,0.49929
1783.9,1588.9,6.6309,0.49949
1975.1,1312.4,6.6501,0.49932
435.27,823.95,6.6675,0.49932
435.35,856.81,6.6655,0.49933
1991.1,1427.9,6.6423,0.49938
434.62,803.2,6.6677,0.49931
1388.4,536.24,6.6907,0.49905
2173.1,1500.1,6.6378,0.4994
1362.4,694.4,6.6802,0.49913
2199.7,1500,6.6376,0.4994
1167.7,387.32,6.7003,0.49899
1489.6,490.45,6.6946,0.49901
1358.6,842.98,6.6707,0.49921
488.61,867.23,6.6633,0.49934
444.5,832.38,6.6649,0.49933
476.49,847.45,6.6643,0.49933
433.27,844.23,6.6639,0.49934
1162.7,392.54,6.6985,0.499
487.75,862.23,6.6626,0.49934
419.15,481.03,6.6851,0.49918
1403.7,701.46,6.6773,0.49915
1431.5,1044.5,6.6582,0.4993
486.54,835.96,6.6634,0.49934
899.5,1062.3,6.6542,0.49937
443.13,874.87,6.6606,0.49937
1417.2,841.47,6.669,0.49921
432.18,887.49,6.6596,0.49938
485.67,849.26,6.662,0.49935
897.63,1069.2,6.6533,0.49937
485.8,837.23,6.6625,0.49935
1368.5,857.01,6.667,0.49923
429.78,820.92,6.6625,0.49935
476.78,747.45,6.667,0.49931
438.08,731.27,6.6675,0.49931
429.71,815.69,6.6624,0.49935
880.41,664.83,6.6748,0.49921
1410.1,1060.3,6.6553,0.49932
1365.1,844.01,6.6667,0.49923
1384.1,716.05,6.6741,0.49917
295.2,701.01,6.6665,0.49934
1377.2,1070.4,6.654,0.49933
312.65,1398.7,6.6273,0.49965
1140.5,361.89,6.6976,0.49901
1376.9,1246.1,6.6438,0.49941
1422.7,1040,6.6555,0.49932
1395.5,860.86,6.665,0.49924
428.85,859.97,6.658,0.49939
1335.8,730.61,6.6717,0.4992
1408.6,843.29,6.6653,0.49924
429.35,895.33,6.6555,0.49941
1372.5,1057.1,6.6532,0.49934
411.6,498.6,6.6792,0.49922
1344,860.97,6.6633,0.49926
1391,851.09,6.664,0.49925
660.14,975.18,6.6523,0.4994
631.26,580.33,6.6751,0.49923
855.22,675.55,6.6704,0.49924
440.04,909.76,6.6535,0.49942
535.2,635.94,6.6703,0.49927
887.66,974.88,6.6538,0.49937
438.93,879.68,6.6546,0.49941
1399,1060,6.6513,0.49935
1447.9,431.26,6.69,0.49904
1134.3,372.17,6.6934,0.49904
647.35,595.92,6.6725,0.49924
1344.5,727.1,6.6687,0.49922
1946.5,1350.9,6.6367,0.49942
1410.2,1253.8,6.6391,0.49944
482.5,939.61,6.65,0.49944
1478.2,498.1,6.6833,0.49909
1346.6,1081.4,6.6479,0.49938
677.7,1490,6.6192,0.49966
1346.4,1103.4,6.6464,0.49939
325.45,1507.8,6.615,0.49974
312.53,1324.5,6.6265,0.49965
440.93,942.54,6.6487,0.49945
1361,1060.2,6.6486,0.49937
456.13,772.14,6.6582,0.49938
1941,1355,6.6348,0.49944
462.22,918.52,6.6504,0.49944
1404.4,356.56,6.6944,0.49901
431.91,741.7,6.6594,0.49937
1351,861.36,6.659,0.49929
311.71,1509.4,6.6138,0.49975
1326.6,596.94,6.6742,0.49917
1621.7,780.07,6.6646,0.49923
861.27,1111.9,6.6418,0.49946
434.33,761.4,6.6572,0.49939
864.09,596.75,6.6711,0.49923
1386.6,1266.6,6.636,0.49947
470.9,940.43,6.6478,0.49946
624.59,598.86,6.669,0.49927
663.34,1507.3,6.6161,0.49968
327.38,1429.9,6.6182,0.49971
469.54,766.67,6.657,0.49938
1323.6,746.69,6.664,0.49925
393.03,575.23,6.6678,0.49931
1387.3,1041.4,6.6477,0.49938
649.19,890.8,6.651,0.49941
266.1,720.58,6.6566,0.49942
444.51,775.22,6.6554,0.4994
319.41,1427.8,6.6173,0.49972
1386.5,1064.6,6.6458,0.49939
1402.4,1061,6.6461,0.49939
1330.9,875.95,6.6558,0.49932
1385,740.95,6.6637,0.49925
1354.4,601.65,6.672,0.49919
328.86,1510.4,6.612,0.49976
440.31,997.2,6.6426,0.4995
1476.1,515.84,6.6781,0.49913
470.6,806.24,6.6532,0.49941
315.72,1329.9,6.6229,0.49968
1377.1,869.02,6.6557,0.49931
1368.5,746.66,6.6626,0.49926
655.11,625.55,6.6652,0.4993
1331.7,1287,6.632,0.4995
1349,1264.3,6.6334,0.49949
666.24,1392.6,6.6216,0.49964
318.66,1374.3,6.6197,0.4997
864.33,700.03,6.662,0.4993
439.61,985.2,6.6422,0.4995
1392.2,869.49,6.655,0.49932
328.74,1417.9,6.6163,0.49972
663.08,1390.5,6.621,0.49964
455,788.93,6.653,0.49942
1394.6,1255.6,6.6333,0.49949
640.45,619.12,6.664,0.49931
470.23,955.17,6.6429,0.49949
861.98,690.19,6.661,0.49931
620.83,551.16,6.6681,0.49928
528.35,640.55,6.6614,0.49934
1458.7,460.89,6.6796,0.49912
844.39,699.62,6.6602,0.49932
639.93,623.97,6.6634,0.49931
1475.9,514.17,6.6761,0.49915
650.31,937.85,6.6449,0.49946
296.89,926.27,6.642,0.49953
1317.7,748.52,6.6596,0.49929
304.1,1342.3,6.6192,0.49971
329.1,1437.7,6.6134,0.49975
647.31,1525.1,6.6102,0.49973
1395.4,1056,6.6428,0.49941
1380,739.32,6.6602,0.49928
865.75,721.87,6.6581,0.49933
322.41,1388,6.6165,0.49972
2085.4,1387.9,6.6271,0.49948
652.26,541.02,6.6681,0.49927
622.5,831.58,6.6504,0.49942
1577.1,808.54,6.6572,0.49929
1347.8,1067.9,6.6416,0.49942
328.13,1464.7,6.6114,0.49976
646.35,1393.6,6.6186,0.49966
1471.2,532.59,6.6733,0.49917
1373.2,1266.3,6.6305,0.49951
1390.5,1244.3,6.6319,0.4995
1325.3,1278.2,6.6294,0.49952
1363.8,744.31,6.6593,0.49928
647.22,1525.2,6.6095,0.49973
298.5,771.07,6.6502,0.49946
2248,489.88,6.6808,0.49905
304.63,766.34,6.6498,0.49947
1341.8,1257.4,6.6304,0.49951
1330.6,1094.6,6.6394,0.49944
856.82,598.12,6.6649,0.49928
277.94,746.46,6.6503,0.49947
318.81,1518.4,6.607,0.4998
839.44,612.86,6.6636,0.49929
637.69,551.69,6.6661,0.49929
876.44,738.2,6.656,0.49935
2277.9,1238.4,6.6364,0.49939
289.14,656.21,6.6554,0.49942
860.43,684.6,6.659,0.49933
445.29,781.36,6.6497,0.49944
1305.2,626.67,6.6651,0.49924
1332.3,753.3,6.6575,0.4993
528.63,1314.4,6.6209,0.49966
838.22,593.16,6.6642,0.49929
454.69,788.83,6.6492,0.49944
841.95,693.48,6.6578,0.49934
458.15,1019,6.6363,0.49955
543.03,672.67,6.6564,0.49938
1640.6,809.6,6.6557,0.49929
1611.9,783.49,6.6569,0.49928
2398,353.64,6.6913,0.49895
410.24,564.44,6.6624,0.49935
279.48,799.75,6.6462,0.4995
1314.6,740.42,6.6577,0.4993
675.01,1522,6.6079,0.49974
650.79,970.94,6.6404,0.49949
1322.7,1265.6,6.6283,0.49953
471.9,973.05,6.6387,0.49952
325.2,1424.6,6.6116,0.49976
1948.3,1382.9,6.6243,0.49952
857.97,642.73,6.6605,0.49931
647.87,917.01,6.6433,0.49947
2288.1,1245.7,6.6349,0.4994
2710.2,1034.9,6.6507,0.49923
310.3,1385.2,6.614,0.49974
661.47,860.32,6.6468,0.49944
271.41,756.49,6.6486,0.49948
320.53,1362.6,6.6154,0.49973
2565.5,1055.8,6.6477,0.49928
483.28,836.62,6.6457,0.49947
631.08,944.27,6.6412,0.49949
472.99,817.04,6.6466,0.49946
2106.2,1231.6,6.6339,0.49943
1368.9,1255.7,6.6285,0.49952
332.96,1476.7,6.6081,0.49979
1959.7,1629.3,6.6063,0.49966
1327.5,1082.4,6.6378,0.49945
618.58,562.36,6.6634,0.49931
647.68,1424.8,6.6138,0.4997
858.2,659.91,6.6587,0.49933
628.76,914.61,6.6423,0.49948
2105.3,1235.9,6.6332,0.49943
273.88,926.66,6.6379,0.49956
674.43,1407,6.6145,0.49969
1396.2,915.33,6.6465,0.49938
500.75,975.23,6.6376,0.49953
883.85,1004.5,6.6389,0.49948
636.94,607.55,6.66,0.49934
306.44,801.63,6.6446,0.4995
2062.2,1489.2,6.617,0.49956
1943,1386,6.6228,0.49953
440.4,785.55,6.6473,0.49946
797.92,403.83,6.6758,0.4992
2248.7,1244.9,6.6336,0.49942
841.11,684.63,6.6565,0.49935
1870.9,541.98,6.6718,0.49915
282.07,804.12,6.6442,0.49951
477.17,229.08,6.6918,0.49911
870.85,636.43,6.6596,0.49932
621.47,981.68,6.638,0.49951
1251.5,623.53,6.6628,0.49926
1350,944.48,6.6443,0.4994
858.53,676.85,6.6569,0.49934
1341.1,1445.7,6.6157,0.49963
271.49,781.45,6.645,0.49951
840.74,684.31,6.6562,0.49935
388.02,578.04,6.6591,0.49938
1393.4,407.75,6.6795,0.49912
839.98,669.95,6.6569,0.49934
875.14,731.05,6.6534,0.49937
662.3,931.47,6.6407,0.49949
832.81,627.42,6.6597,0.49932
876.05,1152.3,6.6301,0.49955
1548.5,826.39,6.6519,0.49933
1546.8,797.61,6.6535,0.49932
1348.6,928.57,6.6447,0.4994
867.79,737.84,6.6531,0.49937
447.76,203.24,6.6946,0.49909
869.98,1003.1,6.638,0.49949
1301.5,605.51,6.6635,0.49925
2235.1,1290.9,6.63,0.49945
839.84,656.12,6.6575,0.49934
852.06,997.47,6.6381,0.49949
845.48,1528.5,6.6066,0.49974
1396.3,937.54,6.6441,0.4994
281.18,834.88,6.6413,0.49954
1274,323.03,6.6859,0.49908
1360.5,743.2,6.6549,0.49932
851.42,978.06,6.6388,0.49948
665.93,962.81,6.6383,0.4995
625.63,956.97,6.6386,0.49951
1993.6,408.07,6.6812,0.49907
873.6,701.72,6.6543,0.49936
2346,367.94,6.6867,0.49899
1571.6,796.87,6.6529,0.49932
2038,1369.8,6.6231,0.49952
343.73,1521.7,6.6033,0.49982
1291.4,1458,6.6133,0.49965
264.81,646.97,6.6517,0.49946
1303,623.76,6.6614,0.49927
636.42,566.42,6.6609,0.49933
283.84,941.24,6.635,0.49958
1759.5,1487.9,6.6132,0.49962
838.68,643.12,6.6572,0.49934
445.63,203.36,6.6935,0.4991
301.33,939.73,6.6356,0.49958
1394.3,903.97,6.645,0.49939
580.61,1109.7,6.6291,0.49959
725.58,1208.4,6.6247,0.4996
313.55,956,6.6347,0.49958
2693.9,1044.7,6.6467,0.49926
636.8,597.06,6.6585,0.49935
2496.3,1073,6.6431,0.49932
1347.6,914.03,6.6441,0.4994
460.45,981.64,6.6346,0.49956
321,1458.1,6.6059,0.49981
1609.2,1468.1,6.6136,0.49962
1997.6,1375,6.6218,0.49953
1741.9,1484.1,6.6135,0.49961
296.8,829.91,6.6411,0.49953
1341.1,789.62,6.6508,0.49935
441.26,255.71,6.6856,0.49916
837.86,731.65,6.6515,0.49938
846.3,1444.8,6.6111,0.4997
1714.4,1637.4,6.6011,0.49971
2141.6,1248.7,6.6301,0.49945
651.36,605.61,6.6576,0.49935
502,991.98,6.6339,0.49956
415.92,584.37,6.6574,0.49939
630.35,922.94,6.639,0.4995
864.36,648.19,6.6565,0.49934
424.29,830.89,6.6419,0.49951
325.47,1496.9,6.6028,0.49983
872.33,674.89,6.6546,0.49936
874.37,724.69,6.6515,0.49938
299.48,950.87,6.6338,0.49959
2046.3,1490.3,6.614,0.49959
654.25,1477.7,6.6066,0.49975
636.27,584.12,6.6585,0.49935
869.59,622.76,6.6577,0.49933
487.72,833.47,6.6419,0.4995
1127.6,1213.5,6.6258,0.49956
637.78,632.81,6.6553,0.49937
2203.1,387.69,6.6824,0.49904
542.85,719.51,6.6489,0.49943
615.34,633.36,6.6552,0.49938
1319,625.59,6.66,0.49928
655.62,1238.1,6.6213,0.49964
394.2,632.79,6.6529,0.49942
646.65,896.65,6.6398,0.49949
618.95,590.9,6.6577,0.49936
853.06,1421.6,6.6116,0.49969
668.88,1010.3,6.6338,0.49954
1917.9,420.1,6.6779,0.4991
1365,620.19,6.6604,0.49927
654.38,1448.4,6.6082,0.49974
855.52,1121.2,6.629,0.49956
1388.1,784.5,6.6503,0.49935
2320.4,374.31,6.6841,0.49902
476.89,933.81,6.6367,0.49954
2618.9,332.95,6.6901,0.49893
1942.4,1621.3,6.6026,0.49968
285.11,892.95,6.6359,0.49958
873.1,694.64,6.6527,0.49937
443.58,933.28,6.6357,0.49955
1459.7,608.82,6.6618,0.49926
531.31,682.27,6.6506,0.49942
2029.8,1264.8,6.6272,0.49949
2167.9,940.53,6.6458,0.49933
1379.4,1243.7,6.6249,0.49955
472.66,807.61,6.6425,0.49949
286.58,865.17,6.6373,0.49956
1123.5,860.61,6.6444,0.49942
1387.2,768.66,6.6508,0.49935
2337,373.29,6.6838,0.49902
1718.5,1622.7,6.6007,0.49972
1348,608.52,6.6605,0.49927
648.34,912.76,6.6383,0.49951
2457,357.55,6.686,0.49899
2150.9,395.61,6.6806,0.49906
2485.7,454.77,6.6778,0.49905
285.8,847.91,6.638,0.49956
2058.6,406.72,6.679,0.49908
476.24,863.61,6.6393,0.49952
873.09,1530.4,6.6035,0.49976
608.77,641.03,6.6535,0.49939
301.01,813.01,6.64,0.49954
280.96,925.74,6.6342,0.49959
1135.2,398.44,6.6746,0.49918
1127.9,1089.5,6.6316,0.49952
297.93,829.25,6.6392,0.49955
2490.3,1142.2,6.6372,0.49937
337.44,1410,6.6081,0.49978
2513.6,1073.5,6.6411,0.49933
275.97,842.6,6.6379,0.49956
2691.6,1114.4,6.6407,0.49931
655.32,1507,6.6032,0.49978
877.75,1124.2,6.6282,0.49956
667.35,1431.5,6.6087,0.49973
1135.4,395.34,6.6748,0.49918
2429.7,362.21,6.6849,0.499
650.85,594.93,6.6565,0.49936
874.75,727.94,6.6498,0.49939
461.83,807.7,6.6419,0.4995
357.08,1532.5,6.5995,0.49985
451.04,1084.8,6.6267,0.49962
292.31,445.03,6.6632,0.49936
1362.5,1248.9,6.6236,0.49956
1376.6,750.93,6.6513,0.49934
2116.6,401.1,6.6792,0.49907
1037.7,1615.6,6.597,0.49979
1340.5,778.81,6.6491,0.49936
2390,1498.7,6.6139,0.49956
461.83,993.91,6.6313,0.49958
871.97,667.09,6.6532,0.49937
2445.2,360.98,6.6848,0.499
641.83,1535.2,6.601,0.4998
1138.8,1203,6.6247,0.49957
628.47,921.75,6.637,0.49952
860.68,1530.9,6.6027,0.49976
402.1,542.71,6.6569,0.49939
1300.3,1457.5,6.6102,0.49967
647.62,1527.6,6.6019,0.49979
2648.8,428.48,6.6804,0.49901
446.83,969.98,6.6324,0.49958
852.52,1442.4,6.6086,0.49972
2026.1,1273,6.6253,0.4995
619.45,612.6,6.6545,0.49938
620.2,628.51,6.6535,0.49939
2223.5,389.53,6.6805,0.49905
288.9,944.98,6.6321,0.49961
877.29,1092.8,6.6292,0.49955
296.18,809.22,6.6393,0.49955
1694.4,479.44,6.6701,0.49917
1111.3,1086,6.6308,0.49952
415.09,212.1,6.6889,0.49914
653.27,645.62,6.6525,0.49939
341.79,1435.6,6.6049,0.49981
2190.5,1314.1,6.6238,0.4995
490.52,953.08,6.6332,0.49956
285,845.84,6.6371,0.49957
1971.8,1463.9,6.6129,0.4996
345.7,1537.9,6.5983,0.49986
2079.1,406.9,6.6779,0.49908
2559.2,1101.4,6.639,0.49934
1318.6,615.96,6.6585,0.49929
288.01,936.45,6.6324,0.4996
624.54,983.08,6.6329,0.49955
297.64,806.63,6.6393,0.49955
2706,320.12,6.6903,0.49892
848.36,1417.2,6.6101,0.49971
348.92,1425.1,6.6053,0.4998
1117.9,738.71,6.6498,0.49937
1315.1,1261.7,6.6219,0.49958
544.31,648.53,6.6509,0.49942
1347.6,1118.3,6.6297,0.49951
469.88,1087.1,6.6257,0.49962
2146.1,1324.9,6.6224,0.49951
656.22,1011.6,6.6315,0.49956
1330.2,761.08,6.6495,0.49936
607.66,589.12,6.6553,0.49938
652.35,630.7,6.6531,0.49939
1107,842.53,6.6435,0.49942
672.67,1538.2,6.6002,0.4998
1062.7,527.82,6.6626,0.49928
1105.9,812.7,6.6451,0.49941
869.47,1443.6,6.6079,0.49972
1972.3,1307.3,6.6223,0.49953
608.65,622.86,6.653,0.49939
276.54,844.53,6.6364,0.49957
1350.5,628.71,6.6574,0.4993
356.78,1500.9,6.6,0.49984
884.61,1173.5,6.6239,0.4996
671.14,1261.2,6.6174,0.49967
2206.2,1204.5,6.6294,0.49945
2394.1,1497.8,6.6129,0.49957
491.74,956.72,6.6324,0.49957
1075.2,1527.3,6.6031,0.49974
2542.6,349.17,6.6855,0.49898
1566.6,1220.2,6.6251,0.49954
1127.9,1144.4,6.6268,0.49955
313.29,868.35,6.6351,0.49958
287.51,873.66,6.6349,0.49958
324.88,1532.8,6.5977,0.49987
666.79,1149.9,6.6236,0.49962
655.88,1377.8,6.6101,0.49972
273.05,789.81,6.6392,0.49955
354.09,1464.6,6.6021,0.49983
870.62,1425.6,6.6087,0.49972
316.78,1355.2,6.6091,0.49978
856.22,609.06,6.6554,0.49935
653.56,1507.4,6.6018,0.49979
651.71,582.7,6.6556,0.49937
841.14,1526.8,6.6018,0.49977
2293.3,383.18,6.6804,0.49905
2352.9,1546.4,6.6085,0.4996
2311,380.87,6.6807,0.49904
1849.7,1391.2,6.6161,0.49959
653.77,1463.8,6.6047,0.49977
1126.8,1203,6.6232,0.49958
443.09,596.05,6.6529,0.49942
282.74,950.89,6.6301,0.49962
848.49,1001.5,6.6328,0.49953
853.94,1508.2,6.6025,0.49977
2180.9,1080.4,6.6356,0.49941
1970.5,982.37,6.6399,0.49939
298.37,831.01,6.6369,0.49957
2099.2,1383.9,6.6177,0.49955
624.15,959.19,6.6332,0.49955
622.26,932.63,6.6346,0.49954
1133.6,1091,6.6295,0.49953
2100.1,406.08,6.677,0.49909
289.73,869.95,6.6345,0.49959
2580.2,344.34,6.6858,0.49897
1160.5,580.89,6.6588,0.4993
427.59,251.54,6.6823,0.49919
663.3,985.12,6.6325,0.49955
1998,1490.7,6.6099,0.49962
1640.5,1502.9,6.608,0.49966
2246.3,1266.4,6.6258,0.49948
1634,1105.7,6.6319,0.49948
417.41,672.34,6.6474,0.49946
1079,490.58,6.6643,0.49926
1111.6,1111.8,6.628,0.49954
466.45,592.53,6.653,0.49941
858.37,1458.9,6.6057,0.49974
2113,1354.9,6.6193,0.49954
885.61,1002.4,6.6325,0.49953
669.64,1451.7,6.6053,0.49976
465.18,591.84,6.653,0.49941
1572.1,1158.4,6.628,0.49951
2099.6,1324.3,6.6211,0.49953
883.69,1426.9,6.6081,0.49972
669.26,1453.2,6.605,0.49976
672.84,1040.6,6.6289,0.49958
1172.7,382.41,6.6742,0.49918
500.22,712.21,6.6456,0.49946
1128,1133,6.6267,0.49955
1120.1,763.28,6.6469,0.4994
670.95,1000.8,6.6309,0.49956
403.73,545.81,6.6548,0.49941
304.14,833.53,6.6363,0.49957
2245.7,389.72,6.6789,0.49906
654.39,1492.6,6.6022,0.49979
654.29,1451.1,6.605,0.49977
1087.1,518.7,6.662,0.49928
272.47,809.53,6.6371,0.49957
1387.7,759.23,6.6483,0.49937
654.19,1519.8,6.6002,0.4998
2297.5,1294.7,6.6239,0.49949
2116.8,1341,6.6201,0.49953
673.98,1059.3,6.6277,0.49959
1969.9,1311.8,6.6207,0.49954
1987.7,433.48,6.6734,0.49913
1985.8,419.57,6.6746,0.49912
1131.2,862.83,6.641,0.49944
2072,1443.3,6.6133,0.49959
1705.7,1621.3,6.5978,0.49974
303.77,835.67,6.636,0.49957
1348.5,600.7,6.6579,0.49929
2558.3,350.79,6.6845,0.49899
2003.7,1395.9,6.6161,0.49957
639.37,1007.9,6.63,0.49957
2511.2,1073.4,6.6382,0.49935
1703.4,478.47,6.6681,0.49919
685.43,835.09,6.6398,0.49949
464.7,590.64,6.6525,0.49942
1365.9,614.43,6.6571,0.4993
851.88,1460.3,6.6053,0.49974
2100.5,1353.4,6.6191,0.49954
2296.5,376.68,6.6798,0.49905
281.87,914.65,6.6313,0.49961
2054.5,517.8,6.6672,0.49917
870.06,729.55,6.6467,0.49942
641.32,1048.3,6.6278,0.49959
1117.2,526.33,6.6616,0.49928
1613.8,865.15,6.6436,0.49939
856.64,1038.8,6.6297,0.49955
490.37,949.82,6.6314,0.49958
669.79,1463.5,6.6038,0.49977
1334.4,1422.1,6.6104,0.49967
2033.3,1263.8,6.6241,0.49951
2570.9,359.88,6.6832,0.49899
1134.4,1122.1,6.6269,0.49955
1866.5,433.25,6.6725,0.49914
292.72,925.2,6.6307,0.49961
670.61,980.6,6.6315,0.49956
312.2,821.13,6.6367,0.49956
1329.4,1261.1,6.62,0.49959
449.61,968.05,6.63,0.49959
655.16,1480.1,6.6025,0.49978
1967.1,422.33,6.6739,0.49912
2054.5,1019.3,6.6373,0.4994
670.41,1465.1,6.6036,0.49977
852.62,1458.9,6.6052,0.49974
2607.6,341.57,6.6853,0.49897
298.67,830.9,6.6358,0.49957
2140.2,396.27,6.6767,0.49909
313.44,845.94,6.6353,0.49957
629.66,1042.7,6.6276,0.49959
643.88,1412.7,6.6067,0.49975
1127.2,1192.4,6.6226,0.49959
659.93,1055.2,6.6272,0.49959
2232.6,1012.4,6.6387,0.49938
281.6,901.58,6.6316,0.49961
2103.5,1296.3,6.6221,0.49952
864.17,622.74,6.6534,0.49937
2005,1395,6.6156,0.49958
323.28,1403.5,6.6049,0.49981
2377.3,375.08,6.6803,0.49904
856.92,1484.5,6.6029,0.49976
1343.2,1447.8,6.6084,0.49968
281.92,917.64,6.6307,0.49962
347.9,1372.7,6.6067,0.49979
1393.9,1093.2,6.6291,0.49952
2034.5,1391.7,6.6156,0.49958
1137.3,875.55,6.6398,0.49945
645.24,1509.4,6.6001,0.4998
303.47,819.73,6.6363,0.49957
1128.8,1117.3,6.6266,0.49955
2521.7,355.36,6.683,0.499
463.97,797.37,6.6392,0.49952
833.67,610.99,6.6537,0.49937
280.27,865.04,6.6333,0.4996
454.71,566.51,6.6532,0.49941
1680.8,492.07,6.6664,0.4992
1127.1,773.18,6.6455,0.49941
645.55,1491.2,6.6012,0.4998
1107.7,1438.6,6.6075,0.49971
311.82,841.86,6.635,0.49958
2572.5,360.57,6.6826,0.499
1105.9,788.62,6.6443,0.49942
2221,1298.4,6.6224,0.49951
2094.2,1383.7,6.6162,0.49957
837.6,617.49,6.653,0.49937
1049.8,523.32,6.6603,0.4993
280.76,920.42,6.6303,0.49962
1887.9,432.01,6.6721,0.49915
1140.1,1151,6.6245,0.49957
2199.3,1050.4,6.6357,0.4994
670.75,1482.5,6.6018,0.49979
1113.2,1144.7,6.6247,0.49957
2353.9,1522.8,6.6085,0.4996
645.77,1462.6,6.603,0.49978
281.2,936.9,6.6296,0.49963
2197.6,397.9,6.6766,0.49908
657.86,995.85,6.6299,0.49957
858.28,1096.8,6.6258,0.49958
2207.7,410.19,6.6755,0.49909
1111.1,1205.4,6.6213,0.4996
881.03,1015.5,6.6305,0.49954
2685.7,328.03,6.6866,0.49895
1124.8,855.55,6.6404,0.49945
517.05,715.57,6.6439,0.49948
2510,1090.6,6.6358,0.49937
2482.1,1153.4,6.6324,0.4994
670.76,1492,6.601,0.49979
474.77,843.89,6.6363,0.49954
318.22,923.23,6.6301,0.49961
348.81,1513.2,6.5971,0.49987
2160.9,1253.9,6.6242,0.4995
2021.9,1261.8,6.6231,0.49952
1256.2,405.37,6.6708,0.4992
445.96,637.98,6.6481,0.49945
886.43,738.11,6.6453,0.49943
418.52,651.67,6.647,0.49946
1128.6,1080.1,6.6281,0.49954
873.33,1003.1,6.6308,0.49954
2205.7,1256.5,6.6244,0.49949
452.06,812.82,6.6378,0.49953
883.73,1445.5,6.6054,0.49974
1140.1,1101.4,6.6269,0.49955
394.61,628.21,6.6477,0.49946
2115.4,1342.2,6.6187,0.49954
512.2,707.08,6.6446,0.49947
2215.7,981.23,6.6392,0.49938
632.79,917.25,6.6336,0.49954
278.67,816.1,6.6354,0.49958
1393.5,1112.9,6.6273,0.49953
312.54,1365.9,6.606,0.4998
1341.5,770.99,6.6458,0.49939
292.43,935.17,6.6294,0.49963
1917.6,1394.8,6.6139,0.4996
2106,401.2,6.6752,0.4991
393.83,626.21,6.6479,0.49946
2117.1,1321.2,6.6197,0.49954
2481.9,362.98,6.6813,0.49902
312.75,973.52,6.6273,0.49964
1123.9,826.73,6.6417,0.49944
2610.4,343.45,6.6841,0.49898
1257.2,404.67,6.6705,0.4992
641.66,1032.7,6.6273,0.49959
301.85,866.41,6.6328,0.4996
646.26,1518.5,6.5986,0.49982
314.98,1397.1,6.6041,0.49982
311.97,972.14,6.6273,0.49964
2411,371.65,6.6798,0.49904
1869.2,578.36,6.6604,0.49924
2395.7,1499.9,6.6103,0.49959
677.61,1003.3,6.6287,0.49958
2599.1,344.67,6.6837,0.49899
2563,350.42,6.6829,0.499
1348.7,1418.9,6.6093,0.49967
458.74,674.9,6.6456,0.49947
644.87,1390.9,6.6069,0.49975
1139.9,1180.6,6.6222,0.49959
1909.7,430.75,6.6716,0.49915
1107.2,806.15,6.6425,0.49943
452.97,965.72,6.6287,0.4996
2342.7,1544.5,6.6061,0.49962
2425.3,362.54,6.6803,0.49903
864.55,725.64,6.6457,0.49943
870.6,727.2,6.6458,0.49943
666.35,931.85,6.6326,0.49955
1127.7,541.8,6.6593,0.4993
457.54,209.18,6.6859,0.49916
1575.8,898.21,6.64,0.49942
310.26,737.06,6.6399,0.49954
696.2,1075.8,6.6247,0.49961
1108.7,836.15,6.6407,0.49945
679.69,1043,6.6263,0.49959
2725.8,1043.4,6.6405,0.49931
2268,390.5,6.6769,0.49908
879.47,1024,6.6289,0.49956
1950.2,427.31,6.6719,0.49914
2439.8,360.81,6.6805,0.49903
1088.4,1527.2,6.6002,0.49976
1304.4,610.29,6.6552,0.49932
2177.4,1249.2,6.6243,0.4995
494.74,985.33,6.6278,0.4996
346.7,1331.1,6.6075,0.49979
887.13,993.35,6.6306,0.49954
1125.8,744.93,6.646,0.4994
286.6,855.88,6.6328,0.4996
857.21,599.42,6.6532,0.49937
660.94,1040,6.6266,0.49959
2089.1,404.19,6.6743,0.49911
1276.7,323.03,6.6777,0.49914
852.46,693.39,6.6469,0.49942
671.8,1509.8,6.5989,0.49981
1109.9,867.35,6.6387,0.49946
2505.5,1143.7,6.6324,0.4994
2498.4,360.85,6.681,0.49902
2040.6,1267.1,6.6223,0.49952
1550.7,900.84,6.6394,0.49942
610.66,617.82,6.65,0.49942
1103.5,739.9,6.6459,0.49941
313.28,768,6.6379,0.49955
300.04,820.59,6.6347,0.49958
1644.1,848.88,6.6423,0.49939
848.49,1519.5,6.5992,0.49979
2234.6,387.47,6.6764,0.49908
582.3,810.08,6.6383,0.49951
1286.7,1433.8,6.6075,0.49969
672.63,1508.5,6.5989,0.49981
1348.2,1105.8,6.6266,0.49954
281.44,869.48,6.6317,0.49961
1289.9,1455,6.6064,0.4997
843.92,717.48,6.6456,0.49943
334.5,1344,6.6066,0.4998
2127.5,1258.8,6.6225,0.49951
647.61,1482.4,6.6004,0.4998
789.79,406.4,6.6668,0.49927
336.84,1497.3,6.5972,0.49987
2117.6,1241.5,6.6234,0.49951
1128.6,1166.5,6.6223,0.49959
289.95,812.45,6.6348,0.49958
2657.6,335.5,6.6845,0.49897
1092.9,1438.4,6.606,0.49972
2208.7,1255.8,6.6231,0.4995
1347.1,1142.8,6.6244,0.49956
2760.5,314.45,6.6876,0.49893
1106.4,778.08,6.6434,0.49942
2053.8,1260.3,6.6222,0.49952
1698.3,1466.2,6.6074,0.49966
312.62,827.76,6.6343,0.49958
672.96,1493.7,6.5998,0.4998
2101.9,1143.5,6.6287,0.49947
1128.2,1047,6.6294,0.49953
1638.1,811.4,6.6445,0.49938
1329.1,1436.9,6.6073,0.49969
641.19,628.53,6.6494,0.49942
644.92,992.18,6.6282,0.49958
2119.1,1322.8,6.6187,0.49954
672.55,1381.7,6.607,0.49975
295.88,927.21,6.6285,0.49963
2397.1,388.3,6.6772,0.49906
1128.5,1179.4,6.6214,0.49959
853.44,1471.8,6.6023,0.49977
1137.3,833.41,6.6403,0.49945
2366.2,371.57,6.6784,0.49906
436.76,253.75,6.6788,0.49921
2484.5,355.76,6.6807,0.49903
673.26,1481.6,6.6005,0.4998
1379.9,636.59,6.653,0.49933
2512.9,359.54,6.6808,0.49902
877.51,1158.2,6.621,0.49962
2398.3,374.99,6.6785,0.49905
1848.6,1228.7,6.6229,0.49953
2027.1,1395,6.6137,0.49959
870.91,702.66,6.646,0.49942
1112.7,1205,6.6198,0.49961
277.74,821.66,6.634,0.49959
1138.7,863.35,6.6386,0.49946
1334,1299.4,6.6152,0.49963
1609.8,852.53,6.6417,0.4994
1125.5,844.71,6.6395,0.49945
647.96,1453.5,6.602,0.49979
388.3,547.43,6.6524,0.49943
886.01,737.05,6.6438,0.49944
859.22,1064,6.6259,0.49958
280.29,872.08,6.6312,0.49961
2013.2,1325,6.6175,0.49956
2246.5,1290.3,6.6212,0.49951
840.98,607.79,6.6518,0.49938
861.17,1148.2,6.6213,0.49962
672.83,1155.4,6.6198,0.49965
2151.6,1256.3,6.6223,0.49951
292.2,905.7,6.6295,0.49962
2648.2,338.03,6.6837,0.49898
677.24,1452.5,6.602,0.49979
681.3,1541,6.5959,0.49983
2184,402.45,6.6744,0.4991
2704.4,1061.9,6.6377,0.49933
343.98,1376.2,6.6042,0.49981
676.57,1381.5,6.6065,0.49975
657.57,1395.4,6.6056,0.49976
1113.6,1176.5,6.6211,0.4996
853.65,1470.8,6.6019,0.49977
330.09,1514.4,6.5954,0.49989
506.45,719.6,6.6418,0.49949
2259.2,1253.1,6.6235,0.4995
1615.5,896.38,6.6392,0.49942
317.99,1370.5,6.6042,0.49982
2588.8,340.96,6.6825,0.499
2177.6,1323.1,6.6186,0.49954
653.14,1085.2,6.6228,0.49962
360.34,1537.1,6.5938,0.49989
343.2,1374.9,6.6042,0.49981
886.69,709.45,6.6452,0.49943
294.81,912.24,6.6289,0.49963
304.84,887.96,6.6303,0.49962
1380.3,967.1,6.6343,0.49948
1124.2,800.82,6.6416,0.49944
343.62,1426,6.601,0.49984
2556.2,1085.5,6.6346,0.49938
452.81,936.14,6.629,0.4996
1132.7,871.56,6.6378,0.49947
373.51,769.03,6.6375,0.49955
884.85,705.6,6.6453,0.49943
2035.2,1487,6.6074,0.49964
340.4,1500.3,6.5962,0.49988
322,1325.4,6.6065,0.4998
1934.1,422.36,6.6708,0.49915
642.15,996.76,6.6277,0.49959
317.43,1369.2,6.6042,0.49982
662.14,1025,6.6264,0.4996
288.16,873.56,6.6307,0.49962
280.21,821.2,6.6335,0.4996
1297.6,1444.4,6.6059,0.4997
310.56,889.68,6.6301,0.49962
632.63,1034.2,6.6255,0.49961
359.83,1536,6.5938,0.49989
646.88,1381.5,6.6061,0.49976
476.69,560.81,6.6515,0.49942
2113.6,1338.4,6.6168,0.49956
2538.4,1077.1,6.6353,0.49937
2013.6,413.93,6.6718,0.49914
883.38,674.49,6.647,0.49941
275.68,800.23,6.6344,0.49959
660.52,636.51,6.6478,0.49943
302.18,817.89,6.6338,0.49959
1539.1,1226.6,6.6203,0.49957
421.59,566.38,6.6504,0.49944
2539.8,349.02,6.681,0.49902
2103.3,1377.3,6.6142,0.49958
672.71,917.73,6.6316,0.49955
877.77,1126,6.6221,0.49961
457.36,1001,6.6253,0.49963
355.49,1404.5,6.6024,0.49983
309.93,876.01,6.6307,0.49961
313.06,830.81,6.6332,0.49959
1113.9,1164.2,6.6213,0.4996
2167.1,396.89,6.674,0.49911
843.74,687.53,6.6463,0.49942
858.1,587.16,6.6526,0.49937
1133.9,756.04,6.6439,0.49942
638.81,1079.8,6.6226,0.49963
282.42,899.02,6.6291,0.49963
673.66,1395,6.6052,0.49976
319.27,850.42,6.6321,0.4996
871.2,1460.2,6.6023,0.49977
877.82,1112.8,6.6226,0.49961
304.08,865.56,6.6311,0.49961
333.56,1424.8,6.6006,0.49984
2219.9,1254.3,6.6228,0.4995
1138,463.37,6.6633,0.49927
1106.4,764,6.6432,0.49943
352.94,1511.9,6.595,0.49988
352.12,1500.8,6.5958,0.49988
674.46,1396.6,6.605,0.49976
481.68,608.75,6.648,0.49945
482.76,829.62,6.6348,0.49955
433.83,592.26,6.6486,0.49945
1140.9,1170.3,6.6209,0.4996
2680.7,332.74,6.6838,0.49897
324.12,1408.7,6.602,0.49983
314.12,845.23,6.6321,0.4996
679.01,1538.9,6.5955,0.49984
798.07,413.32,6.6645,0.49928
1114.7,1135.4,6.6227,0.49959
1809.2,549.96,6.66,0.49925
841.65,718.15,6.6443,0.49944
1641.4,895.02,6.6387,0.49942
1141.4,1141.9,6.6224,0.49959
878.6,1146.5,6.6206,0.49962
2509.6,1106.9,6.6328,0.4994
1139,410.54,6.6672,0.49924
314.09,767.22,6.6366,0.49956
861.22,1081.2,6.624,0.4996
2005,1341.8,6.6154,0.49958
2033.3,421.11,6.6711,0.49914
2053.6,418.78,6.6714,0.49914
1141.7,1125,6.6233,0.49958
1334.7,645.04,6.6511,0.49935
2359.4,1533.3,6.6051,0.49963
288.19,860.5,6.6308,0.49961
878.97,1450.8,6.6029,0.49976
421.53,212.74,6.6834,0.49918
1113.7,1193.7,6.6193,0.49961
318.71,1353.6,6.6051,0.49981
644.59,999.83,6.6269,0.49959
674.02,1384.2,6.6055,0.49976
2260.5,536.69,6.6634,0.49918
336.78,1342.9,6.6052,0.49981
840.18,686.15,6.646,0.49943
307.58,892.9,6.6294,0.49962
1125.6,817.45,6.6399,0.49945
1955.4,421.25,6.6703,0.49915
2032.6,1512.5,6.605,0.49966
291.48,909.94,6.6281,0.49963
659.89,1505.8,6.5976,0.49982
2357.6,1497.3,6.6078,0.49961
1438.3,675.53,6.6499,0.49935
2672.1,334.85,6.6832,0.49898
2474.4,359.2,6.6789,0.49904
308.68,938.69,6.6268,0.49964
458.4,573.11,6.6499,0.49944
642.48,619.7,6.6485,0.49943
352.76,1502.6,6.5953,0.49988
455.89,701.02,6.6417,0.4995
664.1,959.18,6.629,0.49958
857.7,985.83,6.6289,0.49956
1140.4,1199.2,6.6189,0.49961
1997.7,1317.2,6.6165,0.49957
1334,629.99,6.6517,0.49934
313.55,927.41,6.6273,0.49964
2134.1,1074.6,6.6314,0.49944
2137.3,947.9,6.6382,0.49939
679.55,1071.5,6.6232,0.49962
317.2,959.33,6.6263,0.49964
355.54,1515.9,6.5945,0.49989
1124.6,788.76,6.6413,0.49944
2355.1,375.2,6.6765,0.49907
851.46,1508.1,6.5983,0.4998
356.84,1518.6,6.5943,0.49989
290.22,876.36,6.6297,0.49962
856.56,729.72,6.6427,0.49945
2739.9,1007.9,6.6404,0.4993
464.94,600.29,6.6476,0.49945
345.5,1428.5,6.5999,0.49985
662.84,989.51,6.6275,0.49959
871.16,1526.9,6.5972,0.49981
2186.9,395.75,6.6735,0.49911
641.74,597.51,6.6497,0.49942
858.11,984.3,6.6288,0.49956
476.64,627.47,6.6464,0.49946
877.27,1058.7,6.6249,0.49959
852.98,1495.8,6.599,0.49979
288.34,827.35,6.6322,0.4996
336.8,1329.1,6.6057,0.4998
853.9,1484.5,6.5998,0.49979
2035.4,413.29,6.671,0.49914
334.6,1450.9,6.5986,0.49986
1136.4,778.08,6.6417,0.49944
2502.8,355.72,6.6791,0.49904
2701.5,1115.3,6.6339,0.49936
342.66,1515.1,6.5942,0.49989
266.74,593.37,6.6457,0.4995
1804.8,553.54,6.6592,0.49925
331.27,1497.2,6.5952,0.49989
650.09,1433.9,6.6017,0.49979
2002.2,1470.8,6.6074,0.49964
2258,1203.7,6.6244,0.49949
865.98,1398.7,6.605,0.49974
2150.9,408.5,6.6722,0.49912
685.44,1307.8,6.6093,0.49973
1345.4,1148.3,6.6221,0.49957
1774.3,1416.6,6.6096,0.49964
311.09,474.23,6.6545,0.49942
1381.2,624.52,6.6519,0.49934
1412.1,959.85,6.6327,0.49949
333.97,1422.3,6.6,0.49985
1763.2,1415.3,6.6094,0.49964
476.21,717.82,6.6402,0.49951
1987.1,1344.8,6.6144,0.49959
2257.9,387.59,6.6743,0.4991
1205.6,593.95,6.6533,0.49934
2221.7,1229.4,6.6226,0.49951
2720.7,318.96,6.6844,0.49896
1579.7,1485.7,6.6033,0.4997
878.44,1430.1,6.6032,0.49976
1471,1520.9,6.6003,0.49974
1297.1,394.63,6.6685,0.49921
1130.9,1072,6.6253,0.49956
887.21,681.1,6.6454,0.49943
2036.8,1377.7,6.6125,0.4996
863.35,1116.7,6.6213,0.49962
1332.8,979.11,6.6318,0.4995
2703.6,1081.5,6.6354,0.49935
1875.6,581.46,6.6574,0.49926
537.99,704.72,6.6416,0.49949
851.62,1509.4,6.5976,0.4998
315.35,942.21,6.6259,0.49965
460.09,843.96,6.6328,0.49957
446.11,902.83,6.6293,0.4996
1629.5,799.29,6.6435,0.49939
776.67,549.09,6.6534,0.49937
686.19,1306.7,6.6091,0.49973
2682.1,326.81,6.683,0.49898
309.06,938.26,6.626,0.49965
2755.8,311.46,6.6853,0.49895
854.08,666.46,6.6459,0.49943
2699.3,343.18,6.6816,0.49899
661.07,1522.3,6.5956,0.49984
1962.5,1027,6.6322,0.49945
1335.8,1284.2,6.6141,0.49964
746.17,1208.2,6.615,0.49968
872.77,700.88,6.6444,0.49944
282.08,851.96,6.6303,0.49962
1300.8,1430.2,6.6053,0.49971
2741.1,321.97,6.6843,0.49896
1382.3,1272.9,6.615,0.49963
2225.9,1249.8,6.6214,0.49951
373.62,1535.9,6.5924,0.4999
662.74,1153.3,6.6178,0.49966
663.43,914.57,6.6302,0.49957
326.68,951.82,6.6254,0.49965
1642.9,871.72,6.6388,0.49942
661.63,1468.6,6.5992,0.49981
2067.4,523.03,6.6621,0.49921
1077.9,1572.5,6.594,0.49981
340.26,1463.7,6.5969,0.49987
2204.8,947.24,6.6375,0.49939
902.75,967.58,6.6293,0.49955
331.27,1464.8,6.5966,0.49987
356.36,1496.6,6.595,0.49988
317.06,1357.8,6.6035,0.49982
409.44,586.18,6.6473,0.49946
2388.2,371.91,6.6761,0.49907
667.81,919.85,6.6302,0.49957
336.27,1510.6,6.5936,0.4999
332.37,1474.5,6.596,0.49988
266,590.13,6.6454,0.49951
877.08,994.15,6.6276,0.49957
872.49,675.73,6.6452,0.49943
2774.7,314.52,6.6852,0.49895
294.4,929.34,6.626,0.49965
2189.7,968.72,6.6361,0.4994
307.48,869.22,6.6295,0.49962
525.62,282.28,6.6741,0.49924
634.92,906.16,6.6306,0.49957
2286.8,1235.5,6.6222,0.4995
1334.2,616.51,6.6515,0.49934
1378.6,1291.8,6.6136,0.49964
2131.4,1277.2,6.619,0.49954
655.86,1404.8,6.6033,0.49978
1303.2,296.53,6.6773,0.49915
2288.2,1294.9,6.6187,0.49953
408.92,610.34,6.6455,0.49948
889.31,1412.2,6.6038,0.49975
355.94,1498.3,6.5946,0.49989
336.06,1512.3,6.5934,0.4999
304.7,821.47,6.6318,0.4996
1560.8,1119.3,6.6252,0.49954
2342.2,378.16,6.675,0.49908
1380,1290.1,6.6136,0.49964
309.21,922.56,6.6264,0.49964
1139.5,824.6,6.6383,0.49946
866.76,699.79,6.644,0.49944
353.65,1429.6,6.5989,0.49985
2107,1101.3,6.6282,0.49947
884.9,1471.1,6.5999,0.49978
2293.5,384.21,6.6742,0.4991
346.16,1513,6.5934,0.4999
2386,1483.1,6.6075,0.49961
572.46,826.94,6.635,0.49954
2490,1053.9,6.6341,0.49939
553.46,1328.6,6.6067,0.49976
1836.3,1399.6,6.6098,0.49964
1922.9,556.1,6.6596,0.49924
2136,1151.2,6.6259,0.49949
625.2,1137.6,6.618,0.49967
870.12,671.65,6.6453,0.49943
865.26,629.84,6.6479,0.49941
2252.6,1177.1,6.625,0.49948
1342.8,1433.1,6.6049,0.49971
355.87,1439.2,6.5979,0.49986
2557.5,348.86,6.6792,0.49903
2490.4,1050.3,6.6342,0.49939
339.98,1327,6.6049,0.49981
1798.1,1456.1,6.606,0.49967
882.2,1145.6,6.6192,0.49963
431.61,250.37,6.677,0.49923
2194.7,1040.7,6.632,0.49943
1139.2,809.41,6.639,0.49946
2506.6,1108.9,6.6311,0.49941
1334.8,1408.4,6.6064,0.4997
1366.2,935.03,6.633,0.49949
662.28,1449.8,6.6,0.4998
879.45,1517.2,6.5966,0.49981
1962.9,1028.1,6.6316,0.49946
461.93,852.04,6.6319,0.49958
2242.2,457.87,6.6679,0.49915
1851.4,503.05,6.6622,0.49922
663.47,610.59,6.6474,0.49943
1333.9,1286.9,6.6133,0.49964
661.19,1379.5,6.6043,0.49977
464.22,1101.2,6.6184,0.49968
2175.7,994,6.6343,0.49942
1335,1444,6.6044,0.49971
313.1,894.69,6.6277,0.49963
645.86,656.57,6.6448,0.49945
573.2,834.46,6.6342,0.49955
477.6,563.99,6.6492,0.49944
1582.8,540.43,6.6579,0.49928
2751.3,319.95,6.684,0.49896
331.35,1478.6,6.5954,0.49988
1281.6,328.89,6.6739,0.49917
2652.3,333.29,6.6814,0.499
1877.2,1398.6,6.6099,0.49963
662.57,1478,6.598,0.49982
2534.3,1109,6.6313,0.49941
1310.4,321.88,6.6744,0.49917
320.52,835.88,6.631,0.49961
1331.6,1303.6,6.6122,0.49965
2224.5,499.82,6.6649,0.49917
1726,1490.7,6.6027,0.4997
339,1331.9,6.6043,0.49981
2112.5,1327.3,6.6154,0.49957
339.11,1305,6.606,0.4998
846.47,1470.3,6.5994,0.49979
892.5,1460.5,6.6,0.49978
335.42,1499.7,6.5939,0.4999
876.85,1412.8,6.6034,0.49976
845.21,1485.9,6.5983,0.4998
346.26,1502,6.5938,0.49989
2546.3,359.24,6.6782,0.49904
1033.5,530.41,6.6554,0.49934
880.25,1095.2,6.6216,0.49961
668.29,1067.4,6.6218,0.49963
2716.1,327.98,6.6827,0.49898
2055.3,1341,6.6139,0.49959
2734.4,324.38,6.6832,0.49897
426.03,675.12,6.6409,0.49951
662.17,1399.7,6.6029,0.49978
1119.2,1439.5,6.6029,0.49974
1141.3,854.82,6.6361,0.49948
843.46,597.26,6.6496,0.4994
449.46,900.42,6.6286,0.4996
2277.6,386.61,6.6733,0.4991
2022.3,1387.3,6.6107,0.49961
729.76,1230.2,6.6128,0.4997
2203.6,1246.1,6.6206,0.49952
345.45,1333.9,6.604,0.49981
323.02,852.29,6.6298,0.49962
1985.8,1342,6.6134,0.4996
1330.4,1154.5,6.6212,0.49958
1384.4,1256.6,6.615,0.49963
310.87,900.15,6.6273,0.49964
448.89,716.98,6.6389,0.49952
1112,1416,6.6042,0.49973
339.54,1326.1,6.6044,0.49981
371.16,1536.8,6.5914,0.49991
1090.4,1454.1,6.6017,0.49975
1137.4,1162.8,6.6193,0.49961
897.4,1400.6,6.6037,0.49975
294.61,928.65,6.6253,0.49966
1390.9,405.87,6.6667,0.49922
886.36,1461.8,6.5999,0.49978
682.7,1100.3,6.6195,0.49965
2642.8,335.33,6.6807,0.499
860.93,1412.2,6.603,0.49976
268.49,599.34,6.6438,0.49952
341.01,1322.3,6.6047,0.49981
410.26,621.48,6.6443,0.49949
661.13,1473.3,6.598,0.49982
1612.8,871.27,6.6375,0.49943
880.39,1082.1,6.622,0.49961
879.93,1517.7,6.596,0.49981
356.61,1498.4,6.5938,0.49989
847.68,1461.1,6.5996,0.49979
302.78,766.4,6.6343,0.49959
2136.1,404.01,6.6707,0.49914
1136.8,1191.7,6.6176,0.49962
1144.1,1089.7,6.6231,0.49958
1096.5,1424.7,6.6034,0.49974
325.59,903.68,6.6269,0.49964
883.18,1494.5,6.5976,0.4998
1802.4,557.85,6.6571,0.49927
877.38,1411.6,6.603,0.49976
302.31,557.56,6.6466,0.49949
274.79,448.64,6.6543,0.49943
844.87,1494.7,6.5973,0.49981
882.9,1495.4,6.5975,0.4998
363.11,1502.8,6.5934,0.49989
333.98,1476.2,6.595,0.49989
2146.2,1291,6.617,0.49956
1281.7,1447.4,6.6029,0.49973
323.64,1405.7,6.5997,0.49985
464.88,1097.3,6.6181,0.49968
663.71,1495.5,6.5962,0.49983
329.49,1425.8,6.5981,0.49986
313.29,945.76,6.6245,0.49966
508.98,722.84,6.6387,0.49952
294.16,914.87,6.6257,0.49965
435.7,204.93,6.6823,0.49919
890.79,1402,6.6035,0.49975
2407.1,370.77,6.6752,0.49908
536.53,655.71,6.6432,0.49948
1815.2,544.94,6.6582,0.49926
1099,1525.7,6.5963,0.49979
599.18,1136.8,6.6166,0.49968
706.77,367.76,6.6656,0.49928
881.33,1508.4,6.5964,0.49981
1333.2,928.67,6.633,0.49949
1015.2,1348.6,6.6078,0.49971
1378.5,1145.6,6.6214,0.49958
540.11,646.55,6.644,0.49947
883.78,1422.4,6.6024,0.49976
2701.8,1092.4,6.6327,0.49937
304.7,620.5,6.6424,0.49952
632.28,627.75,6.6452,0.49945
851.69,948.8,6.6287,0.49956
913.42,1183.9,6.6161,0.49965
2172.1,1287.4,6.6172,0.49955
1643.3,514.43,6.659,0.49926
646.56,993.94,6.6249,0.49961
2328.4,381.26,6.6736,0.4991
433.85,678.59,6.6406,0.49951
676.4,1121,6.6182,0.49966
1585.5,1444.8,6.6044,0.4997
2466.6,362.89,6.6762,0.49906
323.59,729.84,6.6358,0.49957
340.7,1476.6,6.5947,0.49989
2733.8,318.37,6.6828,0.49897
1139.7,797.36,6.6387,0.49946
344.77,1477.3,6.5947,0.49989
901.08,998.08,6.6259,0.49958
336.85,1438.8,6.5971,0.49987
299.77,672.99,6.6389,0.49955
886.3,1139.1,6.6182,0.49964
886.13,1471.9,6.5988,0.49979
1414.1,944.03,6.6317,0.49949
1412.3,408.95,6.666,0.49923
1544.8,1167.1,6.6207,0.49957
1528.5,1517.8,6.5991,0.49974
1316.4,604.66,6.6516,0.49935
341.66,1437.6,6.5971,0.49987
684.32,1081.7,6.6202,0.49964
424.51,570.8,6.6471,0.49946
1156.7,1052.1,6.6247,0.49957
881.78,1506.9,6.5963,0.49981
1116.2,1165.4,6.6183,0.49962
1130.6,526.67,6.6551,0.49933
303.95,970.91,6.6225,0.49968
539.17,660.78,6.6425,0.49948
668.81,946.74,6.6277,0.49959
1981.5,961.36,6.6341,0.49943
663.22,608.11,6.6465,0.49944
393.89,771.19,6.6346,0.49957
365.73,1456.9,6.5964,0.49987
332.24,1343.8,6.6027,0.49983
343.38,1489.2,6.5941,0.49989
1855.4,507.08,6.6609,0.49923
339.63,1229.2,6.609,0.49978
878.87,1399.8,6.6033,0.49976
2181.3,1215.9,6.6211,0.49952
2049.2,1454.3,6.6058,0.49965
533.53,650.99,6.6429,0.49948
332.74,1341.7,6.6027,0.49983
843.18,1517.5,6.5951,0.49982
354.94,1031,6.6199,0.49969
1521.2,1515.6,6.5993,0.49974
1911.1,1396.3,6.6092,0.49964
341.5,1439.8,6.5969,0.49987
844.28,1509.1,6.5957,0.49982
2069.1,1277,6.6169,0.49956
2573.5,348.3,6.6781,0.49903
338.75,1501.2,6.5928,0.4999
452,625.85,6.6437,0.49949
1101.4,1475.4,6.5994,0.49977
2312.8,1535.6,6.6017,0.49966
311.18,926.89,6.6248,0.49966
2452.8,363.15,6.6758,0.49907
1141.2,1138.4,6.6194,0.49961
1383.5,612.82,6.6504,0.49935
1526.3,1484.8,6.6006,0.49973
492.89,655.84,6.6417,0.4995
365.68,1511.7,6.5922,0.4999
1098.3,1415.1,6.6033,0.49974
2007.8,1378,6.6105,0.49962
852.17,1477.4,6.5981,0.4998
1350.2,1404.5,6.6053,0.4997
631.61,625.07,6.6448,0.49945
657.83,541.92,6.651,0.4994
346.31,1475.3,6.5944,0.49989
874,1471.9,6.5983,0.4998
2538,1047.9,6.6333,0.49939
715.51,1250,6.6109,0.49971
1893.4,1323.6,6.6133,0.4996
868.09,578.09,6.6496,0.4994
1354.5,994.47,6.6282,0.49953
2690.9,1022.2,6.6362,0.49935
311.94,920.29,6.625,0.49966
1809.8,459.37,6.6637,0.49922
1957,1511.8,6.6018,0.49969
891.39,1413.2,6.6022,0.49976
1289.9,297.63,6.6754,0.49916
1146.3,403.77,6.6649,0.49925
1409.2,1134.9,6.6208,0.49958
1401.2,983.74,6.629,0.49952
1364.2,1127.4,6.621,0.49958
914.95,1039.5,6.6233,0.4996
2151.1,1328.7,6.614,0.49958
861.42,969.33,6.627,0.49957
434.7,630.87,6.6429,0.49949
714.42,1553.3,6.5915,0.49986
423.43,252.34,6.6747,0.49925
485.61,570.6,6.647,0.49946
2634,338.24,6.6793,0.49902
2246.6,461.9,6.6662,0.49916
2762.4,319.44,6.6828,0.49897
656.38,666.97,6.643,0.49947
1796,1437.1,6.6051,0.49968
463.28,1056.7,6.6193,0.49968
2510.1,1093.2,6.6302,0.49942
1562.6,810.5,6.6402,0.49942
304.74,297.32,6.6677,0.49932
1118.7,1083.1,6.6223,0.49959
666.81,1417.2,6.6002,0.4998
1289.1,1419.2,6.6038,0.49972
1088.6,1455,6.6005,0.49976
886.17,1071.3,6.6212,0.49962
333.35,509.87,6.6496,0.49946
2201.1,1276.8,6.6172,0.49955
2623.1,340.15,6.6789,0.49902
549.85,665.56,6.6415,0.49949
863.39,1398.7,6.6027,0.49976
334.8,1462.9,6.5949,0.49989
608.46,674.64,6.6416,0.49948
2561.2,421.45,6.6718,0.49909
643.79,477.83,6.6549,0.49938
323.63,881.54,6.6271,0.49964
1508.5,1516.6,6.5984,0.49975
2248.7,469.2,6.6657,0.49917
1459.7,1517.2,6.5983,0.49975
2611.7,342.06,6.6785,0.49903
2082.4,411.69,6.6686,0.49916
1368.3,955.46,6.6301,0.49951
1195.9,400.62,6.665,0.49925
888.04,1460,6.5988,0.49979
1094.3,1523.5,6.5957,0.4998
1487.4,1480,6.6007,0.49973
1141.4,1168,6.6173,0.49963
1106.7,1453.3,6.6004,0.49976
1953.1,1449.7,6.6049,0.49967
467.38,1101.4,6.6167,0.49969
1649.3,880.07,6.6356,0.49945
1111.6,1458.3,6.6003,0.49976
289.48,782.25,6.6319,0.49961
341.93,1474.8,6.594,0.49989
333.26,1459.9,6.595,0.49989
2019.2,1482.6,6.6034,0.49967
2168.4,998.76,6.6325,0.49943
481.22,586.68,6.6459,0.49946
372.67,1613.3,6.5846,0.49996
550.44,725.99,6.6375,0.49952
2503.8,1122.7,6.6279,0.49944
892.52,1083.6,6.6206,0.49962
446.61,833.61,6.6306,0.49959
325.93,907.4,6.6255,0.49965
889.21,1506.7,6.5952,0.49982
1126.8,740.51,6.6409,0.49944
2155,1244.5,6.6191,0.49954
312.8,920.96,6.6246,0.49966
1989.5,1299.5,6.6147,0.49959
314.45,728.32,6.6352,0.49957
1885.2,433.29,6.6655,0.4992
341.44,1228.6,6.6085,0.49978
1360,400.88,6.6658,0.49923
2160.3,1162.5,6.6232,0.49951
1675.5,1456.8,6.6036,0.4997
328.31,903.41,6.6256,0.49965
664.67,1500.4,6.5948,0.49984
1316.1,322.42,6.6726,0.49918
629.54,1038.8,6.6214,0.49964
304.07,559.96,6.6452,0.4995
332.34,1328.1,6.6028,0.49983
528.22,1111.7,6.6166,0.49969
2657.2,332.81,6.6797,0.49901
1052.8,532.48,6.6535,0.49935
1136.2,815.96,6.6367,0.49947
349.95,1345.8,6.6018,0.49983
894.14,1163.4,6.6162,0.49965
884.37,1080.3,6.6207,0.49962
1466,1486.3,6.5995,0.49974
1111.5,1455.7,6.6003,0.49976
2705.6,344.7,6.679,0.49901
669.87,1007.4,6.623,0.49962
515.11,972.77,6.6236,0.49964
879.9,1401.3,6.6023,0.49976
363.37,1476.6,6.5939,0.49989
347.09,1512,6.5914,0.49991
2709.8,324.08,6.681,0.49899
1961.6,1420.8,6.6067,0.49965
2413.7,388.73,6.6731,0.49909
1821.6,546.29,6.657,0.49927
668.04,646.92,6.6431,0.49946
667.35,1537.8,6.5917,0.49987
1584.9,886.69,6.6346,0.49946
481.86,905.77,6.627,0.49961
887.76,1106.2,6.6189,0.49963
1115.3,1436.2,6.6014,0.49975
1924.4,429.31,6.6658,0.49919
2691.2,337.37,6.6798,0.499
349.52,1535.4,6.5897,0.49993
364.61,1491.2,6.5934,0.49989
643.25,1144.6,6.6155,0.49968
1357.2,342.55,6.6711,0.49919
1852.7,1364.8,6.6096,0.49964
322.41,899.71,6.6255,0.49965
2035.6,1375.4,6.6098,0.49962
834.94,779.66,6.6366,0.4995
691,925.06,6.6272,0.49959
351.88,1510.7,6.5914,0.49991
1636.8,865.89,6.6369,0.49944
894.22,1150.7,6.6167,0.49965
660.15,564.23,6.6486,0.49942
2138.1,944.95,6.6346,0.49942
880.47,1458.6,6.5982,0.4998
2105.6,1299.7,6.6147,0.49958
1860,515.96,6.6594,0.49925
583.36,1063.6,6.6189,0.49966
851.72,1194.1,6.6141,0.49967
2589.2,346.22,6.6774,0.49904
886.06,1484.9,6.5966,0.49981
1368.7,974,6.6286,0.49952
673.11,1045,6.6207,0.49964
346.89,1510.1,6.5912,0.49991
886.3,1483.4,6.5967,0.49981
2002,1378.4,6.6095,0.49963
2525.7,356.42,6.6758,0.49906
2564.1,348.52,6.677,0.49904
1551.2,914.52,6.633,0.49947
1337.6,1270.1,6.612,0.49965
654.42,1111.5,6.6171,0.49967
2063,415.58,6.6674,0.49917
873.04,608.21,6.6467,0.49942
789.84,1596.8,6.5877,0.49989
1670.2,1456.3,6.6032,0.4997
284.9,872.87,6.6262,0.49965
330.02,958.01,6.6224,0.49967
1090,1465.6,6.5989,0.49977
1554.8,884.86,6.6347,0.49946
879.88,629.18,6.6457,0.49942
845.43,585,6.6483,0.49941
633.34,596.67,6.6457,0.49945
2080.6,1346.8,6.6116,0.4996
2538.7,354.49,6.6761,0.49906
851.11,1192.8,6.6139,0.49968
1141.2,1196.6,6.6151,0.49964
904.75,687.46,6.6419,0.49945
906.43,719.04,6.64,0.49947
1783.2,1460.5,6.6028,0.49969
1859.2,459.44,6.6636,0.49921
2721.6,1110.7,6.6309,0.49938
1384.5,920.03,6.6321,0.49949
1112,1425.2,6.6016,0.49975
410.75,221.85,6.6783,0.49922
1905.2,431.97,6.6651,0.4992
376.9,1501,6.592,0.4999
317.02,748.5,6.6336,0.49959
1143,1230.6,6.6134,0.49966
858.71,1533.3,6.5927,0.49984
1568.5,1196.8,6.6177,0.49959
670.6,1043.5,6.6208,0.49964
887.53,992.55,6.6247,0.49959
299.83,1210.3,6.6085,0.49979
666.76,1116.8,6.6168,0.49967
1517,1501.8,6.5982,0.49975
1142.4,821.89,6.6354,0.49948
1097.6,1494.7,6.5968,0.49979
1126.4,712.01,6.642,0.49943
334.59,1435.9,6.5957,0.49988
674.74,1096.5,6.6175,0.49966
291.26,816.22,6.6292,0.49963
1794.7,464.48,6.6621,0.49923
2197.7,1276.1,6.6164,0.49956
334.37,1330.5,6.602,0.49983
885.53,1398.9,6.6017,0.49977
908.42,751.27,6.638,0.49948
1143.5,851.26,6.6337,0.4995
371.75,1037.2,6.6188,0.49969
669.59,962.62,6.625,0.49961
851.71,1500.5,6.5953,0.49982
578.64,1062.5,6.6186,0.49967
807.23,1240.8,6.6108,0.4997
1117.2,1194.6,6.6152,0.49964
895.48,779.12,6.6363,0.4995
373.77,765.23,6.6331,0.49958
371.84,1440.7,6.5957,0.49987
315.54,395,6.6574,0.4994
2509.7,1058.6,6.6309,0.49941
1928.4,1286.8,6.6144,0.49959
342.77,1464.9,6.5938,0.49989
479.89,623.01,6.6432,0.49949
905.52,1621.4,6.5862,0.49989
338.78,1426.4,6.5962,0.49988
894.64,1117.8,6.618,0.49964
1155,1199.9,6.6146,0.49965
1113.5,1474.4,6.5981,0.49978
329.39,985.16,6.6205,0.49969
316.72,350.79,6.6614,0.49937
1680.7,1625.8,6.5894,0.49981
330.61,938.03,6.623,0.49967
1582.2,882.22,6.6347,0.49946
900.13,1338.3,6.6053,0.49974
2201.6,1270.7,6.6168,0.49955
1887.8,1491.3,6.6007,0.4997
454.99,1079.6,6.6168,0.4997
452.64,977.61,6.6219,0.49966
1062,1312.5,6.6083,0.4997
467.53,557.83,6.6465,0.49946
486.07,674.53,6.6391,0.49952
684.52,1506,6.5933,0.49985
551.51,1561.5,6.5891,0.4999
2700.9,326.65,6.6798,0.499
889.71,1110.8,6.6181,0.49964
1334.1,823.16,6.6368,0.49946
503.01,959.43,6.6233,0.49964
2766,321.63,6.6814,0.49898
2821.2,647.46,6.6578,0.49915
1114,837.34,6.6345,0.49949
314.65,725.23,6.6345,0.49958
2551.6,1069.4,6.6307,0.49941
2486.2,1057.7,6.6307,0.49942
351.37,1347.9,6.6009,0.49984
400.44,583.94,6.6443,0.49949
2427.3,370.92,6.6732,0.49909
2006.6,420.95,6.6662,0.49918
1118.1,1452.8,6.5995,0.49977
1574.7,1138,6.6206,0.49957
2509.2,1051.6,6.6313,0.49941
861.78,1056.4,6.6212,0.49962
473.33,859.55,6.6289,0.4996
359.47,1427.7,6.5962,0.49987
1904.5,1206.4,6.6183,0.49956
1146.2,1073.7,6.6213,0.49959
367.27,1500.5,6.5915,0.49991
879.18,1482.4,6.5959,0.49981
2720.6,322.82,6.6803,0.499
334.37,1371.8,6.5993,0.49985
684.5,1450.1,6.5972,0.49982
1476,1457.6,6.6006,0.49973
338.6,1491.6,6.592,0.49991
1411.9,1117.2,6.6203,0.49958
2015.9,1330,6.6115,0.49961
1616.3,908.91,6.633,0.49947
2257.8,1087.6,6.627,0.49947
1968.5,1199.6,6.6189,0.49955
1139.2,846.43,6.634,0.4995
645.71,480.64,6.6534,0.49939
2747.8,317.36,6.6811,0.49898
876.47,1505.5,6.5943,0.49983
886.88,611.47,6.6459,0.49942
2772.5,311.27,6.682,0.49897
692.35,1311.5,6.6054,0.49976
2539.7,455.21,6.6673,0.49912
349.98,1313.4,6.6034,0.49982
879.98,616.76,6.6458,0.49942
2478.7,1126.2,6.6267,0.49945
894,1483,6.5957,0.49982
348.26,1499.1,6.5913,0.49991
1413.9,806.88,6.6372,0.49945
1105,1465,6.5983,0.49978
653.13,1038.4,6.6204,0.49964
873.85,1494.5,6.5951,0.49982
1611.9,529.91,6.6555,0.49929
294.58,812.93,6.6291,0.49963
479.8,449.69,6.6544,0.4994
1707.4,1430.6,6.6034,0.4997
1220.9,397.27,6.6641,0.49925
1457.2,1503.2,6.5972,0.49976
717.61,1165.7,6.6139,0.49969
603.9,1069.9,6.6179,0.49967
665.53,910.49,6.6272,0.49959
735.93,1232.8,6.61,0.49972
1139.3,1225.4,6.6128,0.49966
1334.6,1100.9,6.6214,0.49958
2484.9,1154.7,6.625,0.49946
550.39,666.29,6.64,0.4995
2053.7,1148.8,6.622,0.49952
1417,928.32,6.6304,0.4995
895.73,1131.3,6.6168,0.49965
1394.7,1288.9,6.6104,0.49966
896.08,981.06,6.6249,0.49959
1678.7,1625.8,6.5889,0.49981
2272,1085.9,6.6268,0.49947
1115.5,867.59,6.6325,0.49951
374.8,1465.5,6.5936,0.49989
348.13,1500.7,6.591,0.49992
375,1511.1,6.5905,0.49991
871.15,1516.9,6.5934,0.49984
484.84,586.17,6.6443,0.49948
1142.7,793.69,6.6363,0.49948
709.94,367.56,6.6633,0.4993
2704.9,1020.4,6.6347,0.49936
2271.3,540.25,6.6585,0.49922
1100.3,1485.4,6.5968,0.49979
288.63,908.44,6.6235,0.49967
2556.6,1097.4,6.6287,0.49942
821.47,355.94,6.6648,0.49928
2702.3,1022.7,6.6344,0.49936
2671.7,333.12,6.6784,0.49902
2371.7,1487.1,6.6036,0.49964
2035.9,1429.8,6.6055,0.49965
860.83,962.74,6.6259,0.49958
1121.1,1070.8,6.6212,0.4996
369.63,1512.5,6.5904,0.49992
328.51,888.9,6.625,0.49965
1967,1200.7,6.6184,0.49956
2529.6,1101.5,6.6282,0.49943
1120.1,1045.2,6.6228,0.49958
1401.8,826.87,6.6358,0.49946
1586.5,863.97,6.6347,0.49946
337.27,1375.5,6.5986,0.49986
1084.5,1494,6.596,0.4998
2704.9,1026.7,6.634,0.49936
2220.4,1249.7,6.6172,0.49955
374.23,1502,6.591,0.49991
1139.9,817.15,6.6348,0.49949
334.48,1423.8,6.5957,0.49988
688.23,1510.6,6.5926,0.49986
329.65,933.28,6.6227,0.49967
1650.3,1463.7,6.6011,0.49972
2781.5,309.57,6.6819,0.49897
906.42,1620.1,6.5855,0.49989
2563.4,416,6.6703,0.4991
293.13,815.79,6.6284,0.49963
459.66,630.39,6.6409,0.49951
678.06,1309.4,6.6052,0.49976
1305.1,1414.4,6.6024,0.49973
689.51,1141,6.6144,0.49969
874.48,1529.8,6.5922,0.49984
2477.1,1137.6,6.6256,0.49946
767.18,1601.5,6.5864,0.4999
659.72,1065.7,6.6181,0.49966
1246.3,1586.4,6.5899,0.49983
2555.1,1114.9,6.6276,0.49943
651.03,1125.4,6.6149,0.49969
2210.2,1231.2,6.6183,0.49954
1089.4,1473.7,6.5973,0.49979
1103.8,1512.9,6.5947,0.49981
2043.8,1452.3,6.6036,0.49967
1116.6,1188.4,6.6147,0.49965
2309.2,1167.9,6.6224,0.4995
1944.2,1244,6.6156,0.49958
1845.3,447.41,6.6628,0.49922
1097,1520.2,6.5943,0.49981
2534.9,1050.7,6.6308,0.49941
454.62,1054.3,6.6173,0.49969
1389.2,405.82,6.6638,0.49925
2236.1,395.49,6.6691,0.49914
1518,575.12,6.6517,0.49933
377.56,715.3,6.6348,0.49957
2723.9,1017.9,6.6347,0.49935
1148.1,1079.2,6.6207,0.4996
2740.2,317.64,6.6804,0.49899
2182.2,955.34,6.6332,0.49943
315.31,456.01,6.6514,0.49945
1367.3,1110.2,6.6198,0.49959
1119,1226.7,6.6123,0.49967
376.62,1512.3,6.5901,0.49992
895.04,1116.6,6.6168,0.49965
2298.9,1255.2,6.6174,0.49954
1595.6,537.4,6.6543,0.4993
345.37,1462.8,6.5931,0.4999
330.27,987.05,6.6195,0.4997
2153.8,1048.9,6.6279,0.49947
302.3,618.66,6.6399,0.49954
656.23,599.56,6.6451,0.49945
1124.3,1424.7,6.6005,0.49976
1699.4,1447.8,6.6017,0.49971
424.93,250.91,6.6728,0.49926
668.23,882.65,6.6278,0.49958
1368.2,815.61,6.6358,0.49946
2731.5,319.49,6.6801,0.499
324.66,885.64,6.6248,0.49965
909.46,1377.3,6.6024,0.49976
1113,1463.1,6.5977,0.49978
404.12,588.8,6.6427,0.4995
876.11,1482.9,6.5953,0.49982
1003.5,1468.7,6.597,0.4998
2246.9,1232.8,6.618,0.49954
315.63,424.74,6.6538,0.49943
1349,1299.8,6.609,0.49968
1397.4,1157.7,6.6173,0.49961
2477.7,1139.7,6.6253,0.49946
2685.1,1065.2,6.6314,0.49938
2826.9,737.49,6.6514,0.4992
326.23,1327.7,6.6009,0.49984
488.78,258.58,6.6722,0.49926
2675.3,342.33,6.6775,0.49903
324.19,887.42,6.6246,0.49966
1114.5,809.09,6.6352,0.49949
327.48,1339.1,6.6003,0.49985
2202.2,1117,6.624,0.4995
2186,1297.7,6.614,0.49958
1486.5,1464.6,6.5993,0.49974
1317.7,1310.7,6.6088,0.49968
1468.4,1475.8,6.5984,0.49975
328.26,950.9,6.6212,0.49968
494.67,874.17,6.6268,0.49961
309.68,624.05,6.6392,0.49954
1937.8,560.47,6.655,0.49928
452.57,946.3,6.6225,0.49965
2067.7,532.22,6.6571,0.49925
2664.6,344.55,6.6771,0.49903
904.12,652.57,6.6426,0.49945
2048,1016.2,6.6287,0.49947
874.83,990.41,6.6232,0.4996
2564.8,1017.9,6.6331,0.49939
1546.5,1462.3,6.5997,0.49974
439.1,248.61,6.6727,0.49926
1106.2,1463.1,6.5977,0.49978
1445,1518.1,6.5957,0.49977
1365.4,1146.9,6.6175,0.49961
509.63,864.03,6.6275,0.4996
326.29,902.88,6.6237,0.49966
1511,1509.6,6.5962,0.49977
2132,1196.1,6.6194,0.49954
1264.5,424.01,6.6617,0.49927
337.17,1346.8,6.5999,0.49985
654.48,1024.4,6.6203,0.49964
976.43,1578.5,6.5889,0.49986
501.42,1032.6,6.619,0.49967
337.27,1437.2,6.5944,0.49989
2143.8,1316.2,6.6125,0.49959
372.74,1428.2,6.5952,0.49988
892.71,1144.7,6.6151,0.49966
682.84,375.92,6.6613,0.49932
688.9,1442.3,6.5969,0.49983
475.49,607.8,6.6421,0.4995
308.33,710.84,6.6343,0.49958
486.02,590.52,6.6435,0.49948
482.69,500.91,6.6496,0.49944
382.73,1533.3,6.588,0.49993
336.18,1373.1,6.5982,0.49986
2316,1187.6,6.6214,0.49951
2489.1,361.24,6.6735,0.49908
2008.4,1356,6.6089,0.49963
1116.4,1464.8,6.5975,0.49978
1909.5,1300.8,6.612,0.49961
2683.9,331.27,6.678,0.49902
1087,1484.9,6.596,0.4998
1126.2,1415.3,6.6008,0.49976
631.2,1097.2,6.6161,0.49968
2027.5,1523.3,6.5979,0.49971
1528.6,1629.3,6.587,0.49984
2007.6,1377.6,6.6078,0.49964
1334.5,1319.3,6.6074,0.49969
1169.3,829.86,6.6335,0.4995
1583.2,1526.8,6.5957,0.49976
1356.1,835.91,6.6342,0.49948
2036.8,1056.8,6.6262,0.49949
1327.2,1414,6.6015,0.49974
1158,1172.2,6.6148,0.49964
1941.3,1202.2,6.6173,0.49957
2219.3,502.14,6.6603,0.49921
342.4,1424.4,6.5951,0.49988
660.4,1151.6,6.6133,0.4997
1634.7,1198.9,6.6158,0.4996
1974.3,1330.9,6.6105,0.49962
650.16,912.01,6.6256,0.4996
1368.4,798.48,6.6363,0.49946
1015.9,1609,6.5863,0.49988
1118.4,1160.1,6.6157,0.49964
2238.8,1279.6,6.6152,0.49956
373.35,1476,6.592,0.4999
379.05,1476.4,6.592,0.4999
2354.7,1144.3,6.6233,0.49949
684.11,1123.2,6.615,0.49968
1109.9,1493.1,6.5954,0.4998
897.08,1098.6,6.6176,0.49964
1333.8,771.49,6.6384,0.49945
367.73,209.86,6.6773,0.49924
1112.4,746.59,6.6383,0.49946
375.03,1461.6,6.593,0.4999
568.82,1128,6.6135,0.49971
1365.6,1299.5,6.6093,0.49967
2643.4,348.77,6.6761,0.49904
366.15,1348.2,6.5997,0.49984
1098.7,1424.7,6.5999,0.49977
2010.3,1365.7,6.6081,0.49964
2202.8,1009.4,6.6298,0.49945
884.7,978.25,6.6239,0.49959
379.17,1497.9,6.5906,0.49991
1093.7,1512.6,6.5939,0.49981
331.18,1204.4,6.607,0.49979
1670.1,1490.2,6.5982,0.49974
349.1,1313.3,6.6019,0.49983
1130.3,729.93,6.6391,0.49946
2136.2,920.49,6.6338,0.49943
2240.6,514.96,6.6589,0.49922
1006.7,1454.5,6.5974,0.49979
508.26,991.67,6.6201,0.49966
1452,1511,6.5954,0.49978
1460.2,1493.5,6.5967,0.49977
2568.4,1353.3,6.613,0.49954
374.4,1430.2,6.5947,0.49988
345.39,1296.4,6.6022,0.49983
1558.3,1461.4,6.5994,0.49974
2138.9,939.39,6.633,0.49943
922.67,934.67,6.6264,0.49957
864.53,1377.7,6.6017,0.49977
1379,614.35,6.6476,0.49937
901.34,980.72,6.6242,0.49959
650.26,600.72,6.6437,0.49946
671.6,680.35,6.6388,0.4995
854.64,1443.3,6.5971,0.49981
2401.3,373.14,6.6714,0.49911
1114.4,721.8,6.6395,0.49945
1373.7,604.06,6.6486,0.49937
1519.3,1518.2,6.5952,0.49977
1550.4,1141.3,6.6187,0.49959
2253.2,1233.5,6.6175,0.49954
1352.3,1168.7,6.6158,0.49962
328.15,691.69,6.6351,0.49957
540.51,689.66,6.6372,0.49953
2704.8,1075.1,6.6305,0.49939
1526.8,1629.7,6.5866,0.49984
669.31,584.05,6.6447,0.49945
2555.3,1099.8,6.6275,0.49943
1632.7,1191.5,6.6164,0.4996
1991,762.58,6.6424,0.49937
2557.4,1085.5,6.6282,0.49943
834.42,1305,6.6054,0.49974
497.74,986.99,6.6202,0.49966
875.5,883.33,6.6288,0.49956
1996.6,762.43,6.6424,0.49937
458.51,896.79,6.6249,0.49963
1126.1,1463,6.5969,0.49979
1106.8,1503.9,6.5943,0.49981
2172.8,1257.4,6.6153,0.49957
1675.2,1490.4,6.5981,0.49974
293.18,845.8,6.6264,0.49965
1519.4,1491.3,6.597,0.49976
1537.5,569.09,6.6512,0.49933
2598.3,1348.8,6.6135,0.49954
897.33,1150,6.6141,0.49967
293.74,725.57,6.6324,0.4996
1379.3,615.24,6.6474,0.49937
1380.9,1307.9,6.6079,0.49968
335.13,1420.1,6.5949,0.49989
2138.1,1237.5,6.6162,0.49956
2224.7,728.57,6.6458,0.49932
2148.5,1273.8,6.6141,0.49958
1493.8,1459.5,6.5994,0.49974
1121.3,1483.1,6.5954,0.4998
292.7,783.63,6.6291,0.49963
2497.6,1095.3,6.6276,0.49944
2545.2,456.97,6.6657,0.49914
1543.2,560.21,6.6515,0.49933
2104.3,1304.1,6.6124,0.4996
378.82,1466.6,6.5922,0.4999
2220.6,968.91,6.6318,0.49943
1989.4,1009.3,6.628,0.49948
520.16,750.95,6.6334,0.49956
545.34,1052.8,6.6168,0.49968
523.52,662.6,6.6389,0.49951
2339.1,1197.5,6.6198,0.49952
1117.9,1399.2,6.6018,0.49975
2032.3,1057.3,6.6253,0.4995
2141.5,1287.7,6.6137,0.49958
1324.8,1259.4,6.611,0.49966
1293.1,324.08,6.6695,0.49921
416.75,1008,6.6181,0.49969
2210.9,1044.1,6.6271,0.49947
2086.6,906.16,6.6339,0.49943
682.47,921.8,6.6248,0.49961
329,1340.9,6.5994,0.49985
357.61,1424.1,6.5946,0.49989
372.08,204.73,6.6773,0.49924
432.23,576.19,6.6429,0.4995
1570.8,1460.1,6.5992,0.49974
2126.7,1211.3,6.6174,0.49955
551.16,1123.9,6.6131,0.49971
2010.4,1344.7,6.6092,0.49963
606.07,1094,6.6151,0.49969
1990.8,425.71,6.6638,0.4992
338.54,1453.9,6.5928,0.4999
1522,1476.5,6.5982,0.49975
320.95,638.48,6.6378,0.49955
2222,398.44,6.6675,0.49915
688.07,1466.9,6.5943,0.49984
2146.4,973.8,6.6307,0.49945
2088.2,1306.9,6.6116,0.4996
2491,1077.8,6.6277,0.49944
687.68,1011.4,6.6204,0.49964
1033.9,1430,6.5983,0.49978
2061.6,1417.1,6.6046,0.49966
2760.3,315.97,6.6796,0.49899
456.47,209.15,6.6775,0.49922
1352.5,1283,6.6089,0.49968
1507.4,574.69,6.6501,0.49934
1307,397.61,6.6628,0.49926
467.69,389.59,6.6573,0.49938
292.07,926.26,6.6211,0.49969
337.24,1325.1,6.6003,0.49984
875.21,1504.8,6.5927,0.49984
359.71,1432,6.594,0.49989
1139.5,753.54,6.637,0.49947
1542.6,1434.7,6.6005,0.49973
652.83,1104.6,6.6146,0.49969
2779.4,320.53,6.6797,0.49899
1136.5,1413.1,6.5998,0.49976
791.94,1608.3,6.5846,0.49991
1562.9,856.32,6.6337,0.49947
2019.9,1223.9,6.6161,0.49957
288.21,859.16,6.6246,0.49966
1295.9,324.94,6.6691,0.49921
1938.7,1371.5,6.6068,0.49965
359.04,1532.1,6.587,0.49995
380.5,1477.8,6.5912,0.49991
1097.1,544.95,6.65,0.49937
1498.1,1463,6.5983,0.49975
1112.7,1484.2,6.5953,0.4998
337.97,1439.2,6.5934,0.4999
2020.4,440.44,6.6633,0.4992
655.95,1152.3,6.6121,0.49971
1590.4,835.4,6.6347,0.49946
1081,1512.1,6.5931,0.49982
2110.5,1304.3,6.6121,0.4996
2554.1,1111.7,6.6262,0.49944
1091.1,1602.5,6.5864,0.49987
707.28,1018,6.6195,0.49965
2196.8,950.76,6.6321,0.49943
1577.7,834.89,6.6348,0.49946
607.29,1099,6.6146,0.49969
2277,1254,6.6157,0.49956
827.33,1245.9,6.6082,0.49972
1627.3,850.07,6.6343,0.49946
293.08,712.58,6.6327,0.4996
586.5,1064.3,6.6162,0.49968
931.99,1210.8,6.6108,0.49969
2597.2,364.63,6.6737,0.49907
1906.6,1340.2,6.6086,0.49964
2128.9,407.96,6.6659,0.49918
2706.5,325.48,6.6778,0.49902
1460.7,1519.1,6.5941,0.49979
1171.6,1145.3,6.6154,0.49964
2686.6,1122,6.6271,0.49942
2354.1,1454.9,6.6038,0.49964
564.1,1058.8,6.6162,0.49969
2117.7,1287.5,6.6126,0.49959
2387.7,375.86,6.6703,0.49912
493.01,658.84,6.6382,0.49952
2169.3,1136.6,6.6214,0.49952
1965.4,1221.1,6.6159,0.49958
1602.7,1225.3,6.6136,0.49962
2103.9,1257,6.6145,0.49958
385.26,1510.1,6.5889,0.49993
329.76,938.06,6.6206,0.49969
1142.2,1394.7,6.6011,0.49975
1097.1,1503.3,6.5937,0.49981
319.49,624.11,6.6383,0.49955
1398.8,1271.7,6.6094,0.49967
317.55,349.58,6.6591,0.49939
896.53,1049.4,6.6188,0.49963
277.73,659.62,6.6354,0.49958
605.29,1070.4,6.6158,0.49969
1119.1,1436.3,6.598,0.49978
2565.7,1353.3,6.6121,0.49955
1172.6,859.9,6.6307,0.49952
2584.8,347.58,6.6744,0.49906
1994,1047.8,6.625,0.49951
2053.4,1079.1,6.624,0.49951
2489.8,1106.4,6.6256,0.49946
1994.5,1047.8,6.625,0.49951
1544,1198.3,6.6147,0.49962
899.08,1530.1,6.5904,0.49986
1117.3,736.69,6.6377,0.49947
1987.4,1083.2,6.624,0.49951
695.59,892.87,6.6263,0.49959
1109.7,1482.1,6.5948,0.49981
363.23,1466.1,6.5914,0.49991
292.72,710.63,6.6326,0.4996
354.77,197.03,6.6777,0.49924
2071,1361.5,6.6077,0.49963
1167,768.04,6.6358,0.49948
860.52,602.95,6.644,0.49944
1962.1,1221.9,6.6157,0.49958
883.58,602.94,6.6445,0.49943
591.48,1084.5,6.6149,0.49969
2138.5,923.81,6.6326,0.49943
689.09,1379.4,6.5994,0.49981
1169.8,1200.9,6.612,0.49967
2556.8,1082.7,6.6275,0.49943
2233.4,1122.9,6.6223,0.49951
1940.5,1491.2,6.5986,0.49972
535.67,1050.3,6.6161,0.49969
2556.7,461.4,6.6652,0.49914
2341.1,382.07,6.6692,0.49913
918.12,1613.7,6.5842,0.4999
1000.8,1608.2,6.5851,0.49989
483.18,471.22,6.6505,0.49943
2533.4,1070.8,6.6279,0.49943
366.7,230.77,6.6727,0.49927
303.52,1254.4,6.6033,0.49983
1171.2,1173.3,6.6135,0.49965
1083.6,1503.2,6.5934,0.49982
840.67,1545.9,6.589,0.49987
2183.8,957.04,6.6314,0.49944
1145.7,749.32,6.637,0.49947
2547.1,1097.8,6.6265,0.49944
1530.6,1516.7,6.5943,0.49978
1753.5,487.4,6.6573,0.49927
381.38,715.55,6.633,0.49958
1390.5,951.96,6.6267,0.49954
309.18,643.52,6.6367,0.49956
1881.3,1373.1,6.606,0.49966
378.05,1441.2,6.593,0.49989
1538.9,1444.3,6.5992,0.49974
654.88,791.65,6.6313,0.49956
2706.3,1060.1,6.6302,0.49939
454.46,686.93,6.6355,0.49955
2327.7,721.23,6.646,0.49931
2105.8,1357.9,6.6079,0.49963
2313.5,519.49,6.6587,0.49922
317.66,387.75,6.6552,0.49942
1143.1,789.95,6.6342,0.49949
2753.7,316.17,6.6788,0.499
882.26,1140.6,6.6135,0.49968
2405.7,386.37,6.6694,0.49912
1387.3,817.31,6.6347,0.49947
2136.1,1140.5,6.6208,0.49953
1981.2,1476.4,6.6,0.4997
894.64,1078,6.6172,0.49965
2687,1081.8,6.6289,0.4994
2064,1406.2,6.6051,0.49966
939.9,486.89,6.6524,0.49937
1636.1,525.5,6.6534,0.49931
2186.5,401.42,6.6662,0.49917
1401.7,1255,6.61,0.49967
920.15,1150.9,6.6131,0.49968
1329.7,323.08,6.669,0.49921
1656.1,1461.2,6.5993,0.49973
2498.7,1105.1,6.6254,0.49946
479.02,877.01,6.6251,0.49963
1111.6,1244.3,6.6094,0.49969
2108.2,1216.5,6.6161,0.49957
308.48,966.53,6.618,0.49971
2115.9,906.3,6.6336,0.49943
2089.8,1261.2,6.6138,0.49959
2017.1,951.07,6.63,0.49946
590.51,1089.8,6.6144,0.4997
2705.5,1071.2,6.6294,0.4994
690.06,1476.5,6.5929,0.49986
329.57,1325.5,6.5993,0.49985
2702.8,1473.7,6.6061,0.49958
374.94,1424.2,6.594,0.49989
1527.4,1472,6.5972,0.49976
269.8,579.83,6.64,0.49955
685.5,619.2,6.6414,0.49948
329.15,1199.8,6.6062,0.4998
2171.3,1296.4,6.6121,0.49959
2781.8,379.33,6.6737,0.49904
2044.6,1069.3,6.6237,0.49951
2006.3,1064.1,6.6241,0.49951
2255.3,1267.5,6.6143,0.49957
1660,1620.6,6.587,0.49983
2151.6,1015.3,6.6276,0.49947
340.47,1185.8,6.607,0.49979
843.79,1391.7,6.599,0.49979
903.27,920.55,6.6253,0.49958
637.84,876.75,6.6262,0.4996
2174.2,1149.4,6.6201,0.49953
2183.2,984.59,6.629,0.49946
1043.4,625.39,6.6433,0.49943
331.48,936.74,6.6201,0.49969
2530.4,1089,6.6264,0.49944
326.29,482.14,6.6472,0.49948
1980.5,1370.6,6.6064,0.49965
597.57,917.26,6.6238,0.49962
553.06,1359.7,6.5997,0.49982
919.87,1085.1,6.6165,0.49965
334.02,193.37,6.6778,0.49924
534.51,1070.9,6.615,0.4997
1121.6,533.48,6.6498,0.49937
536.88,1065.8,6.6149,0.4997
1416.3,1099.6,6.6184,0.4996
386.57,1511.3,6.5882,0.49993
2530,1103.1,6.6257,0.49945
296.17,676.5,6.6341,0.49959
498.41,956.17,6.6205,0.49966
2345,1187.5,6.6195,0.49952
2681.3,1104.9,6.6271,0.49942
867.01,1580.8,6.5862,0.49989
1042.5,1374.8,6.6007,0.49976
746.43,1234.3,6.6074,0.49974
2683.9,1075.3,6.6287,0.49941
381.69,1382.7,6.5961,0.49987
1117.5,1501.2,6.5929,0.49982
2719.5,1113.1,6.6273,0.49941
1573.3,1203.3,6.6135,0.49963
1685.9,1487.8,6.5971,0.49975
1379.5,655.35,6.6438,0.4994
876.99,1505.2,6.5917,0.49985
690.41,1493.4,6.5915,0.49987
640.81,665.83,6.6378,0.49951
738.53,1211.9,6.6088,0.49973
1343.3,1432.1,6.599,0.49976
907.97,654.62,6.6405,0.49946
1418.8,792.07,6.6352,0.49947
1603.9,1225.1,6.6126,0.49963
320.22,328.51,6.6604,0.49938
534.04,277.3,6.6681,0.49928
386.1,998.56,6.6173,0.4997
690.01,1363.8,6.5996,0.4998
609.68,1110.6,6.613,0.49971
2040.5,1081,6.6232,0.49952
389.06,1006.8,6.6167,0.49971
1512.6,1625.5,6.5857,0.49985
1462.5,1477.2,6.5967,0.49977
887.01,1337.4,6.6023,0.49976
687.95,652.9,6.639,0.4995
2372.9,411.88,6.6664,0.49915
474.76,1083.3,6.6133,0.49972
1991.4,1340.9,6.6081,0.49964
503.64,644.27,6.6379,0.49952
403.88,543.88,6.6434,0.4995
1695,1442.8,6.6001,0.49972
713.55,1109.7,6.6143,0.49969
369.82,1349.9,6.598,0.49986
1574.3,1476.4,6.5973,0.49975
329.13,1303.8,6.6008,0.49984
2058,1324.7,6.609,0.49963
1084.3,1501.4,6.5929,0.49982
560.17,1567.3,6.5852,0.49993
480.28,942.31,6.6209,0.49966
1895.7,1298.6,6.6098,0.49963
1209.7,467.32,6.6554,0.49932
899.7,1084.2,6.6162,0.49965
2555.3,384.53,6.6701,0.4991
2504,1075.5,6.6267,0.49945
537.37,1064.3,6.6147,0.4997
1631.8,862,6.6323,0.49947
2304.4,540.53,6.6558,0.49924
2495.6,393.77,6.6688,0.49912
2236.8,1205.3,6.6171,0.49955
2022.3,1376.8,6.6058,0.49965
2728.5,321.87,6.6774,0.49902
299.99,444.41,6.6497,0.49947
671.44,1131.6,6.6121,0.49971
2237.9,416.15,6.6654,0.49917
350.02,997.44,6.6166,0.49971
1703.3,1424.2,6.6013,0.49971
1954.3,1533.9,6.5951,0.49974
377.05,1465.4,6.5908,0.49991
1099.9,1521.7,6.5913,0.49983
2719.8,323.74,6.6771,0.49902
1853.1,449.42,6.6601,0.49924
367.79,1377.8,6.5961,0.49987
1909.9,1151.7,6.6179,0.49957
2046.1,1264,6.6125,0.4996
2309.9,1278.1,6.6138,0.49957
563.53,1561.5,6.5852,0.49993
434.38,664.76,6.6358,0.49955
2681,1122.1,6.6259,0.49943
693.25,1359.9,6.5993,0.49981
2043.3,1088.7,6.6222,0.49952
587.98,1081.1,6.6144,0.4997
2156.7,1185.9,6.6175,0.49955
381.64,1479.2,6.59,0.49992
309.02,969.63,6.6174,0.49972
1656.9,829.63,6.6341,0.49946
1027.2,1477.7,6.5937,0.49982
1643.8,829.09,6.6343,0.49946
1639.5,1172.1,6.6152,0.49961
1373.5,1401.8,6.6004,0.49974
479.23,943.03,6.6206,0.49966
913.8,1457.1,6.5944,0.49982
2692.8,1043.9,6.6302,0.49939
375.43,768.37,6.6295,0.49961
385.29,1513.3,6.5878,0.49994
482.73,850.83,6.6255,0.49962
1889.3,1329.5,6.6079,0.49965
559.98,696.35,6.635,0.49954
1884.2,1333.5,6.6077,0.49965
728.36,1344.9,6.6007,0.49979
1710.1,1468.5,6.5979,0.49974
1673.7,512.66,6.6538,0.4993
1356.5,1265.9,6.6084,0.49968
1569.3,1230.2,6.6116,0.49964
1529.2,568.94,6.6491,0.49935
2185.5,1062.8,6.6243,0.4995
396.71,397.12,6.6546,0.49941
2154.4,1055.1,6.6245,0.4995
1565.9,1218.3,6.6126,0.49963
487.25,556.24,6.6435,0.49948
372.32,1379.8,6.5958,0.49987
2705.9,1056.6,6.6296,0.4994
526.03,910.95,6.6225,0.49964
860.8,1408.3,6.5975,0.4998
369.73,1336.3,6.5984,0.49985
1110,1477.6,6.5945,0.49981
2137.9,1027.2,6.6262,0.49948
2165.9,980.1,6.6289,0.49946
420.8,214.5,6.6751,0.49925
486.18,523.18,6.6457,0.49947
317.94,416.72,6.6518,0.49944
2007,1307.9,6.6094,0.49963
1173,802.78,6.6327,0.4995
1597.9,1228.3,6.612,0.49964
338.15,986.57,6.6167,0.49972
2238.6,1029.7,6.6267,0.49947
286.44,543.56,6.6418,0.49953
1142.2,1060.1,6.6188,0.49961
320.38,336.25,6.6591,0.49939
2492.5,1075.8,6.6261,0.49945
374.65,706.09,6.6329,0.49958
678.83,834.62,6.6278,0.49958
572.58,1086.3,6.6137,0.49971
700.21,721.53,6.6349,0.49953
2066.2,1367.9,6.606,0.49965
1882.5,770.92,6.6392,0.4994
2723.1,344.14,6.6756,0.49903
2626.3,353.45,6.6733,0.49907
365.71,1399.5,6.5945,0.49989
1936,1353.8,6.6067,0.49965
1411.4,647.03,6.6431,0.49941
2692.4,341.15,6.6751,0.49904
1259.8,1581.8,6.5874,0.49985
2550,354.27,6.6721,0.49909
2028.5,1087.7,6.6217,0.49953
2067.1,1053.5,6.624,0.49951
1295,1460.5,6.5959,0.49978
2295.2,1077.5,6.6245,0.49948
385.98,686.63,6.6336,0.49958
656.06,1030.4,6.6175,0.49967
2335.2,1199.5,6.6179,0.49953
1146.6,729.97,6.6366,0.49947
726.52,1106.5,6.6137,0.49969
1021,1605.3,6.5843,0.49989
318.47,705.68,6.6317,0.4996
1812.2,463.06,6.658,0.49926
1399.1,665.32,6.6419,0.49942
2115.3,839.93,6.6358,0.49941
338.94,1339.8,6.5976,0.49987
2292.6,543.69,6.6549,0.49925
2153.8,956.39,6.6298,0.49945
471.88,1028.4,6.6159,0.4997
492.52,258.25,6.6693,0.49928
1202.9,466.17,6.6547,0.49933
2483,1092.8,6.625,0.49946
318.74,369.28,6.6558,0.49941
1090.1,1481.4,6.5937,0.49982
481.44,878.33,6.624,0.49964
2022.9,1324.1,6.6087,0.49963
2717.6,341.62,6.6754,0.49904
692.69,689.07,6.6361,0.49952
679.42,1529.2,6.5877,0.4999
2327.6,1373.9,6.6073,0.49962
666.06,1550.6,6.5865,0.49991
2601.3,345.97,6.6732,0.49907
1661.8,1618.2,6.5864,0.49983
665.85,544.48,6.6456,0.49945
520.67,661.31,6.6372,0.49953
291.09,990.42,6.6159,0.49973
1483.2,1435.1,6.5983,0.49975
692.49,1398.3,6.5969,0.49982
491.28,635.74,6.6376,0.49953
300.29,635.76,6.6358,0.49957
741.05,1414.5,6.596,0.49983
745.56,1381.8,6.5981,0.49981
2132,1189.9,6.6165,0.49956
2065,1016.3,6.626,0.49949
1150.6,766.86,6.6345,0.49949
425.22,694.06,6.6337,0.49957
2824.2,653.44,6.6534,0.49919
2339.4,1141,6.6211,0.49951
2027.6,1468.8,6.5994,0.4997
1933.2,1363.2,6.6059,0.49966
2782.5,373.54,6.6729,0.49904
1003.2,1303.2,6.6045,0.49974
1105.6,1496.6,6.5928,0.49982
1854.1,1361.6,6.6054,0.49967
2702.7,1472.7,6.6049,0.49959
911.93,1479.8,6.5924,0.49984
1997.6,1353.2,6.6066,0.49965
425.99,262.76,6.6682,0.4993
2362.9,1371,6.6077,0.49961
2688.1,1105.2,6.6263,0.49942
2540,1069.3,6.6266,0.49944
2828.5,704.76,6.6504,0.49921
1339.9,1449.8,6.5966,0.49977
935.96,1341.1,6.6016,0.49977
2311.5,1268.9,6.6136,0.49957
2789.2,308.46,6.6788,0.49899
922.6,1118.2,6.6137,0.49967
687.26,1261.4,6.6048,0.49976
667.87,915.49,6.6229,0.49962
1988.5,1296.4,6.6095,0.49963
2316.1,1075.9,6.6244,0.49948
1625.8,832.37,6.6334,0.49947
910.73,1618.5,6.5825,0.49992
1918.4,1256.6,6.6117,0.49962
2502,1074.4,6.6259,0.49945
383.61,1483.5,6.5892,0.49992
2036.1,1477.9,6.5986,0.49971
1950.9,1328.2,6.6081,0.49964
822.78,1301.8,6.6032,0.49976
2479.5,1107,6.6239,0.49947
339.21,1413.5,6.5933,0.4999
571.54,1065.8,6.6145,0.4997
908.86,1502.3,6.5907,0.49985
686.43,588.24,6.6421,0.49947
695.07,1470.4,6.5922,0.49986
574.5,1060.5,6.6144,0.4997
485.05,425.5,6.6526,0.49941
318.31,447.81,6.6488,0.49947
555.35,856.29,6.6255,0.49962
1355.9,1446.2,6.5968,0.49977
336.09,514.69,6.6443,0.4995
429.94,583.05,6.6401,0.49952
2174.9,1012.4,6.6263,0.49948
698.59,1128.4,6.6117,0.49971
288.68,751.25,6.6285,0.49963
2765.1,314.44,6.6777,0.49901
1921.5,1219.4,6.6139,0.4996
713.75,1057.1,6.6156,0.49968
697.17,1503.9,6.5893,0.49988
1163.3,1142.6,6.6136,0.49965
2587.3,497.38,6.6602,0.49917
1148.4,737.31,6.6362,0.49948
2296.2,388.84,6.6667,0.49916
1377.5,408.41,6.6598,0.49928
2166.5,975.62,6.6287,0.49946
903.85,1612.5,6.5827,0.49992
2501.9,1149.3,6.6217,0.49949
2250.4,1013.4,6.6268,0.49947
1373.8,783.38,6.6344,0.49948
2190.9,1069.5,6.6237,0.4995
852.89,597.65,6.6431,0.49945
646.45,1056.3,6.6151,0.49969
675.86,778.8,6.6304,0.49956
1095.8,1599,6.5849,0.49988
549.67,1194.5,6.6069,0.49976
1973.9,1328.9,6.6078,0.49964
2010.7,1439.9,6.6006,0.4997
656.62,887.11,6.6246,0.49961
818.18,1614.2,6.5822,0.49993
417.91,780.16,6.6284,0.49961
2146.7,1151.7,6.6184,0.49954
1963.4,1459.4,6.5991,0.49971
470.67,853.29,6.6246,0.49963
736.03,1316.6,6.6017,0.49978
2179.2,1217.7,6.6151,0.49957
1333.4,660.62,6.6421,0.49942
300.88,898.12,6.6211,0.49969
2151.3,966.33,6.6286,0.49947
1959.5,1114.5,6.6195,0.49955
669.65,900.79,6.6238,0.49962
2043.8,1201.3,6.615,0.49958
320.71,327.96,6.6593,0.49939
2000.9,1029.8,6.6242,0.49951
1121.1,544.53,6.6481,0.49939
1941.6,1336.1,6.6068,0.49965
946.13,482.72,6.6515,0.49937
625.71,472.39,6.6504,0.49941
1989.5,1399.7,6.6031,0.49968
695.7,1497,6.5903,0.49988
2169,1025.8,6.6258,0.49949
486.49,492.1,6.6472,0.49945
786.84,579.93,6.6435,0.49945
375.43,1428,6.5922,0.4999
896.67,964.54,6.6216,0.49961
1280.2,395.68,6.6605,0.49928
1309.8,1456.4,6.5957,0.49978
708.46,971.91,6.62,0.49964
290.47,458.9,6.6474,0.49949
1667.7,1427.4,6.5994,0.49973
1711.8,500.37,6.654,0.4993
2065.4,1367.7,6.6058,0.49965
383.87,1497.7,6.5878,0.49994
409.87,1457.6,6.5906,0.49991
2688.9,1102.4,6.626,0.49943
1301.1,1408.4,6.5994,0.49976
1278.7,394.49,6.6606,0.49928
405.61,1416.5,6.5932,0.49989
2053.4,1390.3,6.6038,0.49967
877.98,605.53,6.6421,0.49945
2065.1,1205,6.6148,0.49958
333.11,1342.2,6.597,0.49987
2511.9,1052.4,6.6269,0.49944
2342.2,1484.3,6.5996,0.49967
798.4,423.69,6.6547,0.49936
881.44,607.17,6.6425,0.49945
369.34,1330.8,6.598,0.49986
487.93,554.82,6.6427,0.49949
672.71,1370.1,6.5981,0.49982
2708.1,1019.6,6.6307,0.49939
919.47,790.95,6.6311,0.49954
2324.1,1488.5,6.5995,0.49968
2561.8,685.97,6.6482,0.49927
595.6,1133,6.6104,0.49973
1991.5,1400.6,6.603,0.49968
339.31,1300.9,6.5994,0.49985
1574.8,1473.2,6.5963,0.49976
378.47,804.78,6.6265,0.49963
767.05,1208.1,6.6078,0.49973
1963.4,463.38,6.6584,0.49925
294.5,193.94,6.6753,0.49927
379.63,1457.3,6.5902,0.49992
360.96,1537.3,6.5847,0.49996
1544.6,1473,6.5961,0.49976
2500,1092.3,6.6245,0.49946
1006.9,1474.1,6.5934,0.49982
553,1058.7,6.6144,0.4997
2334.9,856.29,6.6361,0.49939
1156,542.99,6.6481,0.49938
1389.5,1104.4,6.6166,0.49961
318.93,386.94,6.6535,0.49943
1170,1231.2,6.6084,0.49969
1558.3,906.21,6.6285,0.49951
486.01,265.73,6.668,0.49929
2354,1350.5,6.6083,0.49961
1513.4,1623,6.5846,0.49986
926.79,1004.3,6.6194,0.49963
2740.5,1015.9,6.6311,0.49938
621.65,326.37,6.6625,0.49932
2548.2,1085.3,6.6252,0.49945
1021.7,1352,6.6007,0.49977
1390.2,764.52,6.6359,0.49946
2059.9,1403.4,6.6029,0.49967
1439.8,1516.4,6.5923,0.4998
557.68,1135.7,6.6101,0.49974
2650.3,368.41,6.6712,0.49908
1472,1516,6.5922,0.4998
1634.5,832.87,6.6327,0.49947
2296.4,1171.8,6.6181,0.49953
291.39,350.62,6.6566,0.49941
2076.3,954.47,6.6287,0.49947
2115.3,879.01,6.6332,0.49943
511.97,660,6.6357,0.49954
2259.6,1286.4,6.6113,0.49959
1622.7,899.98,6.6291,0.4995
2109.5,1286.5,6.6106,0.49961
266.98,457.55,6.6468,0.49949
2155.6,406.39,6.6638,0.49919
350.14,1506.2,6.5867,0.49995
1550.8,1565.5,6.5891,0.49982
626.03,1075.1,6.6135,0.4997
2141,1138.7,6.6188,0.49954
2175.8,942.52,6.63,0.49945
464.17,969.8,6.6185,0.49968
339.58,1328.1,6.5975,0.49987
484.17,975.69,6.6177,0.49969
1029.7,1326.5,6.6021,0.49975
2318.6,1080,6.6233,0.49949
1132.7,1396.4,6.5992,0.49977
2130.8,1271.9,6.6112,0.4996
722.05,1233.4,6.606,0.49975
1281.3,389.45,6.6609,0.49928
2037.4,1103.1,6.6204,0.49954
1568.9,555.21,6.6491,0.49935
2181.3,437.43,6.6616,0.4992
1659.1,1446,6.5978,0.49974
1962.9,1441,6.6004,0.4997
2490.8,1093.5,6.6241,0.49947
1578.4,1176.2,6.6134,0.49963
453.88,451.53,6.6497,0.49944
923.58,483.08,6.6511,0.49938
2079.6,1206.4,6.6146,0.49958
2699.2,1059.9,6.6281,0.49941
512.85,268.45,6.6674,0.49929
347.34,1369.3,6.5948,0.49989
676.58,1363,6.5981,0.49982
2039.2,454.64,6.6593,0.49923
877.99,1424.9,6.5951,0.49982
929.63,473.63,6.6516,0.49937
471.71,1145.2,6.609,0.49976
1140.3,1459.8,6.5942,0.49981
2332.7,1524.9,6.5966,0.4997
577.42,1140,6.6099,0.49974
2165.2,911.31,6.6314,0.49944
749.35,1588.6,6.5834,0.49993
2247,1248.9,6.6132,0.49958
366.99,1307.5,6.599,0.49985
1704.1,1480.3,6.5957,0.49976
1959.2,1395.5,6.6035,0.49968
696.04,1362.2,6.5979,0.49982
2018.2,1138.6,6.6182,0.49956
2504.4,1131,6.6221,0.49948
1177.8,1079,6.6165,0.49963
899.03,619.68,6.6408,0.49946
331.85,1320.7,6.5979,0.49987
372.27,1351.8,6.5964,0.49987
2674.1,977.18,6.6322,0.49938
2306.7,1163.4,6.6186,0.49953
291.36,437.63,6.6486,0.49948
1663,1436.7,6.5983,0.49974
512.86,959.09,6.6187,0.49967
2083.5,1167.8,6.6166,0.49956
2193.3,976.2,6.6281,0.49947
342.09,1341,6.5967,0.49987
413.55,671.68,6.6338,0.49957
2692.6,1061.1,6.6278,0.49941
377.79,1437.4,6.5912,0.49991
2108.5,1025.3,6.6246,0.4995
2523.6,1088.2,6.6242,0.49946
1304.3,289.79,6.6701,0.4992
745.62,1347.9,6.5992,0.4998
2115.8,951.2,6.6289,0.49947
2103.6,667.76,6.6448,0.49934
486.71,490.61,6.6468,0.49946
2158,1026.8,6.6247,0.49949
431.54,672.8,6.6341,0.49956
1165.9,1145,6.6127,0.49966
330.37,307.36,6.6611,0.49937
2698.3,1070.9,6.6273,0.49941
899.18,443.52,6.6533,0.49936
1677.5,1461.2,6.5967,0.49975
2539.3,1493.5,6.6012,0.49964
1798.8,469.56,6.6563,0.49928
326.75,867.99,6.6224,0.49967
2252.1,1245.2,6.6136,0.49957
1996.1,981.56,6.6265,0.49949
688.09,1137.6,6.6103,0.49972
1166.2,1075.8,6.6164,0.49963
1477.8,1493.5,6.5939,0.49979
2207.8,1204.5,6.6153,0.49956
475.95,261.16,6.668,0.49929
2097.9,1394.2,6.6035,0.49967
2137.5,1234.3,6.6132,0.49959
2341.7,1140.7,6.6202,0.49951
2199.5,1145.8,6.6185,0.49954
1559.8,893.01,6.6288,0.49951
1966.1,1229.4,6.6124,0.49961
1656.4,896.94,6.6291,0.4995
290.38,456.23,6.647,0.49949
1920,589.04,6.6484,0.49933
2036.4,1179.8,6.6159,0.49957
854.42,1331.8,6.6008,0.49978
1846.6,451.68,6.6578,0.49926
2043.7,1481.1,6.5973,0.49972
1179.7,892.28,6.6264,0.49955
2179,1182.2,6.6166,0.49956
1888,776.06,6.6374,0.49942
868.86,979.1,6.6205,0.49962
292.52,330.66,6.6581,0.4994
1970.3,1273.2,6.6102,0.49962
319.01,415.86,6.6506,0.49945
2146.3,876.16,6.6328,0.49943
908.84,1540.7,6.5875,0.49988
2023.2,1348.5,6.6057,0.49965
2195.1,991.59,6.6267,0.49948
797.62,410.61,6.6553,0.49936
622.35,469.73,6.6496,0.49942
2154.5,1091.7,6.621,0.49952
513.77,948.52,6.6189,0.49967
2037.8,1467.4,6.5981,0.49971
2051.8,1337.9,6.607,0.49964
475.24,1034.2,6.6146,0.49971
396.83,1283.1,6.6002,0.49984
2293.2,1114.7,6.6206,0.49952
2529.3,370.43,6.6695,0.49911
1530.1,1454.4,6.5967,0.49976
926.42,821.69,6.6292,0.49955
2131.6,1121.1,6.6193,0.49954
473.59,561.11,6.6416,0.4995
289.3,421.45,6.6492,0.49947
873.77,770.3,6.6313,0.49954
2083,1105.8,6.6201,0.49954
628.66,1049.4,6.6144,0.49969
410.85,696.02,6.6323,0.49958
2740.8,647.35,6.652,0.49922
1125.3,1040.9,6.6183,0.49962
812.71,410.56,6.6552,0.49936
2302,1081.4,6.6225,0.4995
2206.4,1203.6,6.6156,0.49956
436.49,624.6,6.637,0.49954
2270.9,1014.4,6.6259,0.49948
2703.9,1469,6.604,0.4996
2718.2,1437.6,6.6063,0.49958
383,804.9,6.6257,0.49964
692.33,902.64,6.6231,0.49962
1278.4,386.48,6.6608,0.49928
2684.6,1076.3,6.6267,0.49942
1692.2,514.96,6.6524,0.49931
326.45,309.03,6.6609,0.49937
291.88,406.71,6.6508,0.49946
1639.7,1616,6.5852,0.49984
996.67,1542.8,6.5872,0.49987
403.66,1373.1,6.595,0.49988
535.53,1269.6,6.6022,0.4998
2481.9,694.59,6.6462,0.4993
2108,665.37,6.6445,0.49934
1633.8,862.69,6.6306,0.49949
488.18,522.59,6.6442,0.49948
1041.5,1399.9,6.597,0.49979
746.16,1381.8,6.5968,0.49982
1057.1,1276.9,6.6045,0.49973
2437,404.04,6.6655,0.49915
381.76,294.57,6.6624,0.49935
1460.4,1471.8,6.5949,0.49978
471.11,556.51,6.6416,0.4995
593.17,1070.7,6.6132,0.49971
376.42,1294.7,6.5993,0.49985
1341.9,1152.3,6.6129,0.49965
574.69,1062.1,6.6137,0.49971
987.74,1586.6,6.5843,0.4999
743.04,1444.9,6.5928,0.49985
2164.5,909.52,6.6311,0.49944
1174.2,1252.2,6.6069,0.49971
1005.3,1493.7,6.5911,0.49984
2265,1303.6,6.61,0.4996
1965.7,1259.1,6.6106,0.49962
574.23,1059.4,6.6134,0.49971
403.01,1537.7,6.5842,0.49996
306.7,339.1,6.6572,0.49941
2501.8,1089.4,6.6239,0.49947
876.47,446.91,6.6528,0.49937
2157.6,1273,6.611,0.4996
851.32,595.42,6.6422,0.49946
2535,1051.2,6.6263,0.49945
1423.1,776.19,6.6339,0.49948
2098.4,673.23,6.6441,0.49935
2202.1,1308.3,6.6092,0.49961
1519.2,1469.6,6.5952,0.49977
2103.6,1275.9,6.6101,0.49961
2118.4,1305.4,6.6085,0.49963
302.16,413.9,6.6502,0.49946
904.81,1382.4,6.5976,0.4998
1513.3,1610.1,6.5848,0.49985
2692.1,1058,6.6275,0.49941
287.51,575.14,6.638,0.49956
1317.4,1253.2,6.6075,0.49969
2179.7,1295,6.6094,0.49961
1999.9,1509.8,6.5947,0.49974
2290.4,1123.6,6.6198,0.49952
1635.8,885.7,6.6288,0.4995
1054.7,628.54,6.6409,0.49945
1002.2,1505.2,6.5902,0.49985
698.09,1288.8,6.602,0.49978
662.07,953.26,6.6195,0.49965
2699,1072.9,6.6268,0.49942
557.07,1095.8,6.6115,0.49973
702.3,896.09,6.6233,0.49962
677.61,1117.9,6.6108,0.49972
1395.9,935.09,6.6248,0.49955
288.29,598.7,6.6364,0.49957
988.6,1576.2,6.5846,0.4999
382.68,1461.9,6.5892,0.49992
2351.5,1352.1,6.6072,0.49961
724.17,1247.7,6.604,0.49977
2363.7,1519.3,6.5964,0.4997
1648.2,861.21,6.6306,0.49949
892.18,1472.7,6.5919,0.49985
288.4,597.6,6.6365,0.49957
1318.3,290.17,6.6695,0.49921
319.49,446.9,6.6476,0.49948
1023.9,1399.9,6.5967,0.4998
1893.6,1302.6,6.6075,0.49965
849.38,1419.8,6.5948,0.49983
1787.5,1477.5,6.5961,0.49975
1156.9,1110.5,6.6141,0.49965
1547,1192.9,6.6119,0.49964
412.47,219.6,6.6727,0.49927
2305.8,1167.5,6.6174,0.49954
342.03,1325.6,6.5969,0.49987
702.77,1167,6.6082,0.49974
2071.9,1334,6.6068,0.49964
1163,715.39,6.6362,0.49948
290.04,390.98,6.6514,0.49945
1789.8,1584.7,6.5881,0.49981
1799.8,1485.7,6.5955,0.49975
1544.2,1190.8,6.612,0.49964
502.74,704.73,6.632,0.49957
1916,1370.8,6.6032,0.49968
2536.7,1085.5,6.6238,0.49947
481.23,254.47,6.668,0.49929
340.51,786.3,6.6257,0.49965
1891.9,1368.3,6.6033,0.49968
471.63,928.49,6.6191,0.49968
445.96,707.74,6.6316,0.49958
303.16,636.12,6.6342,0.49959
501,690.12,6.6331,0.49956
555.73,1060.9,6.6132,0.49971
1917.4,1233.1,6.6114,0.49962
444.64,813.77,6.6254,0.49963
308.74,472.94,6.6453,0.4995
475.22,870.29,6.6226,0.49965
356.59,1253.6,6.601,0.49984
558.69,742.33,6.6305,0.49958
472.29,462.45,6.6482,0.49945
1966.3,1512,6.5941,0.49975
1151.7,1068.4,6.6166,0.49963
344.04,806.97,6.6243,0.49966
942.13,1396.2,6.5967,0.4998
532.09,1568.1,6.5825,0.49996
293.68,332.67,6.6572,0.49941
2160.1,1209.7,6.6144,0.49958
1677,1456.5,6.597,0.49975
2054.4,1400.1,6.6024,0.49968
2316.8,421.25,6.6628,0.49918
687.53,499.14,6.6468,0.49944
1394.4,796.84,6.6322,0.49949
1543.6,1218.6,6.6103,0.49965
2489.8,1090.6,6.6233,0.49947
315.79,608.79,6.636,0.49957
2500,1148.5,6.62,0.4995
1074.2,548.17,6.6458,0.49941
2090.9,1337,6.6061,0.49965
1377.7,1246.7,6.6082,0.49968
1183.2,1023.7,6.619,0.49961
2097.1,1120.1,6.6189,0.49955
1369.9,654.56,6.6405,0.49943
2243.4,1270.7,6.6116,0.49959
920.54,1426,6.5944,0.49982
2737.7,1011.6,6.6303,0.49938
2250.8,1543.5,6.5941,0.49973
666.91,836.88,6.6257,0.4996
1234.1,1585,6.5853,0.49987
2548.1,1134.1,6.6216,0.49948
1390.6,1122.4,6.6144,0.49963
1653.9,1454.4,6.5962,0.49976
632.27,1047.1,6.6141,0.4997
1853.6,1077.4,6.6197,0.49956
2056.2,1289.6,6.6086,0.49963
383.9,616.8,6.6362,0.49956
412.52,704.54,6.6314,0.49959
2790.5,333.49,6.6749,0.49903
2680.6,657.45,6.6499,0.49924
1497.7,1513.1,6.5917,0.4998
2042.6,1089.2,6.6198,0.49954
2251.9,1147.2,6.6179,0.49954
890.1,1495,6.5901,0.49986
1884.3,902,6.6298,0.49948
543.57,624.14,6.6374,0.49952
351.95,1495.8,6.5864,0.49995
1059.2,533.1,6.6466,0.4994
397.84,1462.8,6.5886,0.49993
1227.6,1580.5,6.5852,0.49987
411.71,560.45,6.6402,0.49952
2129.3,1282.8,6.6094,0.49962
1629.8,907.37,6.6274,0.49951
2150.4,1255.1,6.6115,0.4996
889.04,1106.8,6.6124,0.49969
839.64,428.16,6.6536,0.49937
688.12,551.9,6.643,0.49946
1069,553.95,6.6458,0.49941
1628.8,1245.3,6.6092,0.49966
956.77,471.2,6.6506,0.49938
598.69,1145.2,6.6087,0.49974
1556.2,1559.9,6.5888,0.49982
1053.4,1355.1,6.5995,0.49977
451.62,1039.9,6.6128,0.49973
2547.8,1097.7,6.6234,0.49947
1732.8,1397.9,6.6006,0.49972
2550.6,1110.9,6.6223,0.49948
2170.6,1096.7,6.62,0.49953
894.12,602.38,6.6417,0.49946
675.96,339.64,6.66,0.49933
1910.8,1205.9,6.6125,0.49961
743.77,1473.2,6.5905,0.49987
1537.5,1578.5,6.5872,0.49983
807.23,615.47,6.6399,0.49948
668.03,639.06,6.6377,0.49951
2087.8,1201.5,6.6142,0.49958
2137.3,1019.7,6.624,0.4995
395.14,1532.7,6.584,0.49996
522.19,901.17,6.6208,0.49966
2339.8,1503.5,6.5969,0.4997
492.05,816.32,6.6251,0.49963
1006.5,1489.8,6.5909,0.49984
293.04,377.92,6.6527,0.49944
2118.2,1330.5,6.6069,0.49964
540.75,763.4,6.6285,0.49959
2027.3,1465.8,6.5978,0.49972
497.36,401.96,6.6531,0.49941
905.03,596.84,6.6418,0.49945
1863,562.79,6.649,0.49933
2252.2,429.92,6.6615,0.4992
1348.4,1395.9,6.599,0.49976
1157.9,1062.8,6.6166,0.49963
1906.9,1177.4,6.614,0.4996
1171.3,607.07,6.643,0.49942
1982.5,1327.7,6.6058,0.49966
742.8,1501.2,6.5885,0.49989
388.1,684.7,6.6317,0.49959
1361.5,1171.9,6.6115,0.49966
726.29,1247.6,6.6035,0.49977
2289.6,1080.7,6.622,0.4995
674.2,715.25,6.6327,0.49955
331.44,787.34,6.6252,0.49965
281.83,420.16,6.6487,0.49948
1274,381.75,6.6606,0.49928
394.43,774.29,6.6268,0.49963
346.44,191.99,6.675,0.49926
339.86,1188.4,6.6041,0.49981
928.09,1500.1,6.5896,0.49986
1590.8,548.39,6.6484,0.49935
2345.7,1085.3,6.6223,0.4995
1021.7,1520.2,6.5883,0.49986
1340.9,1319.4,6.6029,0.49973
394.37,1426.3,6.5907,0.49991
1023.5,684.56,6.6366,0.49949
1566.7,564.9,6.6474,0.49936
1169,831.88,6.6287,0.49954
400.02,704.92,6.6306,0.4996
1625.6,886.96,6.6285,0.4995
1641.4,1614.2,6.5846,0.49985
1391.4,1089.2,6.6167,0.49961
2234.6,1201.5,6.6147,0.49957
1389.7,1140.3,6.6132,0.49964
857.79,1501.1,6.5891,0.49987
481.36,912.97,6.62,0.49967
1011.5,1607.7,6.5819,0.49991
427.69,1187.3,6.6046,0.4998
580.44,501.61,6.6458,0.49945
2159.7,1010.4,6.6245,0.4995
601.63,857.3,6.6241,0.49962
2570.8,1079.8,6.624,0.49946
1325.9,1431.8,6.5957,0.49978
1178.3,1111.7,6.6136,0.49965
436.65,260.84,6.6666,0.49931
2539.8,1085.3,6.6237,0.49947
657.48,1104.5,6.6112,0.49972
614.12,1091,6.6117,0.49972
295.76,688.83,6.6303,0.49962
2111.6,1266.9,6.6104,0.49961
393.08,601.96,6.6367,0.49955
1369.8,639.2,6.6411,0.49942
324.61,1186.1,6.6039,0.49982
2148.3,1157.3,6.6168,0.49956
1346.7,403.73,6.6584,0.49929
1931.9,1117.5,6.6173,0.49957
1541.1,1216.3,6.61,0.49966
945.31,1366.6,6.5981,0.49979
529.04,961.28,6.6174,0.49968
865.98,1408.5,6.5951,0.49982
290.8,452.92,6.6463,0.49949
314.14,645.45,6.6334,0.49959
286.79,432.84,6.6476,0.49948
1896.3,1319.3,6.6056,0.49966
1148.3,705.77,6.6358,0.49948
1352.4,611.64,6.6431,0.49941
282.08,429.03,6.6479,0.49948
1883.5,1179.4,6.6135,0.4996
378,1373.7,6.5935,0.49989
2355.1,1344.4,6.6073,0.49961
1916.4,1242.7,6.6102,0.49963
2091.7,977.82,6.6264,0.49949
290.08,452.76,6.6458,0.4995
2219.1,1101.5,6.6202,0.49953
403.33,1235.5,6.6025,0.49982
2254.8,1537.8,6.594,0.49973
2831.7,672.41,6.6502,0.49921
1561.6,883.14,6.6282,0.49951
1662.2,908.08,6.6271,0.49951
473.62,671.4,6.6335,0.49956
555.52,1298.8,6.6001,0.49982
2159.3,1288.7,6.6093,0.49962
306.96,360.98,6.6543,0.49943
402.45,1497.3,6.5861,0.49995
2210,1255.6,6.6115,0.49959
924.85,1396.4,6.5958,0.49981
672.09,1547.7,6.5847,0.49992
659.39,1092.2,6.6117,0.49971
2060.4,1275.9,6.6091,0.49963
2114.6,1016.9,6.6243,0.4995
1153.1,1409.4,6.5961,0.49979
1971.5,1368.9,6.603,0.49968
388.31,832.15,6.6233,0.49966
2009.3,1086.6,6.6196,0.49955
1170.5,861.14,6.6269,0.49955
702.97,1508.6,6.5873,0.4999
308.8,682.76,6.6308,0.49961
1529.3,1454.5,6.5955,0.49977
2505.7,1118.9,6.6214,0.49949
1952.3,1298.3,6.6075,0.49965
2551.1,1108.4,6.6222,0.49948
1170,1078.2,6.6151,0.49964
345.88,1433.9,6.5899,0.49993
1169.6,1011,6.6187,0.49961
298.39,541.92,6.6392,0.49955
902.36,777.77,6.6305,0.49954
2324.7,1235.3,6.6134,0.49957
496.24,743.85,6.6295,0.49959
1395.1,779.81,6.6327,0.49949
1033.4,1325.4,6.6006,0.49977
544.04,676.92,6.6336,0.49955
1573.9,868.68,6.6286,0.49951
1893.4,471.75,6.6556,0.49927
2337,1487.7,6.5979,0.49969
2166.7,1125.5,6.6184,0.49954
670.51,518.88,6.645,0.49945
2730,1012.7,6.6296,0.49939
1120,893.9,6.6251,0.49957
599.27,1034,6.6141,0.4997
1635.6,876.38,6.6289,0.4995
1092.3,1474.5,6.592,0.49983
2246.3,530.1,6.6535,0.49926
289.09,718.41,6.6284,0.49963
2178.8,1259.1,6.6106,0.4996
1132,1054.8,6.6165,0.49963
1704.2,1479,6.5943,0.49977
531.45,650.77,6.6348,0.49955
2736.9,1012.3,6.6297,0.49939
514.33,668.62,6.6339,0.49956
486.51,713.28,6.631,0.49958
2168.5,1303.7,6.6083,0.49962
650.43,1081.4,6.6117,0.49971
2696.8,1087.7,6.625,0.49943
1700.2,507.27,6.6516,0.49932
374.26,1456,6.5885,0.49993
2700.9,1038.7,6.6277,0.49941
1160.3,527.55,6.6475,0.49939
1561.9,870.45,6.6287,0.49951
429.75,249.07,6.6677,0.4993
2015.9,1479,6.596,0.49973
528.68,882.69,6.6214,0.49965
843.96,1500.3,6.5887,0.49987
894.7,1381.7,6.5967,0.49981
674.2,891.27,6.6224,0.49963
374.91,203.49,6.673,0.49927
471.51,249.75,6.6677,0.4993
2275.4,732.12,6.6409,0.49936
1895.7,1366.2,6.6029,0.49969
1299.1,1425.5,6.5962,0.49978
301.53,752.7,6.6267,0.49965
1747.5,496.57,6.6529,0.49931
1650.1,909.6,6.627,0.49951
1169.5,887.31,6.6253,0.49956
1948.3,1172.5,6.614,0.4996
1586.7,1143,6.6138,0.49962
2673.1,1141.8,6.6219,0.49946
1931.1,1322.2,6.6057,0.49966
560.22,732.42,6.6304,0.49958
2082.1,1220.4,6.6122,0.4996
553.32,385.23,6.6541,0.49939
399.51,705.08,6.6301,0.4996
1627,1210,6.6105,0.49965
288.02,705.71,6.629,0.49963
1069,1533.9,6.5875,0.49987
1665.1,1459.7,6.5953,0.49976
249.08,287.99,6.6604,0.49939
512.46,654.83,6.6346,0.49955
1638,1160.6,6.6134,0.49962
939.47,1423.2,6.5943,0.49982
2717,1107.3,6.6241,0.49944
1169.1,1361.4,6.5993,0.49977
286.51,283,6.662,0.49937
1566.3,638.66,6.642,0.4994
345.94,1373.1,6.5931,0.4999
545.7,615.34,6.6375,0.49952
913.79,1379.4,6.5974,0.4998
602.82,915.47,6.6205,0.49965
1087.8,1494,6.5905,0.49984
1882.8,1361,6.6031,0.49969
2041.9,1115,6.6177,0.49956
1889,1353.2,6.6032,0.49968
2260.9,417.87,6.6625,0.49919
2349.3,1023.5,6.6251,0.49948
303.61,384.98,6.6516,0.49945
1987.5,1334.6,6.6051,0.49966
1618,1135.6,6.6146,0.49961
2082.2,930.12,6.628,0.49948
547.93,1260.1,6.6011,0.49981
1058.4,1290.9,6.6025,0.49975
1010,1497,6.5893,0.49986
2226.5,860.78,6.6334,0.49942
1650.2,874.58,6.6288,0.4995
578.36,1565.9,6.5822,0.49995
480.27,629.1,6.6358,0.49954
349.08,1459.2,6.5881,0.49994
914.74,464.78,6.6505,0.49939
1650.6,885.06,6.6283,0.49951
555.15,1291.2,6.6003,0.49981
1277.5,1580.8,6.5853,0.49987
2171.9,1088.3,6.6202,0.49953
1433.4,418.82,6.6572,0.49929
890.12,1072.9,6.6135,0.49968
2072.6,1156.8,6.6158,0.49957
2206.1,1093.5,6.6199,0.49953
282.68,390.2,6.6507,0.49946
2668.1,349.93,6.6714,0.49908
1930.6,1264.7,6.6088,0.49964
1169.4,803.29,6.6298,0.49953
1345.9,322.8,6.6655,0.49924
505.62,706.78,6.631,0.49958
2015,1040.1,6.6215,0.49953
678.81,896.03,6.6218,0.49963
2256.4,1118.4,6.6188,0.49953
1980.9,1518.7,6.5931,0.49976
284.68,328.83,6.6565,0.49942
2829.1,698.14,6.6482,0.49923
1174.9,1251.2,6.6058,0.49972
1123,1519.4,6.5884,0.49986
345,1220.8,6.6019,0.49983
428.14,591.77,6.6372,0.49954
1110.1,1390.8,6.5973,0.49979
528.5,906.87,6.6201,0.49966
899.88,1374.9,6.5966,0.49981
1848.7,1607,6.5857,0.49982
398.42,663.08,6.633,0.49958
502.03,456.53,6.6476,0.49945
378.18,737.16,6.6283,0.49962
383.08,1437.7,6.5895,0.49992
2332.9,722.22,6.6418,0.49935
603.9,888.34,6.6219,0.49964
438.96,612.32,6.636,0.49955
1351.8,963.31,6.6219,0.49958
2113.2,1300,6.608,0.49963
411.62,757.09,6.627,0.49962
1065.4,636.43,6.6394,0.49946
2273.9,1236.6,6.6123,0.49958
1167.4,798.83,6.63,0.49953
1547.5,1201.8,6.6104,0.49965
1562.6,828.04,6.6308,0.49949
1059.7,1354.3,6.5988,0.49978
2118.6,948.4,6.6275,0.49948
2830,711.47,6.6474,0.49923
390.9,719.63,6.6289,0.49961
498.66,270.59,6.6655,0.49931
674.78,494.59,6.6461,0.49944
2083.6,1189.5,6.6141,0.49958
1595.4,903.96,6.6268,0.49952
2091.6,1166.1,6.6152,0.49958
2202.5,1260.1,6.6104,0.4996
1575.6,1174,6.6121,0.49964
614.83,1076.6,6.6118,0.49972
498.97,594.56,6.6376,0.49953
2182.5,1199.7,6.6141,0.49958
282.76,398.47,6.6499,0.49947
334.82,1314.1,6.5966,0.49987
2034.1,987.15,6.6243,0.49951
555.47,1208.3,6.6039,0.49979
525.86,623.7,6.636,0.49954
530.02,958.89,6.6169,0.49969
1186.4,920.24,6.6237,0.49957
1959,455.21,6.6574,0.49926
1721.8,1462.4,6.596,0.49975
853.53,1357.5,6.5976,0.4998
305.35,558.5,6.6378,0.49956
1487.9,1450.7,6.5954,0.49977
520.39,279.69,6.6646,0.49932
1700.9,1424.5,6.5979,0.49974
2251.7,1538.6,6.5934,0.49973
2484.4,1120.2,6.6203,0.4995
2089.9,1361.9,6.6036,0.49967
2738.3,1047.8,6.627,0.49941
703.69,1496,6.5882,0.49989
320.61,874.21,6.6193,0.4997
409.77,755.37,6.627,0.49962
296.67,572.5,6.6371,0.49956
2112.4,1021,6.6234,0.49951
2135.6,1126.2,6.6177,0.49955
2312.9,1491.5,6.597,0.4997
849.82,1446.4,6.592,0.49985
480.12,685.68,6.6317,0.49958
1125.8,1397,6.5966,0.49979
2739.8,1034.9,6.6282,0.4994
547.99,1263.2,6.6008,0.49981
2538.9,1082.5,6.6232,0.49947
2319.1,1014.5,6.6246,0.49948
891.59,1523,6.587,0.49988
2149.7,967.24,6.6262,0.49948
2547.1,1137.7,6.6203,0.49949
1549.1,1557.5,6.5878,0.49983
1607.1,1185.2,6.6114,0.49964
294.08,542.28,6.6386,0.49955
2317.4,1165.3,6.6164,0.49955
2037,1288.6,6.6079,0.49964
2031,1331.7,6.6053,0.49966
2748.6,333.81,6.6735,0.49904
908.84,885.84,6.624,0.49959
2115.1,1152.8,6.616,0.49957
291.53,362.08,6.6528,0.49944
2775.3,567.88,6.6554,0.49918
378,1460.4,6.5876,0.49994
906.44,597.65,6.6408,0.49946
2321.5,387.37,6.6643,0.49917
287.64,402.26,6.6495,0.49947
2690.1,1088.8,6.6244,0.49944
297.27,706.17,6.6283,0.49963
1661.3,883.39,6.6281,0.49951
481.23,866.67,6.6214,0.49966
1641.5,537.01,6.6489,0.49934
1920.8,587.12,6.6468,0.49934
2092.5,1192.4,6.6133,0.49959
2738.3,1128.6,6.623,0.49944
1643,1132.1,6.6146,0.49961
541.7,1054.3,6.6122,0.49972
2121.8,1283.9,6.6086,0.49962
382.17,1423.9,6.5902,0.49992
330.45,700.36,6.6295,0.49962
351.34,1468.8,6.5871,0.49995
1576.5,840.45,6.6297,0.4995
498.67,632.52,6.6353,0.49955
1058.9,515.96,6.6474,0.4994
304.01,760.22,6.6256,0.49965
422.79,619.56,6.6354,0.49956
1371,1002.2,6.6198,0.49959
1843,1324.9,6.6046,0.49968
473.31,451.87,6.6473,0.49946
305.45,325.04,6.6569,0.49941
2250.3,1235,6.6119,0.49959
850.3,1260.5,6.6027,0.49977
390.35,1485.1,6.5867,0.49994
384.41,227.77,6.6698,0.49929
582.55,865.22,6.6223,0.49964
351.34,201.29,6.673,0.49927
1513.6,1488.7,6.5925,0.49979
789.62,603.9,6.6395,0.49948
435.48,789.92,6.6254,0.49963
1169.6,827.71,6.628,0.49954
1887.8,1324.4,6.6047,0.49967
1785.2,1329.3,6.604,0.49969
427.75,252.67,6.6667,0.49931
1754.6,487.87,6.6527,0.49931
933.3,1362.9,6.5975,0.4998
972.72,499.54,6.6479,0.4994
743.9,1526.6,6.5858,0.49991
373.25,1344.5,6.5948,0.49988
1376.1,1274.1,6.6047,0.49971
567.58,1550.5,6.5827,0.49995
2792.1,550.46,6.6563,0.49917
542.59,765.58,6.6274,0.4996
1294.8,399.98,6.6573,0.4993
503.59,615.44,6.6361,0.49954
2158.2,1200.5,6.6132,0.49959
676.98,1363.2,6.5963,0.49983
308.83,714.57,6.6278,0.49963
631.24,822.11,6.6253,0.49961
497.04,272.17,6.6649,0.49932
2403.6,393.31,6.6648,0.49916
282.51,429.47,6.647,0.49949
2074.5,1334.9,6.6052,0.49965
305.96,465.12,6.6442,0.49951
1528.3,589.75,6.6443,0.49939
2319.4,1245.2,6.6119,0.49958
1537.3,1488.6,6.5926,0.49979
2723.9,1009.2,6.6291,0.4994
2034.1,1269.4,6.6084,0.49963
310.27,449.6,6.6458,0.49949
1986.4,1334.3,6.6047,0.49967
284.86,278.51,6.6616,0.49938
2153.5,965.31,6.626,0.49949
2691.9,1069.9,6.6253,0.49943
2048.3,1302.7,6.6066,0.49965
2528.8,1136.2,6.6201,0.4995
1055,550.54,6.6446,0.49942
521.53,649.13,6.6341,0.49955
517.06,672.67,6.6325,0.49957
1171.4,1248.2,6.6056,0.49972
476.09,752.03,6.6275,0.49961
428.29,684.77,6.631,0.49959
546.45,1130.5,6.6079,0.49975
1959.3,1186.3,6.6132,0.4996
562.45,644.63,6.6346,0.49954
2106.2,1052.5,6.6213,0.49953
2081.7,1152.7,6.6152,0.49958
682.86,494.99,6.6461,0.49944
1026.7,1370.9,6.5975,0.49979
659.04,561.06,6.6413,0.49948
420.36,1492.2,6.586,0.49994
1973.6,454.88,6.6572,0.49926
1150.6,724.48,6.6338,0.4995
2613,377.04,6.6676,0.49911
460.86,515.89,6.6426,0.49949
903.82,649.21,6.6368,0.49949
2070.2,1502.6,6.594,0.49974
1126.4,709.57,6.6348,0.49949
540.42,276.55,6.6643,0.49931
2203.9,935.68,6.6278,0.49947
1892,1364.1,6.602,0.49969
1575.7,891.88,6.6265,0.49952
1633,1196.7,6.6112,0.49964
318.07,824.59,6.6216,0.49968
304.45,765.76,6.6249,0.49966
901.21,817.25,6.6273,0.49957
388.04,228.51,6.6696,0.49929
2738.1,351.81,6.6712,0.49906
2105.3,413.65,6.6604,0.49922
249.9,303.25,6.658,0.49941
2159.5,996.03,6.6246,0.4995
1133.1,1496,6.5894,0.49985
2145.4,1194,6.6133,0.49959
1950.4,1173.7,6.6133,0.4996
1933.1,1201.3,6.6119,0.49961
433.91,1036.3,6.6122,0.49974
429.63,669.03,6.6318,0.49958
1538.5,1491.4,6.5918,0.4998
1940.8,1159.3,6.6143,0.49959
1515.7,1606.6,6.5835,0.49987
2084.5,1353.3,6.604,0.49966
472.85,523.68,6.6421,0.4995
843.17,1524.1,6.5863,0.49989
2738.6,352.78,6.6711,0.49907
318.88,439.96,6.6461,0.49949
2688.9,794.46,6.6402,0.49932
727.3,1233.2,6.6032,0.49977
1573.1,1214,6.6093,0.49966
1552.5,1557.1,6.5876,0.49983
1597.6,866.57,6.6283,0.49951
2205.9,1278.8,6.6088,0.49962
2119.9,916.64,6.6287,0.49947
634.5,1098.3,6.6099,0.49973
2778.7,434.5,6.6647,0.49911
1697.1,1463.6,6.5948,0.49976
1001.8,1519,6.5876,0.49987
2716.7,1052.6,6.626,0.49942
619.35,1079.7,6.6115,0.49972
763.35,1176.8,6.607,0.49974
1883.2,1118.7,6.6162,0.49958
704.02,1369.8,6.5957,0.49983
1953.8,1292.9,6.6068,0.49965
2120.8,1264.9,6.609,0.49962
374.91,1433.7,6.5891,0.49993
1452.6,1487.2,6.5919,0.4998
2065.7,1296.4,6.6069,0.49964
346.74,805.22,6.623,0.49967
480.69,683.83,6.6314,0.49958
924.91,1606.6,6.5801,0.49994
438.23,651.3,6.6329,0.49957
1857.4,1354.5,6.6022,0.49969
2001,1111,6.6169,0.49957
1972.1,1527.7,6.5921,0.49977
2308.7,1027.7,6.6238,0.49949
1544.7,1204,6.6096,0.49966
1094.1,1518.9,6.5876,0.49986
681.99,1118.9,6.6091,0.49973
2520.3,1114.5,6.6204,0.49949
1597.9,880.61,6.6275,0.49951
2830.9,722.4,6.6462,0.49924
1151,1356.3,6.5984,0.49977
2528,1140,6.6196,0.4995
535.53,712.27,6.6302,0.49958
423.12,639.91,6.6334,0.49957
2717.5,323.04,6.6734,0.49905
2184.2,1036.6,6.6221,0.49951
2126.1,820.45,6.6335,0.49943
1638,1224,6.6087,0.49966
560.64,1078.9,6.6104,0.49973
433.8,1039.9,6.6113,0.49974
1549.4,938.16,6.6242,0.49954
2142.8,990.18,6.6244,0.4995
664.8,1061,6.612,0.49971
303.81,384.21,6.6509,0.49946
474.02,441.99,6.6482,0.49945
438.19,1039.7,6.6113,0.49974
2300.5,1078.7,6.6209,0.49951
288.97,434.05,6.6465,0.49949
689.54,792.44,6.6271,0.49959
520.23,674.19,6.6328,0.49956
384.38,387.61,6.6517,0.49943
1661.9,859.99,6.629,0.4995
341.95,1187.9,6.6029,0.49982
602.8,858.98,6.6228,0.49963
1656.2,1439.3,6.5962,0.49976
2702,359.78,6.6699,0.49908
2195.9,1014.5,6.6233,0.4995
1139,1476.7,6.5906,0.49984
2153.1,1261.8,6.6095,0.49962
695.61,1161.6,6.6068,0.49975
398.72,244.54,6.6666,0.49932
374.93,1422.6,6.5895,0.49992
2681.7,1102.5,6.6231,0.49945
310.36,440.09,6.6463,0.49949
1846.6,1605.9,6.5851,0.49983
2314,1164.5,6.616,0.49955
2375.9,1531.1,6.5948,0.49971
830.68,1260.3,6.6025,0.49977
465.55,602.42,6.6366,0.49954
2625.3,358.92,6.6693,0.4991
1862.4,1357.4,6.6024,0.49969
451.93,378.31,6.6538,0.49941
2031.3,1105.9,6.6172,0.49956
303.9,560.26,6.6374,0.49956
880.39,1378.7,6.5959,0.49982
2701.2,1114.3,6.6227,0.49945
2263.4,1541.4,6.5922,0.49974
1330.1,1421.2,6.5952,0.49979
318.02,786.25,6.6236,0.49967
2167.1,1122.2,6.6176,0.49955
1903.4,1480.3,6.5943,0.49975
2469.7,1495,6.5977,0.49968
2157.6,998.67,6.6242,0.4995
1939,1247.3,6.6092,0.49963
1915,1349.3,6.6028,0.49969
2274.9,1170.9,6.6156,0.49956
2356,1051.1,6.6223,0.4995
1196.3,406.32,6.6561,0.49932
495.47,592.26,6.6371,0.49953
313.57,736.15,6.6267,0.49964
717.71,827.14,6.625,0.4996
1986.3,1366.5,6.6021,0.49969
407.78,1535.3,6.5826,0.49997
1514.2,1627,6.5816,0.49988
373.08,1333.1,6.595,0.49988
709.26,1291.5,6.5996,0.4998
1987.2,1112.9,6.6165,0.49957
1102.9,1560,6.5848,0.49988
2241.8,1063.9,6.6208,0.49952
2086.9,1159.6,6.615,0.49958
1372.2,624.12,6.6408,0.49943
849.88,1473.1,6.5896,0.49987
1789.1,476.42,6.6533,0.4993
533.7,652.93,6.6336,0.49956
2107.4,1067.9,6.6203,0.49953
1981,1350.6,6.6029,0.49968
2538.7,1095.3,6.6218,0.49948
403.24,710.36,6.6292,0.49961
2162.5,912.73,6.6285,0.49947
2027.6,1318.2,6.6055,0.49966
418.49,1046.2,6.6114,0.49975
1133.7,1398.3,6.5962,0.49979
415.34,697.42,6.6301,0.4996
586.22,1124.2,6.6084,0.49975
2052.2,1495.6,6.5944,0.49974
2019.6,1288.1,6.6069,0.49965
2483.4,1112.7,6.6205,0.4995
1875.4,1198.8,6.6116,0.49962
2033.8,1017.8,6.622,0.49953
938.35,1448.8,6.5917,0.49984
1975.5,1330.8,6.6044,0.49967
