901.5,259.58,6.7189,0.49887
1515.6,1610.1,6.6305,0.49951
1509.5,1620.9,6.6294,0.49952
917.36,263.92,6.7164,0.49889
860.47,266.24,6.7136,0.49891
938.18,283.06,6.7108,0.49893
855.56,277.52,6.7093,0.49894
856.4,281.02,6.7087,0.49895
876.04,275.16,6.7089,0.49894
411.86,1594.9,6.6177,0.49971
413.52,1612.2,6.6147,0.49973
913.53,296.98,6.7027,0.49899
2038.2,1429,6.6362,0.49942
894.13,297.6,6.7023,0.49899
1396.4,1185.3,6.6474,0.49938
1129,1167.2,6.6466,0.49941
2004.3,856.98,6.6681,0.49918
1770.7,1216.5,6.647,0.49936
1431.4,1641.7,6.6159,0.49963
920.42,298.39,6.7012,0.499
1810.8,834.25,6.6671,0.4992
2049.4,819.17,6.6684,0.49917
1356.8,1201.2,6.6436,0.49941
1736.5,1225.9,6.6438,0.49938
1385.9,1205.6,6.643,0.49942
2044.1,792.59,6.669,0.49916
1087.7,1182,6.6421,0.49944
1168.6,1188.6,6.6421,0.49944
877.53,306.29,6.6975,0.49903
2055.5,883.56,6.6635,0.49921
592.43,1135.6,6.6407,0.4995
1197.5,1193.8,6.6413,0.49944
1755.3,1229.2,6.6422,0.49939
1991.7,822.04,6.6657,0.49919
915.7,304.62,6.6972,0.49903
1349.8,1207.2,6.6407,0.49943
1971,851.69,6.6631,0.49921
1164.6,1202.4,6.6394,0.49946
1795.6,1241.1,6.6406,0.4994
1194,1205.6,6.6392,0.49946
1976.7,887.82,6.6603,0.49924
1423.8,1222.8,6.6389,0.49944
1779.9,859.57,6.6606,0.49925
2287.6,528.69,6.6834,0.49903
585.3,1130.6,6.6383,0.49952
1709.3,848.51,6.6602,0.49926
1735.3,853.45,6.6601,0.49925
872.74,313.61,6.6929,0.49906
1778.2,860.4,6.6596,0.49926
1112.1,1119.5,6.6419,0.49944
1111.4,1207.8,6.6368,0.49948
2548.9,730.68,6.6716,0.49909
655.13,1063.9,6.6416,0.49948
1010.9,1537.7,6.615,0.49966
1077.7,1117.2,6.6415,0.49945
2032.1,904.94,6.658,0.49925
1898.4,1525.9,6.6209,0.49955
2020.2,815.23,6.6626,0.49921
1079.3,1208.2,6.6359,0.49949
630.41,1158.4,6.6359,0.49953
564.85,1157.1,6.6351,0.49954
915.57,1102.2,6.6406,0.49947
1338.4,1143.8,6.6407,0.49943
563.67,1059.5,6.6403,0.4995
1990.5,869.09,6.659,0.49924
653.02,1026.5,6.6426,0.49947
1989.8,1138,6.6449,0.49935
385.1,1023.1,6.6404,0.49953
435.42,1036.8,6.6402,0.49952
872.58,280.95,6.695,0.49904
2022.7,846.74,6.6603,0.49923
418.05,1128.1,6.6347,0.49957
1416.7,1229.4,6.6355,0.49947
2220.1,883.55,6.6589,0.49923
591.84,1058.8,6.6395,0.4995
2157.7,1441.8,6.6261,0.49949
1368.7,1114.2,6.6413,0.49943
2549.6,736.69,6.6692,0.49911
365.55,1023.7,6.6391,0.49954
1705.5,867.69,6.6558,0.49929
2216.1,857,6.6594,0.49922
653.45,1082.2,6.638,0.49951
560.76,1019.4,6.6404,0.4995
1405.3,823.34,6.6563,0.49931
414.63,1039.7,6.6379,0.49954
2291.2,541.57,6.6783,0.49907
1367.1,1155.3,6.6379,0.49945
809.83,1186.6,6.6329,0.49953
625.05,1030.5,6.6399,0.4995
390.15,1131.6,6.6324,0.49959
2554.3,768.29,6.6661,0.49913
2581.8,867.2,6.6608,0.49917
807.06,1097.1,6.6374,0.4995
1435.1,1538,6.6137,0.49964
1472.3,1502.8,6.6167,0.49961
274.08,1002.3,6.6374,0.49957
1410.4,1160.8,6.6371,0.49945
836.63,1162.5,6.6331,0.49953
588.79,1135.4,6.6328,0.49956
1442.5,1128.8,6.6388,0.49944
1968.9,907.65,6.6537,0.49929
835.88,1122.2,6.6352,0.49951
882.8,1198.6,6.6318,0.49954
653.92,1145,6.6326,0.49955
371.36,1130,6.6313,0.4996
1436.9,1245.1,6.6319,0.49949
1707.5,1184,6.6369,0.49944
652.64,1103.5,6.6346,0.49954
1183.1,1107.6,6.6381,0.49946
1734.9,1182.1,6.637,0.49943
1104.3,1100.2,6.638,0.49947
2022,889.65,6.6545,0.49927
2019.5,857.09,6.6561,0.49926
1677.4,1489.9,6.6176,0.49959
1735.1,1154.8,6.6381,0.49942
996.85,1565.3,6.6081,0.49971
1182.9,1159.6,6.6345,0.49949
2221.4,949.76,6.6521,0.49928
1355.1,824.15,6.6541,0.49933
1182.1,1196.9,6.6322,0.49951
626.89,1086.6,6.6353,0.49953
1103.3,1191.1,6.632,0.49952
2567.8,882.32,6.6581,0.49919
2565.3,738.69,6.6662,0.49913
1362.7,1157.5,6.6356,0.49947
835.49,1067.6,6.6375,0.4995
1421.5,1558.1,6.6105,0.49966
290.84,1013.7,6.6356,0.49958
2592,1115.5,6.6457,0.49929
2377.1,1196.3,6.6392,0.49936
1434.3,1242.7,6.6312,0.4995
441.98,1147.5,6.6301,0.4996
1323.2,821.92,6.6535,0.49933
911.33,1135.7,6.6335,0.49952
1731.4,1232.8,6.6326,0.49947
1149.2,1103.2,6.6371,0.49947
911.82,1175.8,6.6312,0.49954
853.05,263.87,6.6921,0.49907
837.12,1198.2,6.63,0.49955
2591.4,871.8,6.6583,0.49919
852.21,269.71,6.6914,0.49907
1070,1095.7,6.6369,0.49948
862.23,305.3,6.6876,0.4991
1360.9,1212.4,6.6314,0.4995
1437.5,1217.2,6.6316,0.4995
1103.2,1100.9,6.6366,0.49948
1704.4,1156,6.6367,0.49944
1732.4,1202.9,6.6336,0.49946
2211.5,1175.8,6.6389,0.49938
1407.1,1133.7,6.6361,0.49946
1328.5,1121.6,6.6364,0.49947
1329.1,1127.1,6.636,0.49947
1729.8,1191.6,6.6346,0.49945
439.09,1119.6,6.6297,0.4996
588.04,1101.7,6.6319,0.49956
2730.2,716.46,6.6678,0.49909
1798.3,1165.7,6.636,0.49944
386.47,1063.6,6.632,0.49959
1989.5,896.24,6.6514,0.4993
806.71,1115.6,6.6332,0.49953
583.13,1077,6.6332,0.49955
993.41,1566.6,6.6059,0.49973
1961,1206.2,6.6343,0.49944
2584.4,883.37,6.6561,0.49921
2196.3,873.25,6.6538,0.49927
1360.1,1181.2,6.6318,0.4995
437.34,1076.7,6.6313,0.49959
1787.7,1271.1,6.6294,0.49949
1793.8,1241.7,6.6306,0.49948
2203.9,855.23,6.6551,0.49925
2567.1,886.39,6.6557,0.49921
1960.1,1210,6.6337,0.49944
2015.2,840.38,6.6542,0.49928
561.93,1031.6,6.6353,0.49954
1852.1,1527.8,6.6129,0.49961
2720,715.58,6.6668,0.4991
389.71,1112.7,6.6285,0.49962
1984.5,1181.6,6.6351,0.49943
817.66,1215.2,6.6265,0.49958
1665.2,1490.6,6.6144,0.49961
1768.6,1195.1,6.6331,0.49946
846.15,304.19,6.6853,0.49912
576.54,1189.7,6.6261,0.49961
851.49,265.74,6.6898,0.49908
1435.7,1188.3,6.6312,0.4995
2577.1,743.85,6.6632,0.49915
397.38,1067.6,6.6307,0.4996
1721.2,825.87,6.653,0.49931
2029.4,1282.4,6.6294,0.49947
658.9,1062.9,6.6336,0.49954
837.45,1164.2,6.6295,0.49956
2570.5,773.9,6.6614,0.49917
2022.7,930.13,6.6488,0.49932
1986.7,873.9,6.6513,0.4993
1095.2,803.97,6.6505,0.49937
1100.7,1163,6.6305,0.49953
1434.2,1171.6,6.6323,0.49949
835.78,1123,6.6317,0.49954
2151.2,1489.3,6.6165,0.49956
2040.1,905.45,6.6501,0.49931
2197.6,903.6,6.6511,0.49929
1433.6,1176.7,6.632,0.49949
1960.1,1181.1,6.6345,0.49943
1789.5,1146.4,6.636,0.49944
582.65,1052.8,6.6331,0.49955
1980.2,1210.3,6.6328,0.49945
1403.7,1135.1,6.6339,0.49948
2367.5,868.65,6.6539,0.49925
1767.4,1201,6.6321,0.49947
641.53,1201.2,6.6252,0.49961
1694.8,1515,6.6121,0.49963
1069.2,1150.2,6.6312,0.49952
2200.8,1291.1,6.6293,0.49946
283.12,1119,6.6266,0.49965
2374.1,981.38,6.6476,0.4993
1672.3,1560.5,6.6083,0.49966
2018.7,908.2,6.6491,0.49932
1965.2,817.16,6.6544,0.49928
1024.6,1501.6,6.6089,0.4997
1833.4,1544.7,6.6103,0.49963
910.55,1090.2,6.633,0.49952
2007.3,1285.3,6.628,0.49948
1978.6,839.33,6.6526,0.49929
2738.1,1097.1,6.6446,0.49927
578.11,1165.6,6.6262,0.49961
1626.6,1562.2,6.6075,0.49967
593.86,1140.2,6.6279,0.49959
882.21,1211.6,6.6261,0.49958
658.6,1149.4,6.6279,0.49959
640.14,1201.7,6.6246,0.49961
1767.4,1170.4,6.6329,0.49946
2746.6,856.22,6.6573,0.49917
2044.4,913.07,6.6482,0.49932
627.9,1048.6,6.6331,0.49955
1091,800.46,6.6495,0.49938
846.23,289.62,6.6852,0.49912
1973.2,1270.2,6.6281,0.49948
438.56,1014.1,6.633,0.49957
1699.3,1493.8,6.6125,0.49963
1834.8,1539.1,6.6099,0.49964
1850.9,1540.9,6.6095,0.49964
1041.8,468.85,6.6703,0.49922
879.71,1087.5,6.6323,0.49953
1988.4,936.08,6.6465,0.49934
865.24,320.03,6.6819,0.49914
1169.9,1246.3,6.6248,0.49957
1761.7,838.66,6.6506,0.49932
630.82,1147.6,6.6271,0.4996
2317.5,561.45,6.6703,0.49912
807.33,1166.7,6.6273,0.49958
829.68,1221.7,6.624,0.4996
844.9,300.53,6.6836,0.49913
2728.2,856.78,6.6565,0.49918
2735.5,857.71,6.6565,0.49918
1647.6,1513.9,6.6104,0.49965
1796.3,910,6.6465,0.49935
387.14,1089,6.6275,0.49962
369.2,997.09,6.6327,0.49959
816.24,1220.2,6.6239,0.4996
1946.3,1285.8,6.6265,0.4995
1417.6,1262.6,6.6249,0.49955
1105.4,1121.1,6.6311,0.49952
2208.2,1206.3,6.6326,0.49943
1100.3,1203,6.6266,0.49956
845.47,308.58,6.6825,0.49914
1599,1564,6.6061,0.49968
388.53,1003.6,6.6324,0.49958
589.09,1198.7,6.6233,0.49963
2034.5,1230.8,6.6296,0.49947
1833.7,1538.1,6.6092,0.49964
1954.7,839.2,6.6511,0.4993
1978.1,1227.8,6.6294,0.49947
1451.1,1500.8,6.6097,0.49966
2715.1,724.15,6.6633,0.49913
2194.6,879.06,6.6502,0.49929
1629.3,1492.6,6.6114,0.49964
1787.5,844.76,6.6497,0.49933
450.84,1174.8,6.6233,0.49965
1627.6,1495.3,6.6111,0.49964
301.05,1130.5,6.6242,0.49967
1066.7,1195.4,6.6265,0.49956
1352.6,818.75,6.6482,0.49937
1962.9,924.08,6.646,0.49934
2041.8,890.28,6.648,0.49932
400.98,1166.1,6.623,0.49966
2437.4,1465.9,6.6181,0.49952
1359.6,853.35,6.6464,0.49938
1168.8,819.59,6.6475,0.49939
1717,803.94,6.6513,0.49932
1320.9,1214.5,6.6267,0.49954
418.43,1012.2,6.6317,0.49959
1690.1,1236.6,6.6273,0.49951
2746.4,858.78,6.6558,0.49918
845.94,284.98,6.6844,0.49913
1703.4,1266.5,6.6259,0.49952
881.31,290.65,6.6839,0.49913
1327.4,1259.4,6.6237,0.49956
587.42,1113.7,6.6273,0.4996
2569.2,1132,6.6389,0.49934
1700.7,781.14,6.6529,0.49931
2544.2,772.09,6.6582,0.49919
297.81,1096.6,6.6249,0.49966
1620.3,1560,6.6059,0.49968
295.32,1050.1,6.6273,0.49964
2193.9,1290.5,6.627,0.49947
1642.6,1516.8,6.6091,0.49966
1107.1,1173.7,6.6272,0.49955
2559.6,1256.4,6.6317,0.4994
832.06,1223.3,6.6228,0.49961
2350.4,1307,6.6267,0.49946
1152.1,1249.8,6.623,0.49958
2215.1,942.53,6.6461,0.49932
1788.6,1218.9,6.6279,0.4995
1693.2,864.61,6.6472,0.49935
1691.6,832.67,6.6489,0.49934
1162,722.55,6.6523,0.49935
1359.9,1147.1,6.6298,0.49951
1104.7,1207.6,6.625,0.49957
1144.3,1202.8,6.6257,0.49956
912.28,1181.3,6.6255,0.49958
1345.6,751.05,6.6516,0.49934
2546.5,1260,6.6309,0.49941
1075.6,1245.4,6.6224,0.49959
1430.7,832.63,6.6468,0.49938
592.17,1201,6.6217,0.49964
1394.6,791.63,6.6493,0.49936
2572.8,1587.1,6.6092,0.49957
2736,858.41,6.6547,0.49919
648.24,1581.2,6.5982,0.49982
386.07,1167.8,6.6215,0.49967
2582.2,776.26,6.6574,0.4992
1715.4,1494.8,6.6101,0.49964
2368.3,899.2,6.6487,0.49929
1353,1218.2,6.6254,0.49955
2015.8,890.72,6.6467,0.49933
866.05,307.06,6.6808,0.49915
1687.9,1261.6,6.6244,0.49953
878.72,309.18,6.6806,0.49915
2031.2,1194.9,6.6301,0.49946
387.9,1170.1,6.621,0.49967
2322.1,565.2,6.6677,0.49914
2741,1046.9,6.6447,0.49927
1785,1205.9,6.628,0.4995
1340.1,1262.6,6.6222,0.49957
2586.2,1122.5,6.6383,0.49934
1691.4,1492.7,6.6098,0.49965
1729.2,908.01,6.6438,0.49938
1762.8,877.3,6.6458,0.49936
1678.9,1560.2,6.6047,0.49969
1167.5,791.55,6.6473,0.49939
279.99,975.31,6.6303,0.49962
1423.5,765.21,6.6502,0.49935
2561.7,823.69,6.654,0.49922
2019.6,936.62,6.6438,0.49936
2583.2,1251.6,6.6307,0.4994
2564.5,860.76,6.652,0.49924
1688.9,804.24,6.6493,0.49934
2330.6,1312.4,6.6249,0.49948
2019.8,934.82,6.6438,0.49936
574.24,1062.4,6.6283,0.49959
295.59,982.03,6.63,0.49962
1088.6,1248.3,6.6214,0.4996
1176.2,1207.1,6.6244,0.49957
2718.8,719.16,6.6618,0.49914
845.02,303.05,6.6805,0.49916
1956.8,877.87,6.6465,0.49934
576.1,1064.4,6.628,0.49959
2009.3,1196.5,6.6292,0.49947
1775.3,1276,6.6235,0.49953
649.86,1076.8,6.6278,0.49959
1072.2,461.59,6.6675,0.49924
1966.5,1253.5,6.6258,0.4995
591.92,1050.7,6.6291,0.49958
876.46,328.31,6.6777,0.49918
2255.8,900.71,6.6468,0.49931
2345.2,1213.9,6.6302,0.49943
482.6,282.11,6.6798,0.4992
2257.1,926.9,6.6454,0.49932
1166.7,768.33,6.6476,0.49939
2196.5,944.03,6.644,0.49934
437.96,1181.5,6.6201,0.49967
2332,1217.4,6.6299,0.49944
845.78,294.71,6.681,0.49915
1589.3,1563,6.6032,0.4997
1399.8,1267.1,6.6215,0.49958
2571.9,1253.3,6.6299,0.49941
640.3,1076.2,6.6274,0.49959
2230.2,1213.2,6.6293,0.49945
2202.4,1208.8,6.6294,0.49945
447.99,1038.8,6.6278,0.49961
2564.8,1159.3,6.6351,0.49937
1716.9,1250.3,6.624,0.49953
1429.3,807.54,6.6466,0.49938
2315.8,1315.6,6.6239,0.49949
1106,1214.3,6.6228,0.49959
1077.7,1175.9,6.6247,0.49957
1184.1,1137.2,6.6274,0.49954
651.92,1076.6,6.6274,0.49959
1335.2,1641.5,6.5953,0.49979
1701,1280.6,6.6221,0.49955
2023.8,1263.2,6.6247,0.49951
1697.7,893.51,6.6435,0.49938
1138.6,1135.4,6.6274,0.49955
2560.7,808.72,6.6539,0.49923
1752.9,1267.2,6.6231,0.49954
2255.5,898.56,6.6466,0.49932
2198.6,1233.7,6.6278,0.49947
1087.2,748.74,6.6484,0.49939
386.64,1168.7,6.62,0.49968
1091.1,1248.7,6.6206,0.4996
668.82,1175.1,6.622,0.49963
1099.8,1173.2,6.625,0.49957
1072.9,1247.4,6.6204,0.49961
1396.2,828.75,6.6453,0.49939
1687.5,1542,6.6045,0.49969
1969.6,1555.9,6.6055,0.49966
655.96,1214.1,6.6196,0.49965
848.95,283.61,6.6819,0.49914
2553.6,1141.9,6.6354,0.49937
877.25,317.66,6.6782,0.49917
1315.9,784.94,6.6474,0.49938
2240.5,899.66,6.646,0.49932
1349.2,789.19,6.6472,0.49938
1436.2,1159.2,6.6271,0.49953
2728.3,754.86,6.6585,0.49916
1785.4,822.53,6.6476,0.49934
1166.1,762.21,6.6477,0.49939
2005.2,1219.7,6.6269,0.49949
2745.1,736.65,6.6596,0.49915
1159.2,1242.5,6.6215,0.49959
1393.5,1157.7,6.6271,0.49953
882.65,1183.8,6.6228,0.4996
437.72,1181.7,6.6193,0.49968
606.26,1180.7,6.6206,0.49965
893.2,1235.4,6.6196,0.49963
2352.2,889.22,6.6471,0.4993
449.98,1126.8,6.6225,0.49965
2028.7,842.38,6.6481,0.49932
597.44,303.19,6.6775,0.4992
1175.2,834.59,6.6432,0.49942
2241.5,923.12,6.6444,0.49933
2720.5,752.26,6.6581,0.49917
2042,954.74,6.6413,0.49937
1975.3,1197.3,6.6275,0.49949
2023.9,1223.5,6.6265,0.49949
2577.9,833.08,6.6519,0.49924
297.4,1150.3,6.6191,0.4997
397.36,1175.5,6.6189,0.49969
2182.8,1211,6.6281,0.49947
2258,982.29,6.6412,0.49936
2555.6,910.05,6.6474,0.49928
296.63,1149.1,6.6191,0.49971
2004,1222.4,6.6262,0.49949
1105.9,1229.1,6.6207,0.4996
606.01,1168.3,6.6209,0.49965
430.15,1037.4,6.6265,0.49962
846.27,1209.1,6.6204,0.49963
1711.6,1243.2,6.6234,0.49954
431.5,1038.8,6.6263,0.49962
2229.2,1301,6.6229,0.4995
1618.7,1543.7,6.6031,0.4997
428.25,1181.6,6.6186,0.49969
1722.8,1181.2,6.6267,0.49951
2564.8,858.43,6.65,0.49926
658.85,1214.7,6.6187,0.49966
573.36,1149.2,6.6218,0.49964
818.62,1100.8,6.6259,0.49959
2027.1,1176.8,6.6293,0.49947
847.45,1194.2,6.6209,0.49962
288.22,996.16,6.6267,0.49965
1425.1,1268.9,6.62,0.49958
2037.6,1176.3,6.6293,0.49947
2353,911.47,6.6451,0.49932
847.79,1207.4,6.6201,0.49963
606.23,1184.6,6.6197,0.49965
1766.5,906.01,6.6417,0.49939
2179.2,1232.2,6.6263,0.49948
2579,850.8,6.6503,0.49925
1751.7,1246.9,6.623,0.49954
420.54,272.62,6.6784,0.49922
1169.8,803.48,6.6437,0.49942
1092.1,1132.1,6.6256,0.49957
1090.4,1215.9,6.6209,0.4996
833.04,1470.2,6.6037,0.49976
1083.8,1238.3,6.6202,0.49961
528.84,292.18,6.6771,0.49921
1171.7,1138.4,6.6256,0.49956
2242,1215.6,6.6274,0.49947
918.5,1112.2,6.6255,0.49958
624.7,1073.7,6.6259,0.4996
2563.8,842.16,6.6503,0.49925
653.72,304.73,6.6765,0.49921
294.36,246.7,6.6796,0.49923
1693.8,1522.3,6.6044,0.49969
2578.7,1154.9,6.6335,0.49938
1169,1139.8,6.6253,0.49956
289.78,998.54,6.6261,0.49965
2742,1100.9,6.6383,0.49932
2756,869.76,6.6509,0.49922
1426.4,1271,6.6193,0.49959
2569.7,1257.5,6.6273,0.49943
879.25,301.78,6.6782,0.49917
2581.3,794.16,6.6534,0.49923
1717.8,1222.5,6.6235,0.49954
1670.9,1557.1,6.602,0.49971
907.37,1111.6,6.6252,0.49958
670.27,1151.1,6.6213,0.49963
2563.3,835.75,6.6505,0.49925
908.07,1138.4,6.6236,0.49959
1078.8,1131.8,6.6249,0.49957
1331,1154.1,6.6251,0.49955
821.84,1205.8,6.6193,0.49964
2223.5,1235.3,6.6256,0.49948
1406.7,1160,6.6251,0.49955
893.79,1161.7,6.6221,0.49961
847.8,1156.7,6.6221,0.49961
1357.9,1201.1,6.6225,0.49957
1789.8,888.01,6.6421,0.49939
1355.6,1234.7,6.6206,0.49958
1895.6,593.08,6.6597,0.49924
2590.5,1129.1,6.6345,0.49937
594.6,1181.5,6.6189,0.49966
833.42,1207.3,6.6191,0.49964
1055.7,748.76,6.646,0.49941
672.34,1192,6.6189,0.49965
1393.9,768.45,6.6466,0.49938
647.51,1176.1,6.6195,0.49965
1321.1,1648.3,6.5922,0.49981
1315.5,756.69,6.6468,0.49938
1626.1,1523.8,6.6034,0.4997
654.29,1690.7,6.5853,0.49992
1393.6,1227.3,6.6213,0.49958
854.59,286.93,6.6795,0.49916
374.86,1022.4,6.6255,0.49964
1835.7,1509.9,6.6061,0.49967
821.97,1193.4,6.6197,0.49963
1970,907.03,6.6424,0.49937
1104.7,1233.2,6.6191,0.49961
1086.3,720.73,6.6476,0.49939
434.71,276.15,6.6772,0.49923
2577.3,821.53,6.6509,0.49925
583.68,1205.5,6.6174,0.49968
1135.1,762.74,6.6454,0.49941
594.19,1168.9,6.6193,0.49966
1902.9,1583.5,6.6002,0.49971
821.24,1154.5,6.6217,0.49962
2354.4,1001.9,6.639,0.49936
818,1101.9,6.6246,0.4996
1155.4,1139.7,6.6245,0.49957
391.76,1146.1,6.6187,0.49969
670.35,1138.7,6.6215,0.49963
1091.8,1181.9,6.6217,0.4996
909.2,1238.2,6.6176,0.49964
1787.4,1187.9,6.6252,0.49952
633.7,1174.6,6.6192,0.49966
2741,760.44,6.656,0.49918
1095.1,1132.8,6.6245,0.49957
906.77,1239.4,6.6174,0.49964
383.41,1028.3,6.6249,0.49964
1938.2,1255,6.6223,0.49953
304.83,1003.9,6.6252,0.49966
2347.6,1301.2,6.6224,0.4995
1408.8,872.88,6.6403,0.49943
1711.5,1251.2,6.6212,0.49956
512.73,281.89,6.6768,0.49922
893.09,1237.3,6.6174,0.49964
293.61,247.68,6.6786,0.49924
456.59,1103.4,6.6215,0.49966
1726.1,884.46,6.641,0.4994
790.54,1579,6.5951,0.49983
1421,1162.2,6.6245,0.49955
388.37,1088.3,6.6216,0.49967
1352.7,827.45,6.6426,0.49941
2431.2,1489.9,6.6108,0.49958
606.46,1129.3,6.6213,0.49964
884.55,1096,6.6255,0.49958
1648.1,1475.5,6.6065,0.49968
1093,1215.5,6.6197,0.49961
431.23,1126.3,6.6202,0.49967
895.09,1213.5,6.6186,0.49964
658.38,1086.8,6.624,0.49962
2337.2,1235,6.6258,0.49947
578.84,302.21,6.6753,0.49922
634,311.71,6.6747,0.49922
833.75,1195.2,6.6192,0.49964
837.85,1108.2,6.624,0.4996
833.06,1156.4,6.6213,0.49962
1076.7,1131.7,6.6242,0.49958
1077.8,1217,6.6194,0.49961
1357.1,1214.7,6.621,0.49958
838.97,1092,6.6252,0.49959
586.22,1168.7,6.6188,0.49966
2547.5,780.07,6.6525,0.49924
850.32,272.76,6.6804,0.49916
2580.7,867.12,6.6479,0.49927
1345.4,1156.7,6.6241,0.49956
450.3,1188.4,6.6165,0.4997
783.13,1684.9,6.5858,0.4999
1952.8,1227.8,6.6239,0.49952
459.89,1147.7,6.6188,0.49968
2549.3,804.78,6.651,0.49925
1427.9,806.3,6.6439,0.4994
439.66,1183.4,6.6168,0.4997
2752.2,1101.5,6.6372,0.49933
833.7,1169.8,6.6204,0.49963
1724.2,823.12,6.6443,0.49937
1715.2,1235.7,6.6216,0.49955
832.35,1105.7,6.6239,0.4996
834.35,1104.6,6.624,0.4996
607.79,1168.6,6.6189,0.49966
1154.7,1187.8,6.6212,0.49959
1703.5,1491.8,6.6058,0.49968
458.25,1117.7,6.6203,0.49967
2145.5,663.96,6.656,0.49925
604.51,1126.9,6.6212,0.49964
2581.1,1136.8,6.6329,0.49939
2176.1,1235.2,6.6243,0.4995
298.82,1150.4,6.6169,0.49972
438.14,1100.5,6.621,0.49967
2576.6,806.21,6.651,0.49925
2735.8,1134,6.6353,0.49934
1984.9,924.42,6.6401,0.49939
732,318.5,6.6741,0.49922
461.22,1161.3,6.6179,0.49969
1355.2,1217.2,6.6206,0.49959
671.09,1155.6,6.6199,0.49965
285.98,1029.5,6.6231,0.49968
2737.4,1091.9,6.6375,0.49933
1353.9,804.9,6.6428,0.49941
2341.8,1007.9,6.6378,0.49938
2374.7,913.11,6.6434,0.49933
1166.9,1224,6.619,0.49961
826.16,280.5,6.6792,0.49917
444.9,1072.6,6.6224,0.49965
1998.1,1237.1,6.6228,0.49952
1295.6,1644.9,6.5916,0.49982
2759.9,1052.9,6.6401,0.4993
2165.2,1301,6.6201,0.49953
1098.3,814.65,6.6411,0.49944
1992.1,1279.6,6.6203,0.49954
1995.8,1252.7,6.6219,0.49953
1417.7,1206.8,6.6213,0.49958
1153.5,1223.2,6.6189,0.49961
902.71,1485.6,6.6012,0.49977
1082.5,1169.7,6.6221,0.49959
615.43,308.92,6.6742,0.49923
304.72,1002.1,6.6246,0.49966
827.95,1219.4,6.6179,0.49965
633.77,1148.1,6.6198,0.49965
2574.9,1244.3,6.627,0.49943
410.27,1138.1,6.6184,0.49969
429.3,1142.3,6.6184,0.49969
1712.9,1474.5,6.6061,0.49967
657.87,1151.4,6.6197,0.49965
915.04,1118.9,6.6232,0.4996
385.94,1031.2,6.6238,0.49965
263.07,240.79,6.6781,0.49925
1648,1551.2,6.6006,0.49972
2003.8,1199.2,6.6249,0.4995
912.82,1118.1,6.6232,0.4996
906.88,1115.4,6.6233,0.4996
1686.3,1253.3,6.6199,0.49957
848.32,1174.6,6.6197,0.49963
2591.9,878.38,6.6467,0.49928
1432.1,1207.7,6.6211,0.49958
1710.3,1266.2,6.6193,0.49957
1031.1,1517.2,6.5995,0.49977
1961.2,1265.6,6.6207,0.49954
903.49,1473,6.6018,0.49977
1403.8,1160.5,6.6236,0.49956
849.83,1172.3,6.6197,0.49963
427,1098.5,6.6205,0.49967
835.78,1132.3,6.6219,0.49961
636.34,1173.5,6.6183,0.49966
420.6,1039.1,6.624,0.49965
808.11,1193.7,6.6183,0.49965
658.22,1111.8,6.6218,0.49963
892.48,1139.6,6.6218,0.49961
907.54,1165.3,6.6204,0.49962
1328.4,1154.9,6.6234,0.49956
1717,917.06,6.6384,0.49942
284.75,995.09,6.6244,0.49967
300.57,1008.7,6.6238,0.49967
820.01,1131,6.6218,0.49962
2578.9,830.47,6.6492,0.49926
1096.8,1254.1,6.6164,0.49964
823.93,278.05,6.6789,0.49917
823.29,1169.7,6.6196,0.49963
848.68,1195.5,6.6184,0.49964
1712,1238.5,6.6207,0.49956
1320.3,825.52,6.6414,0.49942
411.83,1152,6.6173,0.4997
2351.8,1230.6,6.6251,0.49947
2558.4,762.97,6.6526,0.49924
1704.2,1284.1,6.6178,0.49958
822.11,325.3,6.6736,0.49921
2418,1504.9,6.6085,0.4996
2019.3,1230,6.623,0.49952
2418.3,1455.6,6.6118,0.49957
2224.2,1299.5,6.6202,0.49952
1992.5,1265.7,6.6206,0.49954
1691.2,1512.3,6.6034,0.4997
2590.4,848.27,6.648,0.49927
880.47,329.38,6.6732,0.49921
1414.6,1240.1,6.6188,0.49959
2580.7,860.8,6.6473,0.49927
895.99,1177.4,6.6194,0.49963
896.38,1202.5,6.618,0.49964
895.11,1114.8,6.6228,0.4996
443.33,1046,6.6231,0.49965
598.85,1581.4,6.5925,0.49987
633.89,1135.6,6.6199,0.49965
2567.4,892.44,6.6453,0.49929
1352.3,1251,6.6179,0.49961
2361.9,1203.2,6.6267,0.49946
1653.5,1537.3,6.6013,0.49972
1346.8,867.58,6.6388,0.49944
267.44,988.59,6.6242,0.49967
394.6,1033.2,6.6233,0.49965
988.92,1561.7,6.5962,0.4998
2241.7,932.62,6.6405,0.49936
2240.2,1196.5,6.6266,0.49947
2727.2,766.91,6.6543,0.4992
2340.6,900.34,6.6428,0.49934
809.84,1191.8,6.618,0.49965
2737.2,859.76,6.649,0.49924
636.62,1189.8,6.6168,0.49967
396.5,1062.1,6.6217,0.49967
1354.2,1248.9,6.6178,0.49961
1356.2,1201.3,6.6205,0.49959
444.73,1045.4,6.623,0.49965
650.75,316.08,6.6731,0.49923
848.68,1157.4,6.62,0.49963
2321.7,1238.9,6.624,0.49949
1965.2,1237.9,6.6216,0.49953
648.92,1138,6.6196,0.49965
671.61,1138.6,6.6198,0.49965
1413.2,1252.3,6.6177,0.4996
406.15,1126.6,6.6185,0.49969
1172.1,741.46,6.6448,0.49941
1794.9,896.73,6.639,0.49941
299.4,1004.4,6.6234,0.49967
2572.6,755.32,6.6526,0.49923
877.94,1109.8,6.6229,0.4996
2576.2,781.86,6.651,0.49925
788.63,341.18,6.671,0.49923
1332.4,866.16,6.6385,0.49945
1985.7,939.93,6.638,0.4994
610.05,1145.6,6.6188,0.49966
2219,958.52,6.6381,0.49938
2177.9,1211.4,6.6244,0.49949
808.16,1155.8,6.6196,0.49964
1173.2,1259.1,6.6158,0.49964
1430.6,841.24,6.6405,0.49942
456.69,1190.8,6.6149,0.49971
2238.5,1215.1,6.6246,0.49949
2337.2,1307.4,6.6199,0.49952
1009,448.32,6.6628,0.49928
2242.9,990.72,6.6367,0.49939
658.85,1139.7,6.6194,0.49965
1423.6,1230.8,6.6191,0.49959
575.07,1168.6,6.6171,0.49968
283.09,245.57,6.6767,0.49926
2587.8,1079.8,6.6353,0.49937
2169.1,1606.2,6.5988,0.4997
901.45,1498.5,6.5992,0.49979
562.85,300.7,6.6735,0.49924
650.01,1151.6,6.6186,0.49966
831.31,1510.7,6.5979,0.4998
2750.6,765.23,6.6539,0.4992
609.42,1148.4,6.6185,0.49966
441.5,1115.9,6.6187,0.49968
1345.4,1268.7,6.616,0.49962
2757.1,869.54,6.6481,0.49924
1169.1,1190.7,6.6196,0.49961
849.39,306.12,6.6749,0.4992
2207.7,1302,6.6191,0.49953
463.12,1165.8,6.6163,0.4997
2759.5,1104.3,6.6354,0.49934
386.4,1177.4,6.6148,0.49972
1360.6,856.53,6.6389,0.49944
1102.9,1140,6.6219,0.49959
2198.4,971.72,6.6373,0.49939
810.69,1210.3,6.6163,0.49966
1154,1141.4,6.6222,0.49959
1699.2,1254.9,6.6187,0.49958
1325.9,1247.8,6.6171,0.49961
652.19,1192.4,6.6162,0.49968
2589.9,833.06,6.648,0.49927
2187.9,1273.6,6.6201,0.49953
2061.1,1459.4,6.6084,0.49963
1168.6,1203.4,6.6187,0.49961
1403.8,1207.1,6.6198,0.49959
1092.5,766.94,6.642,0.49944
605.14,1161.8,6.6178,0.49967
809.71,1208,6.6164,0.49966
2181.3,1242.5,6.6226,0.49951
1780.6,808.31,6.6444,0.49937
2591.6,863.78,6.6462,0.49928
1355,770.16,6.6436,0.4994
2241.5,963.52,6.638,0.49938
2578.8,1118.2,6.6323,0.49939
2721.6,732.73,6.6552,0.49919
2551.7,822.78,6.6481,0.49927
818.59,1510.5,6.5976,0.49981
450.02,272.24,6.6751,0.49924
1445.3,1511.4,6.6008,0.49973
410.02,1095.9,6.6193,0.49968
675.39,1198.1,6.616,0.49968
291.97,999.4,6.6231,0.49967
1432.5,781.64,6.6433,0.4994
2193.1,1248.1,6.6215,0.49952
475.51,1519.1,6.5947,0.49987
909.25,1179.8,6.6184,0.49964
1326.6,1235.9,6.6176,0.49961
2016.1,1238.8,6.6213,0.49953
2586.8,1150.8,6.6305,0.4994
909.28,1204.6,6.617,0.49965
2363.9,1210.9,6.6251,0.49947
1340.5,1236.7,6.6176,0.49961
1725.6,858.41,6.6401,0.49941
1697.4,1266.5,6.6177,0.49958
1342.4,1215.9,6.6187,0.4996
896.57,1140.5,6.6204,0.49962
2731.9,1125.5,6.6336,0.49936
578.82,304.51,6.6728,0.49924
899.99,1152.5,6.6204,0.49962
576.58,1182.2,6.6159,0.49969
393.32,1105.4,6.6184,0.49969
687.09,1510,6.5966,0.49983
434.29,1041.6,6.6224,0.49966
2558.2,748.11,6.6522,0.49924
395.31,1035.7,6.6221,0.49966
1151,841.59,6.6381,0.49946
1938.4,1235.1,6.6209,0.49954
1153.9,1237.2,6.6164,0.49963
1946.5,1244.2,6.621,0.49954
1694.1,1183.9,6.6223,0.49955
596.6,1130.9,6.6187,0.49966
317.02,1156.8,6.6148,0.49973
1701.8,1236.7,6.6193,0.49957
2339.4,1310.4,6.6188,0.49952
1328.5,1215,6.6186,0.4996
2749,740.96,6.6547,0.49919
466.53,1518.1,6.5944,0.49987
588.57,1143.3,6.618,0.49967
675.08,1509.6,6.5964,0.49983
2040.7,909.27,6.6392,0.49939
399.22,1039.8,6.6218,0.49967
1794.5,870.44,6.6396,0.49941
647.19,1112.4,6.6201,0.49965
894.47,1114.9,6.6217,0.49961
1934.7,1264,6.6191,0.49956
395.72,1136.6,6.6166,0.49971
312.13,1158.5,6.6144,0.49974
573.96,1127.7,6.6187,0.49967
1329.3,1202.7,6.6192,0.4996
2313.2,592.49,6.6596,0.49921
1963,924.67,6.6378,0.49941
839.17,1213.2,6.6158,0.49966
2551.1,809.49,6.6485,0.49927
2549.5,1142.5,6.6303,0.49941
461.41,1123.5,6.6179,0.49969
2187.3,654.21,6.6545,0.49926
597.68,1144.6,6.6179,0.49967
1689.3,1224,6.6198,0.49957
316.42,1115.8,6.6167,0.49972
1836.7,1504.3,6.6035,0.49969
1962.1,1249.9,6.6199,0.49955
1708.2,1185,6.6221,0.49955
430.45,1098.5,6.6189,0.49968
438.95,1634.2,6.5855,0.49994
1167.4,1238.3,6.6162,0.49963
1092,1233.1,6.6161,0.49964
2772.5,896.52,6.6462,0.49925
622.05,1580.9,6.5913,0.49988
1079.2,1232.1,6.616,0.49964
301.84,1111.4,6.6167,0.49972
790.77,342.04,6.67,0.49924
430.95,1114.7,6.6179,0.49969
1339.7,1249.1,6.6164,0.49962
2582.2,886.14,6.6443,0.4993
2184.5,1268.3,6.6202,0.49953
1760.6,1188.7,6.6221,0.49954
608.52,1079.5,6.6213,0.49964
1416.6,1220.9,6.6184,0.4996
450.05,1118.5,6.6179,0.49969
1446.4,1512.1,6.6004,0.49974
2185.8,1262.9,6.6205,0.49953
1785.4,927.62,6.6365,0.49943
2012.1,1260,6.6196,0.49955
2340.4,1279.5,6.6205,0.49951
390.53,269.16,6.6744,0.49926
2233.7,1237.4,6.6222,0.49951
582.65,295.57,6.673,0.49924
1358.3,773.63,6.6427,0.49941
824.92,1212.2,6.6156,0.49967
1010.9,1547,6.5955,0.49981
286.34,1001.5,6.6222,0.49968
711.35,326.76,6.671,0.49924
2584.5,1122.6,6.6318,0.4994
925.21,1243.3,6.6143,0.49967
2507.9,1289.6,6.6214,0.49949
910.13,1217.8,6.6157,0.49966
2580.6,813.71,6.648,0.49927
388.18,1118.8,6.6175,0.4997
414.43,1156.9,6.6154,0.49971
2739.5,1125.1,6.6332,0.49936
1389.7,1552.1,6.5975,0.49976
2337.2,1292.8,6.6196,0.49952
833.66,1497.3,6.5978,0.4998
1400.8,1240.6,6.617,0.49961
299.23,1065.3,6.6189,0.49971
318.01,1129.6,6.6157,0.49973
280.67,1148.1,6.6143,0.49975
1599.7,1512.9,6.6011,0.49972
615.88,1589.4,6.5898,0.49989
817.44,1577.4,6.5925,0.49985
1959.1,896.73,6.639,0.4994
2759.3,1101.9,6.6346,0.49935
601.95,1188.6,6.6152,0.49969
626.97,1589.2,6.5898,0.49989
300.88,1007.2,6.6219,0.49968
2215.8,937.48,6.6383,0.49938
1179.9,1147.9,6.6209,0.4996
1142.5,1186.9,6.6186,0.49962
385.37,1134.7,6.6161,0.49971
396.89,1152.8,6.6153,0.49972
2596.7,867.59,6.6448,0.49929
1287.7,414.9,6.6662,0.49923
1774.6,1190,6.6218,0.49955
2572.5,741.01,6.652,0.49924
400.2,1095.8,6.6183,0.49969
303.4,1035.7,6.6204,0.49969
1750.6,1258.4,6.6177,0.49958
440.61,1073.8,6.6198,0.49967
2751.4,1101.8,6.6342,0.49935
409.15,1182.7,6.6136,0.49973
2018.6,1241.2,6.6202,0.49954
434.63,1158.5,6.6152,0.49971
1096.7,1183.7,6.6185,0.49962
1312.8,1630.4,6.5899,0.49983
1180.2,816.05,6.639,0.49945
2251.8,893.4,6.6413,0.49936
1825.9,1506.6,6.6025,0.49969
1350.9,869.01,6.637,0.49946
1138.6,1254.6,6.6147,0.49965
2027.1,910.02,6.6389,0.49939
314.3,1070.2,6.6186,0.49971
2171.8,1240.1,6.6214,0.49952
2007.9,901.26,6.6385,0.4994
2188.9,1241.3,6.6214,0.49952
464.08,283.73,6.6731,0.49925
691.91,324.09,6.6708,0.49925
1343.5,1204.1,6.6185,0.4996
2179.9,1288.5,6.6185,0.49954
1963.1,899.4,6.6386,0.4994
2730.4,850.26,6.6474,0.49925
839.02,1158.2,6.6182,0.49964
1156.1,1203.3,6.6175,0.49962
404.23,1152.2,6.6152,0.49972
1166.4,845.15,6.6372,0.49947
578.22,1167.3,6.6159,0.49969
1588.4,1555.4,6.598,0.49975
640.79,1194.5,6.6149,0.49969
2006,1233,6.6209,0.49954
1414.8,1512,6.5998,0.49974
1792.9,811.43,6.6431,0.49938
811.49,1154.9,6.6182,0.49965
839.9,1175.7,6.6172,0.49965
2590.5,836.13,6.6465,0.49928
1095.5,799.11,6.639,0.49946
2579,1271.1,6.6227,0.49947
2041.6,936.3,6.6369,0.49941
1419,757.3,6.6442,0.4994
1093.7,386.92,6.6673,0.49924
384.75,1106.6,6.6174,0.4997
446.16,1633.9,6.5849,0.49995
1178.2,1185.4,6.6187,0.49961
1758.5,1288.4,6.6158,0.49959
387.05,1030.6,6.6215,0.49967
403.6,1139.3,6.6157,0.49971
1623.1,1496.8,6.6018,0.49971
433.22,1118.5,6.6172,0.4997
392.02,1062.2,6.6197,0.49968
446.28,1148.2,6.6156,0.49971
2360.2,1227.6,6.623,0.49949
390.66,270.37,6.6736,0.49926
1958,1264.2,6.6179,0.49956
1673.3,1254.1,6.6172,0.49959
601.79,1171.2,6.6156,0.49969
1935.4,1265.7,6.618,0.49956
857.44,1553.3,6.5939,0.49983
617.84,1508.7,6.5951,0.49985
881.53,1236.2,6.6139,0.49967
1817.4,501.43,6.6619,0.49923
434.86,1142.9,6.6157,0.49971
1171.3,1224.6,6.6162,0.49963
629.52,1508.8,6.5951,0.49984
638.43,1214,6.6136,0.4997
430.72,1515.9,6.5933,0.49988
587.86,1102.6,6.6191,0.49966
320.36,1161,6.6135,0.49974
1763.3,829.42,6.6411,0.4994
1162.2,1236.5,6.616,0.49964
582.69,1159.9,6.6163,0.49968
2535.7,945.9,6.6398,0.49934
1702.7,1225.6,6.6188,0.49957
1353.9,1236.2,6.6164,0.49962
316.16,1084.4,6.6174,0.49971
2541.1,1252.7,6.6233,0.49947
2345.3,1249.4,6.6214,0.4995
1986.2,952.39,6.6351,0.49943
1163.3,1179.1,6.6191,0.49961
2232.2,1239.8,6.6212,0.49951
2033.8,935.85,6.6365,0.49941
436.69,1162.1,6.6145,0.49972
305.68,1039.1,6.6198,0.4997
2589,803.92,6.648,0.49927
2012.4,1254.6,6.6189,0.49955
1097.1,794.37,6.6393,0.49946
312.17,1099.8,6.6169,0.49972
1364.1,857.04,6.6371,0.49945
2198.3,985.78,6.6348,0.49941
871.31,1496.6,6.5975,0.4998
607.85,1214.6,6.6129,0.49971
384.65,1104.4,6.617,0.4997
1687.3,1236.5,6.618,0.49958
2589.8,820.11,6.647,0.49928
447.77,1161.4,6.6146,0.49971
1141.6,1189.7,6.6177,0.49962
640.2,1154.6,6.6165,0.49968
2742.3,739.66,6.6531,0.4992
1651.2,460.14,6.6635,0.49923
303.63,1004.7,6.6215,0.49968
1898.8,515.6,6.661,0.49923
387.7,1148.7,6.6146,0.49972
664.74,1195.2,6.6144,0.49969
590.19,1131.6,6.6173,0.49967
2345.4,1324.5,6.617,0.49954
405.22,272.72,6.6731,0.49926
1754.9,1229,6.6187,0.49957
1609.3,1496.8,6.6013,0.49972
1097,732.09,6.6427,0.49943
1991,1259.6,6.6184,0.49956
2479.1,621.51,6.6573,0.49921
1418.9,1273.3,6.6142,0.49963
672.65,321.7,6.6702,0.49925
1066.6,1216.7,6.6157,0.49964
577.19,1142.6,6.6165,0.49968
301.75,1080,6.6172,0.49972
460.07,1138.9,6.6161,0.4997
664.42,1182.7,6.615,0.49969
1176.1,843.36,6.6363,0.49947
821.51,1497.2,6.5968,0.49981
823.6,320.64,6.6713,0.49923
451.4,1106.6,6.6173,0.49969
1066,1196.8,6.6167,0.49964
913.63,1166.2,6.6175,0.49964
613.68,1194.8,6.614,0.4997
1977.6,915.63,6.6369,0.49941
2353.6,1194.6,6.6242,0.49948
313.23,1158.6,6.6131,0.49975
312.59,1160.1,6.6129,0.49975
1014,1536.9,6.5954,0.49981
2341.6,924.29,6.6388,0.49937
1732.8,1254.6,6.6166,0.49959
1173.5,1190.3,6.6176,0.49962
2394.6,1464.1,6.6082,0.4996
2214.1,1296,6.6176,0.49955
384.36,1091.2,6.6174,0.4997
1139,737.03,6.6424,0.49943
278.28,1071.4,6.6171,0.49972
2186.5,1248.1,6.6199,0.49953
1833,1509.9,6.6011,0.4997
1779.6,1230.2,6.6184,0.49957
2369.4,981.02,6.6359,0.49939
2034.4,949.77,6.6353,0.49942
905.65,1228.4,6.6144,0.49967
2219.5,936.46,6.6369,0.49939
812.18,1171.6,6.6163,0.49966
675.77,312.31,6.6706,0.49925
2581.7,758.51,6.6503,0.49925
319.82,1133.2,6.6144,0.49974
904.08,1497.9,6.597,0.4998
2241.9,905.34,6.6391,0.49937
579.28,1145.8,6.6161,0.49969
2687.1,462.85,6.6698,0.49908
2589.2,806.61,6.6472,0.49927
2594.3,806.59,6.647,0.49928
927.46,1170.1,6.6171,0.49964
455.87,1163.3,6.614,0.49972
1349.5,855.67,6.6365,0.49946
914.44,1183.9,6.6162,0.49965
1753,1240.7,6.6176,0.49958
252.05,239.01,6.6746,0.49928
2083.4,1525.9,6.6012,0.49968
2550.6,1092.3,6.6319,0.4994
1576.5,1550.6,6.5968,0.49976
2008.9,928.6,6.6358,0.49942
1061.4,724.17,6.6426,0.49943
2163.3,1273.8,6.6181,0.49955
1650.8,1552.4,6.5974,0.49975
411.1,1089,6.6177,0.4997
305.81,1126.2,6.6144,0.49974
1671,477.77,6.662,0.49924
1184.8,1228,6.6152,0.49964
2559.4,745.39,6.6505,0.49925
2727.1,889.74,6.6443,0.49928
2042.8,960.39,6.6343,0.49943
1403.4,1220.9,6.6167,0.49961
1171.5,1241.6,6.6144,0.49965
643.55,1173.2,6.615,0.49969
1298.1,1644.1,6.5877,0.49985
1683.7,1512.8,6.6002,0.49972
318.84,1115.3,6.6151,0.49973
1807.9,1541.4,6.5986,0.49973
826.74,1175.3,6.616,0.49966
337.86,259.35,6.6733,0.49927
292.36,1063.6,6.6174,0.49972
1581.7,1540.3,6.5975,0.49975
831.56,1147.4,6.6182,0.49964
323.88,937.21,6.6246,0.49966
278,1058.2,6.6175,0.49972
1977.9,942.19,6.635,0.49943
2584.1,844.6,6.6447,0.49929
2722.7,721.45,6.6534,0.49921
2353.1,1258.7,6.6201,0.49951
1336.4,1628.1,6.5889,0.49983
1314.3,1233.9,6.6154,0.49963
1067.1,1184.2,6.6168,0.49964
323.11,1163.1,6.6124,0.49975
1881,1451.6,6.6056,0.49967
2727.5,1167.9,6.6289,0.4994
918.27,1243.8,6.6125,0.49968
281.2,1104.8,6.615,0.49974
413.79,1118.7,6.6159,0.49971
400.98,1065.1,6.6185,0.49969
510.13,293.12,6.6712,0.49926
1068.4,1199.6,6.616,0.49964
317.32,1088.1,6.6164,0.49972
2730.6,837.71,6.6468,0.49926
583.02,1190.3,6.6134,0.49971
2557.1,914.26,6.6407,0.49933
821.53,1499.5,6.5959,0.49982
2034.2,924.17,6.6362,0.49941
1186.7,1193.7,6.6168,0.49963
299.58,1153.3,6.6126,0.49975
2257.6,964.45,6.6356,0.4994
2243.2,981.22,6.6344,0.49941
2375.5,988.32,6.6353,0.49939
2739,1095.3,6.6331,0.49936
885.09,1166.4,6.6166,0.49965
1068.7,1181.8,6.6169,0.49963
2042.3,925.19,6.6362,0.49941
388.81,1133.4,6.6147,0.49972
2535.6,1580.4,6.6004,0.49965
666.37,1158.4,6.6156,0.49968
413.75,1094.4,6.617,0.4997
1335.1,1627.6,6.5888,0.49984
640.91,1137,6.6166,0.49968
2729,806.11,6.6484,0.49924
1442.9,885.5,6.6349,0.49947
498.37,282.14,6.6718,0.49926
1080.8,1162.9,6.6179,0.49963
2585.1,1151.9,6.628,0.49943
1180.5,816.62,6.6374,0.49947
2216.2,963.52,6.6351,0.49941
1727.7,919.34,6.6343,0.49945
837.01,1496.6,6.5961,0.49982
847.49,1499.6,6.5958,0.49982
1066.2,1219.6,6.6146,0.49965
2369.8,964.96,6.6361,0.49939
2042.3,951.11,6.6346,0.49943
1675.6,1236.8,6.6168,0.49959
1964.5,914.53,6.6361,0.49942
279.24,1074.9,6.6163,0.49973
386.17,1088.8,6.6168,0.49971
665.73,1140.6,6.6164,0.49967
1097.2,1163.4,6.6178,0.49963
1099.9,1164.6,6.6178,0.49963
1593.5,1522.3,6.5984,0.49974
298.28,1036.9,6.6186,0.49971
2187.6,1250.1,6.619,0.49954
902.34,1509.6,6.5954,0.49982
2380,906.72,6.6392,0.49936
456.27,1150.9,6.6141,0.49972
2712.9,1246.5,6.6241,0.49944
416.01,1112.5,6.6157,0.49971
2585.1,875.55,6.6425,0.49931
1436.8,877.7,6.6353,0.49946
308.7,1082.6,6.6161,0.49973
1431.4,1222.6,6.6162,0.49961
2554.4,841.38,6.6443,0.4993
667.78,1181,6.6141,0.49969
2543.6,1573.3,6.6005,0.49965
1364.6,844.72,6.6365,0.49946
2182,1275.8,6.6174,0.49955
390.91,1152.5,6.6133,0.49973
2180,1274,6.6176,0.49955
2542.3,1089.7,6.6307,0.49941
1132.3,1222.1,6.6143,0.49965
2580.5,1161.1,6.6275,0.49943
2749.8,1122.6,6.6313,0.49937
579.48,1127.5,6.6163,0.49968
1101,735.74,6.6412,0.49944
612.73,1528.6,6.5931,0.49986
294.45,1077.9,6.6161,0.49973
311.13,1115.4,6.6143,0.49974
282.69,1121.3,6.6137,0.49975
1753.6,1191.2,6.6198,0.49956
928.95,1183.6,6.6155,0.49966
477.69,1507.7,6.5933,0.49988
1080.2,1219.2,6.6144,0.49965
300.59,1035.1,6.6184,0.49971
1006.9,1515.8,6.5957,0.49981
2740.4,691.9,6.6545,0.49919
2602.3,915.75,6.6406,0.49932
2741.1,1223.2,6.6254,0.49942
1561.5,446.89,6.6627,0.49924
1317.5,1200.7,6.6167,0.49962
658.78,1128,6.6174,0.49967
927.43,1186,6.6154,0.49966
1693,1229.2,6.6177,0.49958
2760.8,1243.1,6.6247,0.49942
824.71,1584.4,6.5892,0.49987
604.14,1149.5,6.6152,0.49969
612.95,1577,6.5894,0.49989
295.35,1080.9,6.6159,0.49973
929,1208.1,6.614,0.49967
1156.3,1189.9,6.6164,0.49963
886.18,1204.4,6.614,0.49967
2748.9,1221.8,6.6256,0.49942
2577.5,747.42,6.6493,0.49926
646.98,1536.6,6.5916,0.49987
1840.6,509.41,6.6593,0.49925
2596.3,840.07,6.6441,0.4993
2586.2,752.37,6.6493,0.49926
1143.4,1223.2,6.6144,0.49965
397.97,1111,6.6154,0.49972
425.86,1515.3,6.5916,0.4999
929.14,1220.7,6.6132,0.49967
828.63,300.66,6.6722,0.49922
437.6,1183.1,6.6119,0.49974
1382.5,1204.8,6.6163,0.49962
1165.4,1192.5,6.6168,0.49963
1739.9,1258.2,6.6155,0.4996
2616.5,412.32,6.6724,0.49907
606.4,1526.6,6.5927,0.49987
753.53,335.4,6.6679,0.49926
812.57,1584.7,6.5889,0.49988
2242.6,963.41,6.6348,0.49941
1672.3,1494.3,6.6003,0.49972
1581.8,1540.9,6.5965,0.49976
2539.4,1207.6,6.6238,0.49946
416.31,1115.9,6.6152,0.49971
887.39,1164.2,6.6161,0.49966
2005.3,1281.4,6.6156,0.49958
916.16,1221.6,6.6131,0.49968
1428,1254.8,6.6139,0.49963
816.1,1175.2,6.615,0.49967
1737.2,1225,6.6169,0.49959
1844.2,507.77,6.6596,0.49925
1914.2,1463.6,6.6038,0.49968
2163.7,1267.8,6.6175,0.49955
883.97,289.98,6.6732,0.49921
1315.1,1215.8,6.6155,0.49963
299.15,1127.4,6.6132,0.49975
2369.9,932.26,6.6372,0.49938
1713.8,878.85,6.6367,0.49943
655.2,1157.5,6.6148,0.49969
2579.3,1194.9,6.6247,0.49945
308.68,1069.7,6.6163,0.49972
297.4,1111,6.614,0.49974
272.29,243.93,6.6731,0.49929
2757.7,1123.9,6.6309,0.49938
2573.5,1236.8,6.6223,0.49947
822.1,755.66,6.6375,0.49949
901,1220.3,6.6129,0.49968
1617.1,1521.2,6.5979,0.49974
1762.9,1259.1,6.6153,0.4996
1166.9,745.97,6.6406,0.49944
283.9,1119.1,6.6133,0.49975
828.68,320.39,6.6699,0.49924
2559.7,815.5,6.6456,0.49929
316.89,1158.5,6.6118,0.49976
975.58,359.7,6.6665,0.49925
1174.5,1207.9,6.6151,0.49964
1187.3,1206.7,6.6152,0.49964
1429.4,1243.1,6.6144,0.49963
2579.1,1223.8,6.6226,0.49947
2011.1,1268.6,6.6161,0.49957
1695.9,1493.5,6.6002,0.49972
1154.4,1240.9,6.6131,0.49966
1144.3,805.58,6.637,0.49947
916.43,1204.9,6.6138,0.49967
832.96,1495,6.5956,0.49982
2583.1,1196,6.6242,0.49945
1084,1198.8,6.615,0.49965
1771.9,1270.6,6.6146,0.4996
1327.9,1218.7,6.6152,0.49963
298.11,1108.3,6.614,0.49974
1332.7,773.24,6.6397,0.49944
2694.9,1387.3,6.6152,0.49951
1752.2,1186.7,6.6194,0.49957
1379.7,1237.8,6.614,0.49963
815.45,1468.9,6.5969,0.49981
1400.4,1253.4,6.6136,0.49964
1316.3,1203.2,6.616,0.49962
607.02,1132.5,6.6157,0.49969
886.98,1180.1,6.6148,0.49967
850,1156.7,6.6161,0.49966
673.52,322.93,6.6683,0.49927
1007.7,1516.1,6.5951,0.49981
1159.6,1169.4,6.617,0.49963
1729.1,886.81,6.6356,0.49944
1386.8,1268.4,6.6127,0.49965
2380.2,888.69,6.6394,0.49936
1771.6,1250.9,6.6158,0.49959
1418.5,1528.1,6.5964,0.49977
1977.6,1264.5,6.6157,0.49958
1983.2,1237.1,6.6173,0.49957
2206,941.24,6.6357,0.4994
1430.1,1225,6.6153,0.49962
2413.1,1460.1,6.6069,0.49961
1178.8,845.63,6.6344,0.49949
2014.3,1252.6,6.6168,0.49957
300.39,1094.9,6.615,0.49974
888.48,1182.7,6.6146,0.49967
1421.2,1189,6.6172,0.49961
2549.9,1570.2,6.5999,0.49965
1437.8,1497.1,6.5981,0.49976
665.02,1527.3,6.5925,0.49986
410.52,1156.7,6.6124,0.49974
2064.8,937.65,6.6341,0.49943
299.26,1124.8,6.6129,0.49975
279.7,1056.5,6.6163,0.49973
419.38,1163,6.6122,0.49974
464.73,1103.6,6.6159,0.4997
2736.1,859.48,6.6447,0.49927
340.18,251.78,6.6724,0.49928
894.9,1483.9,6.5961,0.49981
1579.5,1537.8,6.5963,0.49976
2008,1241,6.6173,0.49956
887.43,1217.5,6.6125,0.49968
442.67,1133.3,6.6143,0.49972
2351.7,1236.3,6.6202,0.49951
1337.1,507.14,6.6561,0.49931
843.99,1570.9,6.5895,0.49987
1410.7,784.94,6.6391,0.49944
1098.1,1237,6.6126,0.49967
1300.2,407.11,6.6637,0.49925
1773.8,1259.3,6.6149,0.4996
1425.7,787,6.6391,0.49944
2746.4,780.27,6.6488,0.49924
1073.1,732.4,6.6403,0.49945
2206.6,1275.9,6.6165,0.49955
769.23,343.39,6.6667,0.49927
456.5,1105.6,6.6154,0.49971
1830.5,492.03,6.6597,0.49925
1625.9,550.62,6.6544,0.4993
1766,1287.6,6.6129,0.49962
315.51,253.91,6.6719,0.49929
1975.8,949.47,6.6335,0.49944
885.34,1509.1,6.5944,0.49983
1742.7,1240.5,6.6157,0.4996
2550.3,758.17,6.6478,0.49927
1801.8,1228.7,6.6164,0.49959
2729,1138.9,6.629,0.4994
409.76,1138.8,6.6132,0.49973
2544.3,1165.8,6.6255,0.49945
305.14,1084.4,6.6149,0.49974
2375.1,1001.2,6.6326,0.49941
2728.1,776.56,6.6487,0.49924
890.61,1509,6.5942,0.49983
828.26,1468.8,6.5966,0.49981
1604.6,1534.1,6.5965,0.49976
1645.8,1555.8,6.5949,0.49977
2167,1247.3,6.6178,0.49955
882.18,1484.1,6.5958,0.49982
314.25,1129.5,6.6125,0.49975
1428.8,855.02,6.6351,0.49947
808.51,1494.6,6.5949,0.49983
1591.4,1520.2,6.5973,0.49975
1335.7,1206.8,6.6161,0.49962
1677.4,1224.6,6.6162,0.4996
1357.6,1163.8,6.6177,0.49961
929.06,1223.4,6.6122,0.49968
449.07,1122.8,6.6143,0.49972
470.36,1172.9,6.6119,0.49973
1345.1,1236.5,6.6137,0.49964
1412.7,1510.5,6.597,0.49977
882.93,291,6.6723,0.49922
295.7,1062.2,6.6158,0.49973
1656.6,1555.2,6.5949,0.49977
2263.4,968.46,6.6333,0.49942
1185.9,1209.2,6.6144,0.49965
1391.2,1208.4,6.6155,0.49962
1393.1,1206.1,6.6157,0.49962
2577.8,1196.4,6.6238,0.49946
2742.6,869.91,6.6432,0.49928
892.28,1496.5,6.5949,0.49982
597.64,711.02,6.6377,0.49951
312.02,1086.3,6.6147,0.49974
1361.5,871.92,6.6334,0.49948
2222.4,1244.3,6.6185,0.49954
889.36,1202.5,6.613,0.49968
1468.3,432.95,6.6621,0.49925
2556,856.03,6.6421,0.49932
2370.3,967.4,6.6344,0.4994
2740.2,854.53,6.6442,0.49927
2106.2,1527.5,6.5994,0.4997
2338.4,1295.9,6.6163,0.49954
1113.6,1201.2,6.6143,0.49965
1661.1,1495.4,6.5993,0.49973
1143.1,1225.8,6.613,0.49966
364.9,265.1,6.6709,0.49929
2036.9,1239.2,6.6168,0.49957
448.16,282.17,6.6699,0.49928
899.05,1509,6.5942,0.49983
595.24,1149,6.6139,0.4997
1347.3,1219.9,6.6145,0.49963
302.66,1157.1,6.6107,0.49977
1413.4,824.34,6.6365,0.49946
466.75,1191.4,6.6101,0.49975
1344.3,1252.6,6.6126,0.49965
1182.9,806.19,6.6363,0.49947
872.91,1509,6.594,0.49983
1144.8,1190.5,6.615,0.49964
1430.2,885.1,6.6332,0.49948
468.8,1147.3,6.613,0.49972
1390.2,1220.7,6.6146,0.49963
888.05,1495.2,6.5951,0.49982
2335.9,1198.6,6.6214,0.4995
2353.3,1181.8,6.6225,0.49949
314.3,1113.9,6.6131,0.49975
1410.9,1249.4,6.6138,0.49964
2212.1,1248.9,6.6177,0.49954
2032.6,921.79,6.6351,0.49942
605.34,1084,6.6173,0.49967
1081.6,1236.1,6.6121,0.49967
2556.5,871.9,6.6411,0.49933
2207,949.19,6.6346,0.49941
1185.4,837.02,6.6345,0.49949
307.83,1112.4,6.6131,0.49975
2739,1138.7,6.6283,0.4994
2237,939.01,6.6344,0.49941
1939,1238,6.6165,0.49958
1744.7,1228.5,6.6159,0.49959
2226.4,1274.3,6.6159,0.49956
2005.4,1252.2,6.616,0.49957
1347.6,1184.5,6.6163,0.49962
606.28,1080.6,6.6173,0.49967
294.76,240.95,6.6725,0.49929
2743,1071,6.632,0.49937
1615.2,1518.9,6.5971,0.49975
1170.2,818.61,6.6353,0.49948
1946.4,1266,6.6149,0.49959
2032.2,1506.5,6.6005,0.49969
2263.6,944.13,6.6343,0.49941
1609,1529.1,6.5963,0.49976
872.48,298.67,6.6709,0.49923
2531.8,1247.4,6.6201,0.49949
1392,845.74,6.6346,0.49947
1914.2,1453.8,6.603,0.49968
1413.1,1535.9,6.5947,0.49978
1440.8,440.93,6.6613,0.49926
2387.5,1011.9,6.6318,0.49942
2126.6,1483,6.6021,0.49967
251.99,239.64,6.6721,0.4993
2336,1197.3,6.6212,0.49951
357.16,1495,6.591,0.49991
2219,1216.2,6.6194,0.49953
2065.4,912.26,6.6346,0.49942
2354.5,988.49,6.6327,0.49941
2028.8,936.26,6.6331,0.49944
2739.3,823.83,6.6455,0.49926
1431.1,1166.7,6.6173,0.49961
1186.8,1241,6.612,0.49966
2007.8,1279.2,6.6143,0.49959
1611.2,1527.7,6.5962,0.49976
2231.7,1249,6.6171,0.49955
1107.5,808.24,6.6353,0.49949
1426.9,1256.8,6.6124,0.49964
2053.2,547.03,6.6567,0.49925
1348.7,1203.7,6.615,0.49963
2748.8,803.18,6.6468,0.49925
2376.3,882.16,6.6388,0.49936
2620.4,414.56,6.6708,0.49909
1105.7,794.13,6.6361,0.49948
2208.8,1263.4,6.6165,0.49955
1317.9,1218.6,6.614,0.49964
1421.9,1208.4,6.6151,0.49962
1799.3,906.01,6.6336,0.49945
660.13,1198.4,6.6112,0.49972
678.22,1220.9,6.6097,0.49973
2352.9,1247,6.6184,0.49953
998.72,375,6.6642,0.49927
1798,929.57,6.632,0.49946
2534,1233.2,6.6207,0.49949
2742.1,837.81,6.6443,0.49927
1273.9,403.71,6.6629,0.49926
1999.2,1278.9,6.6141,0.49959
459.73,1125,6.6135,0.49972
2063.1,1534.4,6.5981,0.49971
1075.7,374.97,6.6642,0.49926
1704.6,828.54,6.6372,0.49943
2059.8,1462.4,6.6027,0.49967
1586.7,1527.9,6.5959,0.49976
2338.1,1184,6.6217,0.4995
2741.4,808.83,6.6458,0.49926
1604,1538.6,6.5951,0.49977
2578.5,729.07,6.6485,0.49927
2566.8,755.59,6.6468,0.49928
2587,737.94,6.6484,0.49927
1356.9,1160.6,6.617,0.49961
1799.8,919.63,6.6327,0.49946
461.54,1149.6,6.6122,0.49973
1280.4,1655.4,6.5847,0.49987
1030.5,459.34,6.6568,0.49933
825.94,1492.6,6.594,0.49983
890.73,1220.3,6.6113,0.49969
2160.2,1284.7,6.6147,0.49957
1679.3,1517.7,6.597,0.49975
1333.8,1183.2,6.6158,0.49962
2748.7,809.87,6.6461,0.49926
2564.8,1211.5,6.6221,0.49947
840.49,1459.7,6.597,0.49981
352.34,262.38,6.6704,0.49929
2728.5,1220.7,6.6235,0.49944
2380,998.7,6.632,0.49942
2541.7,1178.9,6.6236,0.49946
1949.8,1249.7,6.6153,0.49958
2549.4,1231.2,6.6204,0.49949
1678.3,1513.7,6.5974,0.49974
2552.4,774.56,6.6458,0.49929
636.8,1177.1,6.6116,0.49971
2555.1,1174.4,6.624,0.49946
2727.7,1151.9,6.6272,0.49941
1416.3,1256.3,6.6121,0.49965
1760.2,1270.1,6.613,0.49962
2338.6,1260.1,6.6172,0.49954
1099.3,1200.2,6.6135,0.49966
2386.8,1011.6,6.6314,0.49942
340.82,251.17,6.6713,0.49929
1941.1,1541.2,6.5964,0.49973
1951.9,1238.4,6.6159,0.49958
2322.3,1265.6,6.6168,0.49954
673.4,1199.5,6.611,0.49972
2560.9,1122.9,6.6268,0.49944
2130.5,1480,6.6024,0.49967
445.2,1169.3,6.6109,0.49974
2562.2,1107.7,6.6277,0.49943
2750.5,833.03,6.6448,0.49927
1748,478.52,6.6591,0.49926
595.13,1131.7,6.6141,0.4997
2001.3,1268,6.6145,0.49959
2381.3,963.7,6.6338,0.4994
1153.2,746.82,6.6387,0.49946
2730,790.95,6.6467,0.49926
1441.9,882.81,6.6322,0.49949
2338.1,1305.9,6.6145,0.49956
611.23,1179.8,6.6115,0.49972
2739.3,1220.4,6.6235,0.49944
1655.8,1518.2,6.5966,0.49975
878.79,1163.7,6.6138,0.49967
1683,1492.3,6.5986,0.49973
1137,1188.2,6.6139,0.49965
2557.5,1176.4,6.6234,0.49946
1855.9,497.25,6.6583,0.49926
1186.4,805.05,6.6354,0.49948
2323.7,1165,6.6229,0.49949
1705.6,1207.1,6.6162,0.49959
585.24,297.45,6.6683,0.49928
2541.8,1090.6,6.6283,0.49943
391.79,1086.5,6.6146,0.49972
2338.4,1261.5,6.617,0.49954
1330.4,1202.8,6.6144,0.49963
2355.2,974.8,6.6329,0.49941
1332.9,773.18,6.6381,0.49945
442.62,1125.2,6.6131,0.49973
1188,1192.3,6.6143,0.49965
513.9,294.47,6.6681,0.49929
1186.2,1226,6.6124,0.49966
2544.4,1243,6.6198,0.49949
1765.9,1241.4,6.6145,0.4996
1366.5,845.08,6.6341,0.49948
469.96,1131.4,6.613,0.49972
393.9,1114.2,6.6131,0.49973
2337.5,1185.5,6.6212,0.49951
1635.5,1481,6.599,0.49973
2574.1,1220.9,6.6213,0.49948
602.61,300.74,6.6679,0.49928
2030.7,1266,6.6142,0.49959
1185.2,1243.2,6.6113,0.49967
2567.2,757.08,6.6463,0.49928
2738.6,808.59,6.6457,0.49926
1767.7,1230,6.6151,0.4996
2355.6,954.21,6.6339,0.4994
2751,1094.6,6.6305,0.49938
394.09,262.22,6.6703,0.49929
448.07,1630.6,6.5814,0.49998
2163,1261.2,6.6156,0.49956
1457.7,1209.6,6.6142,0.49963
2576.2,1207.1,6.622,0.49947
443.69,1141.7,6.612,0.49974
313.03,1068.3,6.6145,0.49974
812.28,1479.3,6.5946,0.49983
1677.9,1516,6.5967,0.49975
2483.7,608,6.6545,0.49923
880.96,1459.7,6.5967,0.49981
2571.4,822.83,6.6425,0.49931
2356,941.42,6.6344,0.4994
1415,1211,6.6148,0.49963
2676.5,1513,6.6043,0.4996
1796.3,1257.1,6.6132,0.49961
2585.6,1166.5,6.6239,0.49946
455.16,1166.4,6.6106,0.49974
2740.2,838.78,6.6439,0.49928
1811.8,1552.7,6.5944,0.49976
1586.5,1543.9,6.5947,0.49977
1667,1530.7,6.5956,0.49976
2752,773.64,6.648,0.49924
2577.6,739.17,6.6477,0.49927
2244,958.52,6.6327,0.49942
1211.6,821.57,6.634,0.49949
1388.9,1241,6.6123,0.49965
1159,831.21,6.6335,0.4995
302.09,1105.5,6.6124,0.49976
1073.7,732.5,6.6387,0.49946
1776.9,1241.7,6.6143,0.4996
1799.8,879.12,6.6343,0.49945
1054,389.16,6.6621,0.49928
1421.1,1224.5,6.6134,0.49964
1147.8,1206.9,6.6129,0.49966
2560,1238.1,6.6199,0.49949
2059.1,1533.9,6.5974,0.49972
1107.9,806.96,6.6345,0.49949
2738.6,793.98,6.6462,0.49926
1092.8,735.16,6.6385,0.49946
1095.2,838.27,6.6326,0.49951
1430.9,841.4,6.6343,0.49947
2535.2,1220.2,6.6206,0.49949
327.65,256.91,6.67,0.4993
1632.8,1482.3,6.5986,0.49974
2244.5,908.11,6.6353,0.4994
1030.7,1499.6,6.5939,0.49982
884.85,1493,6.5935,0.49983
828.32,784.26,6.6342,0.49952
1327.3,503.6,6.6544,0.49932
2549.1,1169.8,6.6239,0.49946
2324.5,1253.3,6.6169,0.49954
414.43,1134.5,6.6119,0.49974
2559,775.32,6.6455,0.49929
2341.8,992.53,6.6313,0.49943
2579.5,1103,6.6272,0.49943
861.16,275.16,6.6726,0.49922
441.47,1098.6,6.614,0.49972
2566.7,1196.4,6.6222,0.49947
1213.1,1193.4,6.6135,0.49965
816.38,1582.5,6.5867,0.49989
2308,1268,6.6159,0.49955
1644.4,558.05,6.6522,0.49932
1643.2,1536.2,6.5946,0.49977
1405.4,873.09,6.6322,0.49949
653.86,1139.9,6.613,0.4997
2309.5,1581.5,6.5953,0.49971
396.15,1131.5,6.6117,0.49974
2345.1,1276.1,6.6156,0.49955
2553.1,1203.4,6.6212,0.49948
2305.8,1305.4,6.6138,0.49957
2321.7,1201.6,6.6197,0.49952
2307.8,1267.1,6.6158,0.49955
2020.4,953.92,6.6311,0.49946
1391.3,1238.7,6.6122,0.49965
1735.5,883.06,6.6334,0.49946
485.82,739.06,6.6338,0.49956
1403.4,1223.5,6.6131,0.49964
2317.6,1282.3,6.615,0.49956
2546.5,1228.2,6.6201,0.49949
1733.9,869.92,6.6341,0.49945
1189.5,836.07,6.633,0.4995
1108.9,779.54,6.6358,0.49948
281.94,1028.3,6.6157,0.49973
1392.9,1223,6.613,0.49964
903.77,1494.1,6.5937,0.49983
810.34,1507.2,6.5923,0.49985
1639,1472.1,6.599,0.49973
1354.9,845.96,6.6333,0.49949
2381.3,976.66,6.6322,0.49942
2554,1131.3,6.6258,0.49945
760.06,327.07,6.6658,0.49928
2126.5,641.91,6.6492,0.49931
2555.2,1170.1,6.6234,0.49947
844.55,1481.5,6.5939,0.49983
851.44,1546,6.5893,0.49987
304.6,251.42,6.67,0.4993
1633.6,472.79,6.6584,0.49927
2741.6,806.67,6.6448,0.49927
2749.5,824.14,6.6442,0.49927
701.75,1146,6.6128,0.4997
2359.5,1244.7,6.617,0.49954
2737.5,777.78,6.6467,0.49926
1048.3,1499,6.5938,0.49982
2112.8,1515.5,6.5982,0.49971
1340.3,844.08,6.6332,0.49949
1716.7,1185.3,6.6164,0.49959
1966.5,1200.2,6.617,0.49957
1626.1,1492.4,6.5972,0.49975
420.46,1182.6,6.6085,0.49977
2616.5,1521.4,6.6024,0.49962
2582.8,723.94,6.6485,0.49927
1211.3,1227.5,6.6112,0.49967
900.92,740.36,6.6362,0.4995
932.46,1206.3,6.6112,0.49969
825.85,727.11,6.6365,0.4995
898.72,1470,6.5948,0.49982
323.67,1159.4,6.6087,0.49978
2070.6,1521,6.5977,0.49971
589.59,1166.4,6.6112,0.49972
2739.3,801.13,6.6454,0.49927
637.49,1551.4,6.5883,0.4999
1318.2,1249,6.6109,0.49966
2131,548.16,6.6553,0.49926
2740.2,776.77,6.6463,0.49926
1091.5,736.73,6.6379,0.49947
1430,1240.5,6.612,0.49965
1144.9,836.44,6.6324,0.49951
2204.2,1246.5,6.6156,0.49956
1579.4,1555.7,6.5925,0.49979
2320.6,1241.3,6.6173,0.49954
1407.4,867.4,6.6322,0.49949
1418.7,868.7,6.6322,0.49949
1602.2,1535.9,6.5941,0.49978
332.1,1074.4,6.6133,0.49974
1418,855.21,6.6329,0.49948
654.25,1521.7,6.5897,0.49988
2750.8,826.1,6.644,0.49927
1945.3,1290.1,6.6119,0.49961
1187.7,792.43,6.6351,0.49948
1595.3,1545.7,6.5933,0.49978
2570.1,1168.8,6.6232,0.49946
300.12,1059.4,6.6141,0.49974
319.39,1132.2,6.6104,0.49977
2300.5,1296.4,6.6137,0.49957
954.6,1171,6.6128,0.49968
2321.3,1200.1,6.6193,0.49952
450.82,1469.2,6.5918,0.49989
1352.9,778.21,6.6368,0.49946
703.93,1185.8,6.6104,0.49972
2353.5,1212,6.6186,0.49952
2210.8,1561.5,6.5957,0.49972
2324.4,1251.3,6.6164,0.49954
853.28,1533.2,6.59,0.49986
2480.4,621.63,6.6531,0.49924
2363.1,1153,6.6226,0.49949
1670,1554.3,6.5927,0.49978
836.3,1507,6.592,0.49985
2303.4,1284.8,6.6143,0.49956
2568,1183.1,6.6223,0.49947
1174.6,834.11,6.6326,0.4995
1417.9,839.91,6.6336,0.49948
903.21,771.68,6.6342,0.49951
2342.9,959.66,6.6325,0.49942
1153.3,746.25,6.6375,0.49947
347.54,1511.6,6.5882,0.49994
378.94,268.15,6.6686,0.4993
1801.4,893.06,6.6327,0.49946
1159.7,818.43,6.6334,0.4995
803.91,347.04,6.6641,0.49929
2558.2,902.63,6.6374,0.49935
1673.3,1523.6,6.5951,0.49976
324.13,1094.7,6.6124,0.49975
1158.4,788.22,6.635,0.49949
1666,1534.5,6.5943,0.49977
825.24,1493.2,6.5928,0.49984
2753.3,1048.1,6.6315,0.49937
2314,1293.1,6.6138,0.49957
1661,1541.7,6.5937,0.49977
886.7,1469.8,6.5944,0.49983
1369.6,819.5,6.6344,0.49948
2338.1,1277.4,6.6146,0.49956
1176.4,390.16,6.6618,0.49928
1033.1,1498.4,6.5932,0.49982
1311.2,1638.8,6.5842,0.49987
263.59,234.16,6.6709,0.49931
2555.8,742.68,6.6466,0.49928
1431.7,828.34,6.6342,0.49947
1147.9,1204.5,6.6121,0.49967
1023.4,1535,6.5909,0.49984
2379.1,893.34,6.636,0.49939
2002.5,1293.2,6.6114,0.49961
2546.9,1223.6,6.6198,0.49949
1083.3,836.62,6.6318,0.49952
2579.2,1179.2,6.6225,0.49947
2548.7,1112.5,6.6258,0.49945
1604.6,1557.1,6.5919,0.49979
1771,922.52,6.6306,0.49948
2197.9,1271.4,6.6137,0.49958
1700.9,1466.3,6.5992,0.49973
1071.5,794.19,6.6342,0.4995
634.7,1525.1,6.5898,0.49989
830.58,1581.5,6.5861,0.4999
1359.7,862.32,6.6319,0.4995
850.09,1555.6,6.5881,0.49988
1342.2,858.32,6.6319,0.4995
1807.4,1654.4,6.5855,0.49983
1446.8,830.12,6.6341,0.49947
253.91,231.69,6.671,0.49931
1780.1,902.78,6.6315,0.49947
1433.6,870.73,6.6317,0.49949
889.84,1524.7,6.5915,0.49985
367.12,953.71,6.62,0.49968
2237.9,963.55,6.6309,0.49944
657.72,1180.4,6.61,0.49973
1926.8,1552.5,6.5938,0.49975
1760,868.4,6.6332,0.49946
342.71,1462.9,6.5911,0.49992
2326.5,1209.9,6.6187,0.49953
2547.1,1127.3,6.6249,0.49945
1998.6,1203,6.6167,0.49957
2761.4,1068.3,6.6302,0.49938
1786.5,936.85,6.6306,0.49948
653.77,1558.1,6.5867,0.49991
2133.1,1472.5,6.6015,0.49968
1597.5,1543.7,6.593,0.49978
1782.9,1189.4,6.6159,0.49959
2756.7,774.81,6.6466,0.49925
2573.9,883.76,6.6379,0.49935
2748.7,794.27,6.6452,0.49927
2341.9,1285.5,6.6141,0.49956
2726.1,1161.8,6.6251,0.49943
2343,979.8,6.631,0.49943
500.82,1471,6.5916,0.49989
1617.1,476.32,6.6569,0.49928
2732.6,1068.6,6.6301,0.49939
1086.4,1201.4,6.6117,0.49967
2086.3,1523.9,6.5968,0.49972
2222.9,1262.6,6.6146,0.49957
2303.5,1282.9,6.6139,0.49957
501.67,1486,6.5906,0.4999
2371.5,950.09,6.6328,0.49941
1736.8,911.36,6.6309,0.49948
2133.3,1458,6.6017,0.49968
2564.6,1109.1,6.6255,0.49945
1946.7,1284.4,6.6117,0.49961
352.44,263.1,6.6685,0.49931
2594.8,829.54,6.6415,0.49932
2581.2,1164.3,6.623,0.49947
604.97,739.93,6.634,0.49954
1724.7,488.74,6.6568,0.49928
1151.1,398.26,6.661,0.49928
2703.2,469.24,6.6648,0.49912
2638.5,419.28,6.6684,0.4991
550.52,291.88,6.6669,0.49929
421.79,1504.3,6.5894,0.49992
1649.4,1523.8,6.5945,0.49977
1105.4,835.83,6.6313,0.49952
2066.3,536.25,6.6549,0.49927
1826,905.83,6.6312,0.49947
2760.9,810.38,6.6439,0.49927
2741,830.57,6.643,0.49928
1177.3,818.83,6.6329,0.4995
922.65,1520.9,6.5906,0.49985
829.84,315.98,6.6667,0.49927
2122.6,1497.8,6.5986,0.4997
1081.3,775.75,6.6347,0.49949
1053.6,1073.4,6.6183,0.49963
2592,1099.3,6.6261,0.49944
1735.5,886.01,6.6322,0.49947
378.69,269.02,6.668,0.49931
931.95,831.5,6.6307,0.49954
2343.6,960.62,6.6318,0.49942
668.95,727.91,6.6344,0.49953
2351.4,1214.2,6.6179,0.49953
2216.7,1287,6.6129,0.49958
2382.8,930.48,6.6337,0.4994
243.24,236.54,6.6699,0.49932
2310,1255.4,6.6153,0.49955
2351.7,1273.6,6.6142,0.49956
1670.2,1524.2,6.5945,0.49977
2751.3,854.05,6.6416,0.49929
532.86,288.98,6.6669,0.49929
664.88,1567.4,6.586,0.49991
2594.4,742.49,6.6457,0.49929
1589.9,466.56,6.6576,0.49928
2132.8,1565.7,6.594,0.49974
2221.7,1267.2,6.6141,0.49957
2564.1,739.92,6.6459,0.49929
2023.1,879.1,6.634,0.49943
1371.8,833.73,6.6329,0.49949
472.52,1516,6.5882,0.49992
1938.6,512.77,6.6556,0.49927
1667.1,1305.5,6.6085,0.49966
923.17,1494.3,6.5923,0.49984
501.05,1455.4,6.5922,0.49988
828.44,1478.7,6.5931,0.49984
1330.3,1613.2,6.586,0.49986
2739.7,1085.9,6.6289,0.49939
641.82,307.82,6.6656,0.49929
1822.1,956.12,6.6286,0.49949
700.28,1532.4,6.5883,0.49989
2735.4,1162.8,6.6241,0.49943
1175,804.27,6.6334,0.4995
894.92,1579.6,6.5859,0.49989
451.99,1452.7,6.592,0.49989
2206.1,1267.2,6.6138,0.49958
1776.1,840.32,6.6346,0.49945
693.95,788.48,6.6313,0.49956
685.31,1583.4,6.5845,0.49992
1161.1,802.29,6.6334,0.4995
1791.8,892.3,6.6318,0.49947
2323.1,1188.3,6.619,0.49952
2538.4,1191.9,6.6206,0.49949
862.84,329.67,6.6648,0.49928
863.8,322.73,6.6655,0.49927
2330,1570.3,6.5948,0.49971
601.82,682.36,6.6363,0.49953
2537,1190.2,6.6206,0.49949
1894,517.98,6.6551,0.49928
2750.9,1068.9,6.6298,0.49939
1686.1,1531.3,6.5934,0.49978
490.4,1226.2,6.6061,0.49978
1725.1,910.29,6.6304,0.49948
2034.4,968.49,6.6296,0.49947
652.76,319.22,6.6646,0.4993
412.86,1038.5,6.6148,0.49972
2596.3,859.7,6.6393,0.49934
327.37,1113.2,6.6105,0.49977
2351.6,894.6,6.6353,0.49939
2577.4,1100.4,6.6259,0.49944
868.79,304.84,6.6673,0.49926
2588.7,724.91,6.6467,0.49928
304.6,252.05,6.6686,0.49932
1702.5,1469.2,6.5981,0.49974
2558.3,849.17,6.6394,0.49934
2067.3,882.21,6.6335,0.49943
1013.8,1534.5,6.59,0.49985
487.47,1111.9,6.6116,0.49973
1441.6,1296,6.6076,0.49968
2550,1200.2,6.6201,0.49949
1075,1233.1,6.6091,0.4997
452.16,1147.5,6.6093,0.49976
1135.6,780.26,6.634,0.4995
1664.2,1531.9,6.5935,0.49978
1332.3,857.61,6.631,0.49951
1987.5,1202.2,6.6155,0.49958
886.04,1493.7,6.5918,0.49985
285.22,1055.1,6.6129,0.49976
837.72,794.82,6.6317,0.49954
1649.3,1540.6,6.5927,0.49978
1777.7,904.12,6.6308,0.49948
438.79,1144.6,6.6093,0.49976
2527.9,1243.1,6.6173,0.49952
2200.7,982.54,6.6292,0.49946
2357.3,939.84,6.6325,0.49942
2551.2,1191.2,6.6206,0.49949
2310.1,1253.3,6.615,0.49956
2757.5,862.13,6.6411,0.4993
490.64,1154.4,6.6092,0.49975
2602.1,899.7,6.6365,0.49936
2566.9,1196.8,6.6201,0.49949
1661.5,1522.5,6.594,0.49977
655.42,1570.1,6.5849,0.49992
2198.7,1293.9,6.6117,0.49959
1650.8,1551.3,6.5916,0.49979
2496.7,1452,6.6045,0.49962
1783.1,1306.8,6.6089,0.49965
1657.7,477.04,6.6567,0.49928
1214.4,792.49,6.6336,0.49949
470.59,573.62,6.6428,0.49949
1826.9,878.97,6.6321,0.49946
1961.8,916.85,6.6311,0.49946
920.79,1530.9,6.5893,0.49986
1137.3,809.95,6.6322,0.49951
1444.5,1294.6,6.6075,0.49968
2731.9,1083.1,6.6284,0.4994
2731.8,1081,6.6285,0.4994
315.83,1131.7,6.609,0.49978
2016.6,1311.4,6.6099,0.49962
422.05,268.73,6.6675,0.49931
2023.3,872.49,6.6339,0.49943
895.24,1480.3,6.5929,0.49984
1023.8,1536.2,6.5894,0.49985
1590.2,1535.7,6.5926,0.49979
612.7,750.59,6.6324,0.49955
706.4,1250.1,6.6058,0.49975
442.6,1504.3,6.5888,0.49992
2343.8,977.79,6.6302,0.49944
2562.7,1223,6.6185,0.4995
800.26,1565,6.5864,0.4999
1609.7,1466.4,6.5976,0.49975
1819.1,1535.5,6.5935,0.49977
491.03,987.54,6.6184,0.49968
455.29,1483.5,6.5896,0.49991
613.98,752.02,6.6323,0.49956
2728,886.37,6.6388,0.49932
1626.9,1470.3,6.5973,0.49975
2063.6,986.14,6.6278,0.49948
2753,1127.9,6.6266,0.49941
2493.5,609.19,6.6526,0.49924
2344.7,946.76,6.6318,0.49942
1078,499.78,6.6512,0.49937
2755.9,694.05,6.6506,0.49922
825.4,1505.2,6.5908,0.49986
2489.6,1459.9,6.6041,0.49962
2559.2,886.43,6.6369,0.49936
668.93,696.94,6.6355,0.49952
813.13,792.17,6.6313,0.49954
325.95,1313.3,6.5988,0.49986
1456.1,1240.8,6.6101,0.49966
1418.3,842.83,6.632,0.49949
1657.5,1541.2,6.5924,0.49979
2129,1479.1,6.5995,0.49969
1637.2,1468.6,6.5974,0.49975
1697.9,1477,6.5971,0.49975
931.09,832.41,6.6299,0.49954
1343.8,829.7,6.6322,0.4995
2532.4,1216.6,6.6185,0.49951
2095.1,1507.2,6.5972,0.49971
2398,1487.8,6.6011,0.49966
2351.1,930.65,6.6328,0.49941
1097.6,464.81,6.6538,0.49934
1635.2,1466.5,6.5975,0.49975
1456.6,1492,6.5944,0.49978
357.99,1492.3,6.5881,0.49994
882.55,1479.9,6.5926,0.49984
2119.2,638.18,6.6474,0.49932
1609.9,1478.4,6.5964,0.49976
1738.6,1280.4,6.6095,0.49965
1601.7,1516.5,6.5937,0.49978
2383.4,1473.1,6.6017,0.49965
2349.3,1236.4,6.6161,0.49955
370.22,954.91,6.6187,0.49969
2555,1173.8,6.621,0.49948
1574.9,1555.4,6.5905,0.49981
1653.6,1533,6.5928,0.49978
1606.2,472.52,6.6559,0.49929
2740.5,1098.3,6.627,0.49941
840.55,796.86,6.631,0.49954
2747.9,704.29,6.6491,0.49924
469.91,1483.5,6.5894,0.49991
1330.4,840.89,6.6315,0.4995
1072.9,495,6.6517,0.49936
2070,1513.2,6.5967,0.49972
833.71,791.07,6.6315,0.49954
2377.6,833.95,6.6384,0.49937
924.51,1490.9,6.5917,0.49984
1450.4,859.87,6.631,0.4995
2349.5,1000.1,6.6289,0.49945
2732.9,799.63,6.6435,0.49928
2761.3,864.18,6.6403,0.4993
1634.1,1514,6.5936,0.49978
470.35,680.15,6.6345,0.49956
323.91,687.95,6.6328,0.49959
1450.3,844.6,6.6318,0.49949
1709.9,1489.2,6.5959,0.49975
2579.8,1165.3,6.6217,0.49948
623.81,304.59,6.6649,0.4993
1372.1,836.31,6.6319,0.4995
1419.9,854.52,6.6308,0.4995
2767,1042.4,6.6307,0.49938
2726.4,684.42,6.65,0.49923
2341.4,1266,6.6141,0.49956
1472.6,911.07,6.6282,0.49952
2079.8,553.32,6.6529,0.49928
958.27,1207.7,6.6089,0.49971
2305.6,1573.5,6.5933,0.49973
274.41,236.36,6.6692,0.49932
1358.9,832.15,6.6319,0.4995
1948.4,1290.1,6.6096,0.49963
809.49,347.33,6.6619,0.49931
833.29,1197,6.6088,0.49972
1975.2,930.05,6.6296,0.49947
824.14,1261.6,6.6056,0.49974
2557,1234,6.6175,0.49951
511.18,1415,6.5943,0.49987
859.2,1519.6,6.5892,0.49987
2761.3,782.4,6.6443,0.49927
2095.2,1505.8,6.597,0.49972
2245.6,984.52,6.6285,0.49946
2262.4,971.87,6.6294,0.49945
1084.8,789.66,6.6328,0.49951
2169.3,1264.9,6.613,0.49959
840.31,777.71,6.6319,0.49954
1643.3,1514.8,6.5938,0.49977
569.07,295.11,6.6654,0.4993
2746.8,1211.7,6.6212,0.49945
2013.5,873.86,6.6329,0.49944
1762.2,1261.8,6.611,0.49963
2729.5,686.3,6.6501,0.49923
1597.1,1523.6,6.5929,0.49979
699.82,1518.4,6.5888,0.49989
1100.2,822.41,6.6309,0.49952
323.42,688.64,6.6327,0.49959
585.95,1076.6,6.614,0.4997
2481.1,609.26,6.6519,0.49925
1777.8,1546.8,6.5923,0.49978
1926.9,1483.4,6.5974,0.49973
1821.2,956.57,6.6276,0.4995
418.37,1128.3,6.6096,0.49976
437.74,271.73,6.6666,0.49931
2041.2,1459.1,6.5994,0.4997
2222.4,904.82,6.6324,0.49943
1919,1310.7,6.6085,0.49964
2017.8,528.8,6.6537,0.49928
2003.9,1244.5,6.6133,0.4996
1407.3,839.19,6.6316,0.4995
2202.1,1283.1,6.6117,0.49959
879.1,327.06,6.6642,0.49928
1821.6,512.67,6.6543,0.49929
2384.9,1470.4,6.6015,0.49966
1068.2,731.86,6.6359,0.49949
2265.1,1332.6,6.6093,0.49961
2024.7,1509.6,6.5959,0.49973
2377.6,1478.3,6.6007,0.49966
2580.2,731.12,6.6453,0.49929
1665.6,1514,6.5938,0.49977
2501.1,620.16,6.6509,0.49926
2328.8,727.11,6.6432,0.49934
1659.6,1467.1,6.5967,0.49975
1691.3,1468.4,6.5971,0.49975
1678.4,1468.6,6.597,0.49975
830.06,1668.3,6.5775,0.49996
2087.5,540.39,6.6533,0.49928
606.66,746.32,6.6316,0.49956
1806.7,1192.1,6.6142,0.4996
1180.4,403.61,6.6591,0.4993
1622.1,1532.1,6.5919,0.49979
2752.8,835.3,6.6414,0.49929
2760.8,780.33,6.6441,0.49927
1638.4,1522.3,6.5931,0.49978
1098.4,778.95,6.6332,0.49951
2105.8,1489,6.5981,0.49971
716.46,1544.5,6.5863,0.49991
483.83,280.25,6.666,0.49931
2315.2,1162.2,6.6192,0.49952
2553.3,1184.1,6.62,0.49949
1073.7,1278.6,6.6057,0.49972
2572.2,1168.2,6.6209,0.49948
2373.2,874.71,6.6353,0.49939
833.48,1159.1,6.6105,0.4997
378.72,1524.3,6.5856,0.49995
1792.8,843.15,6.6333,0.49946
1177.1,791.61,6.6329,0.4995
2075.5,1448.6,6.6006,0.49969
2358.1,880.61,6.6348,0.4994
699.04,1581.5,6.5835,0.49993
2061.7,986.11,6.6272,0.49948
2218.7,1271.9,6.6123,0.49959
672.93,1549.2,6.5863,0.49991
418.12,664.56,6.6345,0.49956
2343.7,1246.6,6.6144,0.49956
1344.2,816.62,6.6324,0.49949
1206.9,406.86,6.6589,0.4993
1431.9,1504.8,6.5932,0.49979
1659.7,1502.4,6.5945,0.49977
868.24,791.56,6.6309,0.49954
2029.5,1471.4,6.5988,0.49971
1622.5,1477.6,6.596,0.49976
1476.4,859.21,6.6303,0.4995
1686.9,1476.4,6.5964,0.49975
2235.3,581.92,6.6516,0.49928
950.26,1270.3,6.6055,0.49973
1684.7,1143.3,6.6163,0.4996
1420.3,811.71,6.633,0.49948
2761.6,856.3,6.6402,0.4993
2698.7,446.21,6.6652,0.49912
405.56,1136.8,6.6084,0.49977
1315.7,1291,6.6062,0.4997
1793.9,919.92,6.629,0.49949
693.21,790.55,6.63,0.49957
1151.3,1238,6.6082,0.4997
451.68,1104.6,6.6105,0.49975
1877.1,515.46,6.6539,0.49929
1793.7,906.55,6.6297,0.49948
1202.1,1285.6,6.6059,0.49971
1085.1,836.06,6.6298,0.49953
2323.2,1185.6,6.6178,0.49953
255.53,232.88,6.6687,0.49933
2112.9,1546,6.5937,0.49974
1587.8,1552.1,6.5902,0.49981
592.21,747.6,6.6314,0.49956
702.21,1554.6,6.5854,0.49991
2755.1,1089.1,6.6278,0.4994
1107.2,740.86,6.6351,0.49949
1163.4,835.23,6.6302,0.49952
402.37,1093,6.6107,0.49975
796.07,1594.7,6.5834,0.49992
1722.4,1189.5,6.6136,0.49961
552.75,291.97,6.6652,0.49931
332.35,1139.9,6.6079,0.49979
2010.5,1222.2,6.6136,0.49959
1689.4,1487.5,6.5953,0.49976
2041.5,1533.2,6.594,0.49975
2749.3,1080.3,6.6277,0.4994
705.08,1253,6.6048,0.49976
2246.6,903.05,6.6326,0.49943
2358.5,867.92,6.6352,0.49939
2379.1,956.19,6.6308,0.49943
438.65,1101.7,6.6105,0.49975
1675,1464.5,6.5971,0.49975
2129.5,562.36,6.652,0.49928
703.43,318.15,6.6635,0.4993
858.9,1504.6,6.5897,0.49987
859.87,326.85,6.6641,0.49928
2345.5,944.78,6.631,0.49943
470.29,1467.5,6.5897,0.49991
1585.3,1541.2,6.5911,0.4998
1476,830.44,6.6317,0.49949
795.71,808.93,6.6294,0.49956
1707.3,943.99,6.6271,0.49951
805.7,347.23,6.6616,0.49931
459.55,1497.6,6.5876,0.49993
2726.1,1153.5,6.6235,0.49944
571.58,1379.7,6.5964,0.49984
2378.9,936.05,6.6314,0.49942
469.83,277.34,6.6659,0.49931
892.41,1552,6.5865,0.49989
896.05,1529.7,6.5881,0.49988
1152.7,831.99,6.6302,0.49953
421.52,692.7,6.6331,0.49957
469.13,1452.1,6.5907,0.4999
719.02,1519.5,6.5878,0.49989
469.06,277.31,6.6658,0.49931
1399.4,820.3,6.6318,0.49949
408.92,1116.8,6.6098,0.49976
466.51,1627,6.5786,0.5
398.16,1403.8,6.5936,0.49989
2356.5,1179,6.6179,0.49953
1761,836.49,6.6329,0.49946
2734.6,828.88,6.6411,0.4993
440.13,270.74,6.6663,0.49931
2383,978.25,6.6294,0.49944
1470.9,911.92,6.6276,0.49952
1082.2,760.91,6.6338,0.4995
2115.1,1495.4,6.5973,0.49971
1765.3,1231.7,6.6121,0.49962
2740.1,739.7,6.6458,0.49926
2255.2,948.91,6.6303,0.49944
1979,900.31,6.6312,0.49946
2744.4,1207,6.6209,0.49946
1613.5,1469.1,6.5962,0.49976
2363,1007.6,6.6272,0.49946
2562.7,793.25,6.6407,0.49933
1794.1,865.06,6.6317,0.49947
782.86,342.44,6.6617,0.49931
1216.4,876.39,6.628,0.49954
2263.8,948.14,6.63,0.49944
575.21,1636.3,6.5784,0.49998
2757.1,1132,6.6244,0.49943
493.29,988.08,6.6172,0.49969
2701.2,434.62,6.6654,0.49912
479.3,586.93,6.64,0.49951
2759.8,797.14,6.643,0.49928
1997.2,876.22,6.6319,0.49945
1967.4,1291.2,6.6088,0.49963
866.57,315.79,6.6646,0.49928
2734.7,1147.7,6.6236,0.49944
2275.1,1583.7,6.5918,0.49974
1099.3,762.6,6.6336,0.4995
311.68,1111,6.6084,0.49979
598.87,1131,6.6099,0.49973
1723.2,1465.3,6.5966,0.49975
1966.4,975.23,6.6266,0.4995
1334,414.48,6.6581,0.49929
1780.2,890.77,6.6301,0.49948
508.55,1498.5,6.5877,0.49992
1968.3,976.68,6.6266,0.4995
1648.7,1536.8,6.5921,0.49979
1436.9,814.18,6.6324,0.49949
297.74,1061.5,6.6108,0.49977
2016.6,959.13,6.6273,0.49949
2384.3,868.28,6.6351,0.49939
1360.3,818.93,6.6317,0.4995
2533,1223.2,6.6171,0.49952
2562.7,1210.6,6.6181,0.49951
2760.2,811.28,6.6421,0.49929
667.03,1578.9,6.5832,0.49994
2102.9,1511.3,6.5958,0.49973
1450.8,847.33,6.6306,0.4995
1102.8,763.89,6.6334,0.4995
670.18,1554.5,6.585,0.49992
2760.1,803.34,6.6426,0.49928
2738.7,877.8,6.6386,0.49932
359.8,1381.5,6.5938,0.49989
301.43,1107.3,6.6083,0.49979
2761.3,826.66,6.6412,0.49929
1553.8,447.75,6.6564,0.49929
2764,870.5,6.6385,0.49932
2127.6,1477.9,6.5981,0.49971
2099.6,1495.7,6.5968,0.49972
804.91,1552.7,6.5859,0.4999
2313.8,1306.8,6.6099,0.4996
2758.3,1090.5,6.627,0.49941
2342.7,1181.7,6.6172,0.49954
2561.7,1216.9,6.6176,0.49951
1702.9,880.07,6.63,0.49949
1034.2,457.46,6.6528,0.49936
2304.2,1567,6.5929,0.49973
2751.4,775.1,6.6436,0.49928
591.69,746.01,6.631,0.49957
595.22,1238.9,6.6043,0.49978
469.78,1103.5,6.6106,0.49974
1207.9,1282.9,6.6053,0.49972
671.41,1541.9,6.5859,0.49991
909.34,1529.1,6.5877,0.49988
1839.8,1539.1,6.5919,0.49978
2328.9,1248.4,6.6133,0.49957
1913.6,1544.1,6.5918,0.49977
919.8,681.58,6.637,0.49949
284.11,239.12,6.6677,0.49933
1673.9,1475.7,6.5956,0.49976
1088.2,807.11,6.6307,0.49953
2668.1,430.22,6.6654,0.49912
324.95,1111.3,6.6087,0.49978
1077.4,833.93,6.6292,0.49954
1167.8,1263,6.6058,0.49971
1794.7,879.48,6.6304,0.49948
1184.2,749.11,6.6343,0.49949
602.33,1171.5,6.6074,0.49975
705.74,316.9,6.6631,0.49931
2738.7,828.69,6.6409,0.4993
323.81,1092.7,6.6096,0.49977
1659.3,1515.8,6.5933,0.49978
1472.8,447.18,6.6562,0.4993
1336.5,896.69,6.6271,0.49954
1152.2,815.55,6.6305,0.49952
334.33,1021.2,6.6132,0.49974
2087.8,1511.8,6.5954,0.49973
1610.7,1460.8,6.5964,0.49976
2327,1566.5,6.5931,0.49973
2561.8,1102.1,6.6237,0.49946
1444.8,788.77,6.6333,0.49948
956.56,1267.8,6.6046,0.49974
2755.4,811.69,6.6414,0.49929
2763.7,838.76,6.6399,0.4993
2339.8,1284.6,6.6115,0.49958
536.92,288.13,6.6647,0.49931
1780.5,877.25,6.6304,0.49948
497.71,1222.5,6.6041,0.49979
833.07,719.6,6.6342,0.49952
2240.6,989.02,6.6267,0.49947
1816.6,1153.3,6.6156,0.49959
2107.8,1503.9,6.596,0.49972
2706.9,1235.7,6.6178,0.49949
978.03,1063.7,6.6159,0.49965
2750.1,1081.8,6.6269,0.49941
2761.3,840.77,6.6401,0.4993
603.52,749.93,6.6305,0.49957
2550.3,1199.4,6.6181,0.49951
1155.4,730.97,6.6356,0.49948
633.86,625.14,6.6383,0.49951
571.61,295.44,6.6641,0.49931
724.58,321.52,6.6625,0.49931
896.83,1162.7,6.61,0.4997
922.7,1540.8,6.5867,0.49988
2086.7,1512.6,6.5952,0.49973
1399.3,1203.9,6.6104,0.49966
343.81,1121.2,6.6079,0.49978
2400.7,1439.8,6.602,0.49965
652.2,1543.2,6.5854,0.49992
1637.3,1550.4,6.5896,0.49981
963.55,1077.3,6.6151,0.49966
1453,876.26,6.6286,0.49952
2543.9,1175.7,6.6189,0.4995
1944.2,1446.2,6.5986,0.49972
1671.8,1461.9,6.5963,0.49975
814.82,791.23,6.6297,0.49956
1995.3,1516.3,6.5943,0.49975
2082.7,1519.1,6.5946,0.49974
1078,858.83,6.6276,0.49955
816.18,773.82,6.6306,0.49955
879.37,294.37,6.6666,0.49926
576.45,764.33,6.6295,0.49958
887.16,1576.8,6.5838,0.49991
508.13,1514.2,6.5862,0.49993
2458.7,1461.3,6.6019,0.49965
908.54,732.87,6.6338,0.49952
646.85,307.13,6.6634,0.49931
617.28,732.8,6.6315,0.49956
2751.6,1061.8,6.6276,0.4994
1420.7,1524.8,6.5903,0.49982
1345,844.2,6.6297,0.49951
1072.7,788.62,6.6313,0.49952
912.1,1576.7,6.5839,0.49991
866.07,672.09,6.6369,0.4995
1774.9,1651.1,6.582,0.49986
2119.2,1486.9,6.5971,0.49971
2364.9,973.23,6.6283,0.49945
2378.5,968.56,6.6287,0.49944
1156.5,834.74,6.6292,0.49953
1305.7,428.27,6.6567,0.49931
488.25,279.31,6.665,0.49932
2200.9,560.45,6.6513,0.49928
897.31,1201.6,6.6077,0.49972
2041.5,1203.9,6.6136,0.49959
265.2,231.85,6.6681,0.49933
603.2,315.15,6.6625,0.49932
2456.3,1457.3,6.6019,0.49965
810.39,1547.2,6.5861,0.4999
1102.8,809.64,6.6302,0.49953
829.13,795.24,6.6294,0.49956
2098.2,1495.9,6.5962,0.49972
2193.3,573.19,6.6507,0.49929
1736.3,830.56,6.6322,0.49947
674.88,761.29,6.63,0.49957
390.1,561.53,6.64,0.49953
1324.5,1114.8,6.6148,0.49963
1717.3,894.51,6.6285,0.4995
2149.1,1313.3,6.6083,0.49962
1765.4,815.02,6.6331,0.49946
2283.7,946.18,6.6291,0.49945
2591.3,1066,6.6256,0.49944
2359.6,865.88,6.6344,0.4994
1775.3,835.54,6.6325,0.49946
1179.9,775.97,6.6325,0.4995
1410.6,782.18,6.6335,0.49948
2025,1526.6,6.5934,0.49975
1026.4,1646.8,6.5787,0.49994
2105,1507,6.5956,0.49973
1224.3,855.48,6.628,0.49954
2740.2,1066.1,6.6273,0.49941
621.94,1547.6,6.5849,0.49993
397.34,718,6.6304,0.4996
382.91,259.63,6.6661,0.49932
307.61,243.17,6.6671,0.49933
834.44,305.75,6.665,0.49928
1846.8,1453.8,6.5978,0.49973
927.52,1503.5,6.5891,0.49986
2566.8,1183.5,6.6189,0.4995
385.16,1550.9,6.5825,0.49998
2204.2,1007.1,6.6256,0.49948
2761.8,833.07,6.6403,0.4993
2746.3,1132.5,6.6238,0.49943
412.07,1134.8,6.6078,0.49977
836.65,792.34,6.6292,0.49956
705.49,1671.1,6.5752,0.49999
2726.3,1210.2,6.6194,0.49947
1744.6,1187.1,6.6127,0.49962
2173.1,1252.5,6.6124,0.49959
808.18,1540.4,6.5862,0.4999
2568.8,1224.2,6.6171,0.49951
1298.2,1646.6,6.5805,0.4999
883.04,309.49,6.6645,0.49928
1664.1,1561,6.5893,0.49981
605.83,748.93,6.6303,0.49957
472.19,649.37,6.6346,0.49955
1762.7,1535.7,6.5911,0.49979
440.76,575.85,6.6394,0.49952
720.47,1530.4,6.586,0.49991
1871.5,519.2,6.652,0.4993
333.7,960.33,6.6166,0.49972
2350.3,1557.1,6.5934,0.49972
2554.2,738.62,6.6436,0.49931
977.32,372.08,6.6592,0.49931
2374.7,858.42,6.6348,0.4994
306.67,244.27,6.6668,0.49933
1185.5,838.14,6.6289,0.49953
886.57,293.83,6.6663,0.49926
549.34,498.34,6.6455,0.49946
2124.7,1440.5,6.5996,0.49969
2360.9,1185.7,6.6167,0.49954
425.31,267.78,6.6654,0.49932
1753,493.26,6.6536,0.4993
801.14,812,6.6281,0.49957
1608.5,1501.7,6.5929,0.49979
1368.5,777.04,6.6331,0.49949
1090.5,821.08,6.6292,0.49954
2071.6,965.89,6.6264,0.49949
914.86,362.28,6.6596,0.49931
428.66,1479.1,6.5875,0.49993
2222.1,986.15,6.6262,0.49948
2764.9,840.79,6.6392,0.49931
2575.1,784.96,6.6402,0.49933
578.61,765.96,6.6291,0.49959
718.17,1566.4,6.5832,0.49993
1729.2,855.66,6.6308,0.49948
1413.2,426.27,6.6565,0.4993
2256.9,1571.5,6.5917,0.49975
428.93,702.97,6.6312,0.49959
2734.4,1148.1,6.6226,0.49945
427.88,572.27,6.6394,0.49952
2518.5,1399.1,6.6056,0.49961
2002.4,1509.8,6.5941,0.49975
1396.5,1251.3,6.6073,0.49969
1279.8,1634.2,6.5808,0.4999
2760.5,691.08,6.6481,0.49924
1660.7,1614.4,6.5843,0.49985
1398.9,1136.1,6.6134,0.49964
2226.3,1247.6,6.6122,0.49959
1628.1,460.05,6.6549,0.4993
454.48,702.13,6.6316,0.49958
2283,969.63,6.6274,0.49946
671.66,1496.3,6.5885,0.49989
2347.4,885.9,6.6328,0.49941
285.88,238.08,6.6671,0.49933
594.36,727.4,6.6312,0.49957
719.29,1502.7,6.5877,0.49989
1715.7,895.93,6.6283,0.4995
2746.9,1128.3,6.6234,0.49944
374.37,528.28,6.6416,0.49951
867.61,334.96,6.6614,0.4993
316.51,1089.4,6.6089,0.49978
2577.2,1184.5,6.6186,0.4995
1788.6,1286.7,6.6069,0.49966
1548.8,1565.8,6.5878,0.49983
1715.1,868.12,6.6298,0.49949
2394.7,1449,6.6007,0.49966
2050.3,547.89,6.6511,0.4993
2245.1,1244.6,6.612,0.49959
318.52,536.77,6.6403,0.49954
1455.9,874.33,6.6281,0.49952
1166.1,805.7,6.6303,0.49952
419.79,633.68,6.6347,0.49956
2557.7,754.79,6.6419,0.49932
2754.4,834.23,6.6393,0.49931
650.2,749.58,6.6304,0.49957
670.94,1527,6.5859,0.49991
323.51,1065.6,6.6102,0.49977
2025.7,1501.5,6.5948,0.49974
2753.4,803.77,6.641,0.4993
709.2,1045,6.6144,0.49969
2023,1200.1,6.613,0.4996
604.21,729.76,6.6309,0.49957
541.21,795.17,6.6268,0.49961
474.57,1130.4,6.6082,0.49976
867.19,1560.4,6.5846,0.49991
685.39,636.42,6.6372,0.49951
2588.3,1093.9,6.6235,0.49946
2220.2,1271.5,6.6105,0.4996
297.02,238.47,6.6671,0.49933
1018.8,387.15,6.658,0.49932
1032.8,384.13,6.6581,0.49932
385.52,1537.2,6.583,0.49997
1621.6,472.05,6.654,0.49931
674.98,1541.8,6.5849,0.49992
2813.3,522.41,6.6593,0.49914
921.73,811,6.6284,0.49956
1985.9,521.16,6.6521,0.4993
2546.1,738.96,6.6425,0.49932
719.86,1553.6,6.5838,0.49993
1473.4,1127.8,6.6143,0.49963
2336.9,1211.8,6.6143,0.49956
1994.4,1516.8,6.5935,0.49975
477.68,708.19,6.6312,0.49958
1482.5,890.33,6.6268,0.49953
2392.9,961.54,6.6283,0.49945
279.06,520.81,6.6406,0.49954
363.1,1381.9,6.5927,0.4999
1941.3,1160.9,6.6149,0.49959
1914.3,1479.1,6.5953,0.49974
2734.5,1036,6.6282,0.4994
1945.3,1515.9,6.5938,0.49975
1141.5,721.16,6.6345,0.49949
643,745.31,6.6302,0.49957
319.66,245.66,6.6663,0.49933
1638.1,1549.4,6.5888,0.49982
838.7,1545.9,6.5856,0.4999
618.89,621.42,6.6375,0.49951
2255.1,964.09,6.6278,0.49946
1073.6,1089.8,6.6141,0.49966
574.11,294.18,6.6633,0.49932
1138.9,744.18,6.6332,0.4995
461.9,1127.7,6.608,0.49976
1739.6,1248.6,6.6086,0.49965
2734.8,452.02,6.6629,0.49913
914.28,800.16,6.629,0.49955
381.98,1577.9,6.5799,0.5
1924.2,739.62,6.6378,0.49941
396.73,714.95,6.6297,0.4996
678.89,755.88,6.63,0.49957
914.43,804.92,6.6282,0.49956
1392,1233.1,6.6076,0.49969
833.26,794.23,6.6287,0.49956
2115.4,1489.3,6.5961,0.49972
701.58,1575.3,6.5824,0.49994
2321,1275.7,6.6104,0.49959
906.34,1538,6.5862,0.49989
478.55,1172,6.6057,0.49978
727.66,320.13,6.6616,0.49932
428.57,1462.4,6.588,0.49993
679.3,1546.4,6.5846,0.49992
1476.6,795.93,6.6319,0.49949
2350.8,1555.8,6.5929,0.49973
2467.8,744.8,6.6409,0.49934
2178.7,1181,6.6152,0.49957
906.23,1589.1,6.5825,0.49992
559.45,1097.9,6.6103,0.49973
787.12,332.52,6.6607,0.49932
2213.3,1484.8,6.5965,0.49971
2218.6,1199.3,6.6143,0.49957
2266.3,1569.3,6.5908,0.49975
1833.1,935.1,6.626,0.49951
1363.8,803.75,6.631,0.4995
592.63,742.97,6.6298,0.49958
653.1,1058.9,6.6128,0.49971
1651.3,463.21,6.6542,0.4993
822.11,1673.7,6.5747,0.49999
2413.6,1436.1,6.6012,0.49966
396.3,714.09,6.6296,0.49961
2732.8,1158.1,6.6213,0.49946
676.1,688.04,6.6338,0.49954
845.67,1527.9,6.5865,0.49989
579.31,1661.7,6.5747,0.50001
2561.6,877.16,6.6346,0.49938
587.53,968.86,6.6174,0.49968
2406.7,1446.8,6.6004,0.49966
666.15,1462.5,6.5895,0.49989
665.88,1490.1,6.5877,0.4999
1980.1,1281.6,6.608,0.49964
573.27,611.82,6.6375,0.49952
827.16,1489.2,6.5887,0.49988
423.01,1125.6,6.6074,0.49978
848.54,667.51,6.636,0.4995
288.81,524.97,6.6401,0.49954
2002.4,1509.7,6.5934,0.49975
921.77,1549.2,6.5849,0.4999
474.87,638.56,6.6351,0.49955
1828.4,493.03,6.6528,0.4993
2730.5,1137.6,6.6229,0.49944
909.32,1570.5,6.5836,0.49991
1890.5,503.8,6.6523,0.4993
722.45,1031,6.6148,0.49968
2026.9,1464,6.5969,0.49972
908.26,1549.1,6.5848,0.4999
1599.1,1475,6.5938,0.49978
330.32,946.9,6.6164,0.49972
1346.4,1617.3,6.5817,0.49989
365.16,1489.4,6.5857,0.49996
1743.5,899.05,6.6277,0.4995
2238.7,1268.3,6.61,0.4996
1924.3,1476.9,6.5955,0.49974
447.88,696.05,6.631,0.49959
1422.3,1520.8,6.5898,0.49982
609.45,673.22,6.634,0.49954
2743.9,1143.2,6.6221,0.49945
1277.4,1633.6,6.5801,0.49991
794.9,658.55,6.6361,0.49951
1742.6,478.28,6.6534,0.4993
1901.6,1545,6.5904,0.49978
1752.6,1162,6.613,0.49962
2284.3,993.78,6.6254,0.49948
894.71,806.58,6.628,0.49956
1346.3,1627.5,6.581,0.4999
1606.3,456.5,6.6543,0.49931
629.51,303.65,6.6624,0.49932
1777.3,840.95,6.6311,0.49948
1763,1648.8,6.5814,0.49986
1731,869.81,6.6291,0.49949
2759.3,1065,6.6266,0.49941
2191.2,1197.4,6.614,0.49958
2565.8,918.44,6.6318,0.4994
2365.4,1203.6,6.6145,0.49956
2759.2,1078.8,6.6258,0.49942
2504.1,603.59,6.6495,0.49927
1854.6,1460.6,6.5961,0.49974
1408.3,880.44,6.6265,0.49954
1989.3,1230.1,6.6107,0.49962
2307.7,595.86,6.6488,0.49929
2754.2,1156.3,6.6211,0.49945
494.98,1061.5,6.6113,0.49974
846.24,766.25,6.63,0.49955
490.52,1003.1,6.6144,0.49971
1599.3,1561.8,6.5879,0.49983
2242.8,1481.1,6.5967,0.49971
2370,1173.6,6.6161,0.49954
335.64,953.23,6.616,0.49972
335.59,1286.5,6.5979,0.49986
1367.1,817.61,6.6301,0.49951
334.07,1269,6.5984,0.49986
2565.7,827.92,6.6367,0.49936
681.33,329.54,6.6604,0.49933
1911.2,507.46,6.652,0.4993
876.28,790.06,6.6287,0.49956
670.94,1556.5,6.5831,0.49994
842.52,1475.5,6.5895,0.49987
944.52,1441.8,6.5926,0.49984
2815.5,509.54,6.6593,0.49914
1154,802.11,6.6297,0.49953
615.85,1595.1,6.5801,0.49997
1700.1,471.6,6.6535,0.4993
2213.3,1263.6,6.6106,0.4996
329.23,258.68,6.6646,0.49934
920.56,1561.2,6.5838,0.49991
310.31,1012.3,6.6117,0.49976
2566.1,857.57,6.635,0.49937
1105.6,793.47,6.6299,0.49953
882.63,728.16,6.6325,0.49953
686.95,748.03,6.6298,0.49957
2755.8,781.54,6.6415,0.49929
2598.1,905.12,6.6336,0.49938
819.46,761.76,6.6299,0.49955
699.52,1552.3,6.5832,0.49993
1461.4,433.31,6.6552,0.49931
2731.1,1174.1,6.6202,0.49947
2552.9,1109.2,6.6212,0.49948
677.12,1527.1,6.5853,0.49992
1921.5,735.92,6.6374,0.49942
1745.2,838.39,6.6305,0.49948
2768.7,745.55,6.6437,0.49927
922.45,792.17,6.6288,0.49955
650.99,682.52,6.6336,0.49954
2572.4,1210.9,6.6162,0.49952
2211.3,576.62,6.6493,0.4993
1830.8,846.7,6.6305,0.49948
2386.5,855.31,6.6338,0.4994
385.35,975.77,6.6147,0.49972
1246.4,1091.9,6.6143,0.49964
429.24,699.69,6.6304,0.49959
368.81,257.28,6.6648,0.49934
667.09,1475.7,6.5882,0.4999
2761.1,742.98,6.6436,0.49928
846.18,1537.2,6.5854,0.4999
2587.5,1095.5,6.6225,0.49947
590.79,736.67,6.6298,0.49958
1037.5,1507.1,6.5885,0.49986
1961.2,1305.2,6.6064,0.49965
915.69,805.94,6.6276,0.49956
394.92,263.2,6.6643,0.49933
353.43,1192.5,6.6033,0.49982
1665.4,1606.4,6.5843,0.49985
1678.3,1456.9,6.5953,0.49976
334.36,1264,6.5989,0.49986
412.53,265.05,6.6644,0.49933
2338.8,1162.7,6.6167,0.49954
2236.1,1211.5,6.6129,0.49958
2078.5,881.5,6.63,0.49946
1191.1,753.51,6.6323,0.49951
274.33,611.46,6.6333,0.4996
313.51,628.1,6.6328,0.49959
2319.5,1034.4,6.6236,0.49949
1031.7,387.4,6.6571,0.49932
1937.7,1537.8,6.5905,0.49978
2119.7,1506.1,6.5939,0.49974
660.68,1136.5,6.6083,0.49974
2602.2,769.6,6.6401,0.49933
252.82,510.06,6.6402,0.49955
2773.9,870.35,6.6366,0.49933
687.94,1500.9,6.5866,0.49991
2578.1,1093.8,6.6225,0.49947
1354.2,1625.8,6.581,0.4999
2717.4,1214,6.6175,0.49949
377.24,1577.9,6.5792,0.5
2753.9,1066.4,6.6258,0.49942
2360.9,848.27,6.6339,0.49941
1718,881.22,6.6281,0.4995
1404.6,1137.4,6.6123,0.49965
893,358.75,6.6586,0.49932
466.93,1169.5,6.6051,0.49979
2134.7,1440.1,6.5983,0.4997
429.26,572.03,6.6382,0.49953
1076,775.51,6.6305,0.49953
2594.9,731.79,6.6426,0.49931
300.56,974.56,6.6136,0.49975
2039.9,879.11,6.6296,0.49947
827.45,1501.1,6.5873,0.49989
2230,1498,6.5951,0.49972
621.5,1562.6,6.5821,0.49995
293.2,642.58,6.632,0.49961
1672.2,1497.6,6.5922,0.49979
2539.2,1200.3,6.6158,0.49953
1364.3,430.44,6.655,0.49932
1668.2,1464.7,6.5944,0.49977
1719.1,895.34,6.6269,0.49951
822.35,1671.9,6.5744,0.49999
2167.9,568.91,6.6493,0.4993
1933.2,744.67,6.6369,0.49942
1575.2,463.29,6.6535,0.49931
1756.5,1163.5,6.6126,0.49962
2171.9,1292,6.6077,0.49963
2378.8,903.57,6.6306,0.49943
1771.2,1551.7,6.5888,0.49981
2279.9,1557.6,6.5916,0.49974
813.42,781.75,6.6286,0.49957
2258.9,1463,6.5982,0.49969
850.71,1185.6,6.6072,0.49973
1806.8,840.24,6.6304,0.49948
1151.8,741.69,6.6329,0.49951
1787.9,486.03,6.6525,0.49931
2558.5,746.22,6.6412,0.49933
475.15,1477.6,6.5871,0.49993
511.11,1437,6.5895,0.4999
867.38,765.39,6.6293,0.49956
929.72,1500.4,6.5878,0.49988
