1135.1,331.73,6.7567,0.49859
1131.9,337.46,6.7511,0.49863
1290.2,252.26,6.7578,0.49856
1130.5,343.67,6.7467,0.49866
1135.7,344.79,6.7466,0.49866
1437.9,346.11,6.7457,0.49865
1443.9,352.44,6.7409,0.49868
1283.9,257.72,6.748,0.49863
1437,372.09,6.732,0.49874
2266.8,211.03,6.7443,0.49858
1994.7,1493.1,6.6572,0.49928
1975.3,1518.4,6.6519,0.49932
1486.2,406.69,6.716,0.49885
2343.4,227.09,6.7328,0.49865
1466.8,440.7,6.7077,0.49892
2395.3,992.94,6.6752,0.49909
2704,1585.9,6.6412,0.49932
1059.1,458.61,6.6986,0.49901
2330.9,246.6,6.7249,0.49871
2703.5,1575.8,6.6409,0.49932
1467.2,457.43,6.7003,0.49897
1410.5,412.18,6.704,0.49895
1249.7,950.66,6.668,0.49924
1360.7,422.45,6.6991,0.49898
1224.5,969.28,6.6633,0.49927
1756.4,788.41,6.6712,0.49917
1231,1184.2,6.6464,0.4994
2364.4,1147.2,6.655,0.49925
2516.8,1122.4,6.6569,0.49922
1217.6,846.78,6.6639,0.49927
2423.8,247.08,6.7152,0.49877
1758.6,861.93,6.6651,0.49922
1951,816.27,6.6687,0.49917
2359,1151,6.6526,0.49927
1207.8,1193.4,6.6432,0.49943
2373.4,268.5,6.7105,0.49881
2376.3,269.6,6.7095,0.49882
2140.7,1198.3,6.6468,0.49933
1259.3,874.34,6.6594,0.49929
1201.3,706.35,6.6686,0.49923
869.42,862.41,6.6576,0.49934
1558.3,829.08,6.6632,0.49924
2381,271.44,6.7085,0.49882
2652.1,1099.6,6.6559,0.4992
2434.8,255.79,6.7106,0.4988
1575.8,827.6,6.6629,0.49924
1752.8,843.75,6.663,0.49923
1945.8,799.42,6.6663,0.49919
2372.8,1164.2,6.6491,0.49929
1728.7,821.77,6.6636,0.49923
2560,1129.2,6.6524,0.49924
846.83,864.56,6.656,0.49935
1198.4,1012.2,6.6498,0.49937
2311.7,1177.2,6.6471,0.49931
2709.7,1083.7,6.6558,0.49919
1182.2,714.67,6.6658,0.49925
1191.2,874.8,6.6562,0.49932
1260.4,1050.7,6.6469,0.49939
2692.5,1090.9,6.6546,0.49921
917.82,889.65,6.6536,0.49936
2393.1,1486.5,6.6276,0.49946
876.39,1173,6.6382,0.49949
1211.7,1199.9,6.638,0.49946
1732.1,892.93,6.6576,0.49927
1722.9,804.47,6.6621,0.49924
1572.9,866.9,6.6577,0.49928
2154.5,1123.5,6.6471,0.49932
1332.3,456.54,6.683,0.4991
1242.2,1052.3,6.6456,0.4994
2392.6,373.51,6.6948,0.49893
1724.5,831.51,6.6602,0.49925
1338.2,464.13,6.6819,0.49911
2387,277.75,6.7044,0.49885
1226.5,734.06,6.6627,0.49927
1942.9,845.11,6.6602,0.49924
1742.1,804.13,6.6613,0.49924
1923.2,851.19,6.6597,0.49924
2646.7,1109,6.6512,0.49924
2704.7,1004.7,6.6572,0.49918
1414.8,1482.1,6.6196,0.49959
2554,1051.1,6.653,0.49924
1191.7,1204.5,6.6356,0.49948
1917.6,1115.4,6.6452,0.49936
1728.1,898.87,6.6552,0.49929
1666.5,826.14,6.6588,0.49927
1202.2,873.03,6.6535,0.49934
1551.7,879.8,6.655,0.49931
1499.2,867.3,6.6554,0.49931
1706.3,1274.6,6.6336,0.49946
2079.4,1227.4,6.6384,0.4994
1896.5,1249.5,6.6361,0.49943
1570.1,881.09,6.6546,0.49931
1537.6,1294.7,6.6311,0.49949
1396.1,981.06,6.6477,0.49937
1550.9,887.23,6.6537,0.49932
2531.7,1141.3,6.6463,0.49929
2478.7,1155.9,6.6448,0.49931
1881.6,874.01,6.6558,0.49928
2139.1,1219.7,6.6385,0.49939
2358.2,1177.3,6.6424,0.49934
1204.3,1196.9,6.6342,0.49949
2689.8,1456.6,6.6285,0.49941
1392.3,899.51,6.6515,0.49934
1191.5,722.17,6.6604,0.49929
2122.7,1110.2,6.6442,0.49935
1718.8,817.45,6.6578,0.49927
1232.2,906.44,6.6501,0.49937
2661.5,1110.8,6.6488,0.49925
1191.1,1391.7,6.6225,0.49959
1912.2,1253,6.6346,0.49944
884.4,1305.7,6.6259,0.49958
894.14,905.73,6.6481,0.49941
2550.2,1138.9,6.6458,0.49929
2686.2,1018.1,6.6538,0.49921
1247.3,891.91,6.6508,0.49936
2074.8,1229.9,6.6369,0.49941
1855.8,817.32,6.6583,0.49926
1738.5,813.39,6.6577,0.49927
2359.7,1153.3,6.6426,0.49934
2116.3,1220,6.6375,0.4994
1251.6,1053.4,6.6416,0.49943
2687.3,1457.9,6.6277,0.49942
1246.1,875.64,6.6512,0.49936
1199,865.12,6.6515,0.49936
1187.2,1196.7,6.6333,0.4995
1721.7,1151,6.6395,0.49942
2684,975.23,6.6555,0.4992
2300.7,1076.9,6.6463,0.49932
1397.5,884.95,6.6518,0.49934
1741,898.94,6.6522,0.49931
1938.2,854.54,6.6558,0.49927
2336,1101.1,6.6449,0.49932
1568.9,1615.1,6.6069,0.49968
1913.9,809.87,6.6581,0.49926
1057.8,476.87,6.6747,0.49919
1230.6,1244.5,6.63,0.49952
1553.2,850.62,6.6538,0.49931
2142.7,1111.2,6.6425,0.49936
1246,1248.4,6.6297,0.49952
1495.7,906.24,6.6499,0.49935
1550.1,956.61,6.6474,0.49936
1237.2,739.74,6.6577,0.49931
2700.4,965.29,6.6552,0.4992
2529,1069.1,6.6478,0.49928
1249.7,1040.3,6.641,0.49943
2659.5,1031.2,6.6511,0.49924
863.33,961.16,6.6431,0.49945
2547.9,1118.4,6.6445,0.4993
1171.7,1393.8,6.6201,0.4996
1875.3,819.74,6.6564,0.49927
1874.8,816.23,6.6565,0.49927
2291.7,1194.8,6.6385,0.49938
2624.3,664.48,6.6707,0.49909
932.84,1317.1,6.6234,0.4996
2640.8,1038.9,6.6502,0.49925
2353.3,1447.5,6.6233,0.49949
844.94,957.31,6.6428,0.49945
2116,1146.4,6.6398,0.49938
2676,1418.7,6.6287,0.49941
1188.8,715.61,6.6582,0.4993
2350.1,1513.2,6.6186,0.49953
1545.7,869.78,6.6514,0.49933
2496.4,1034.3,6.6485,0.49928
1858.8,885.8,6.6522,0.4993
2474.5,1040.1,6.648,0.49928
2274,1087.4,6.6436,0.49934
1702.8,1187,6.6346,0.49945
2356.4,1145.8,6.6411,0.49935
1694.6,1282.9,6.629,0.4995
1229.2,1230.8,6.6294,0.49953
2701.3,1077.9,6.6475,0.49926
2638.5,995.61,6.6517,0.49923
2053.6,1129.9,6.6396,0.49939
1244.5,1234,6.6292,0.49953
1235.6,727.68,6.6572,0.49931
2045.2,1240,6.6333,0.49944
2657,990.07,6.652,0.49923
2651.2,656.66,6.6705,0.49908
2296.2,1119.6,6.6417,0.49935
1201.4,395.84,6.6801,0.49913
1201.8,1053.5,6.6386,0.49946
1173.7,732.14,6.6563,0.49932
2347.8,1457.7,6.622,0.4995
911.43,892.74,6.6457,0.49942
1546,1575.9,6.608,0.49967
2547,1016,6.6494,0.49926
1892,1157.8,6.6366,0.49942
2266.6,1206.9,6.6362,0.4994
2673.5,1424.7,6.6274,0.49942
2675.5,1408.1,6.6277,0.49942
914.83,1321.4,6.6215,0.49961
1201,1036.8,6.6391,0.49945
2354.5,1125.7,6.6407,0.49935
1388.8,939.03,6.6454,0.49939
1724.1,811.05,6.6549,0.49929
1680.9,869.1,6.6508,0.49933
1181.4,891.96,6.6468,0.49939
2547.7,1108.4,6.6437,0.49931
1682.3,936.38,6.6469,0.49936
1914.5,846.99,6.6532,0.49929
2134.4,1200.7,6.6347,0.49942
914.58,981.03,6.6401,0.49947
1888,1187.3,6.6343,0.49944
2342.6,1513.2,6.617,0.49954
1375.9,1325.7,6.6232,0.49956
2293.7,1116.2,6.6406,0.49936
1180.5,876.33,6.647,0.49939
1201.2,406.26,6.6782,0.49915
1664.8,940.31,6.6461,0.49937
1509.2,889.58,6.648,0.49936
1220,746.37,6.6545,0.49933
1243.4,1221.8,6.6283,0.49953
839.79,878.05,6.6448,0.49944
933,1212.8,6.6276,0.49956
2491.6,1135.6,6.6404,0.49934
1404.4,914.73,6.6458,0.49939
2667,1480.3,6.6218,0.49946
1231.1,1064.8,6.6367,0.49947
1113.8,1504.2,6.6098,0.49969
2468.4,729.24,6.6629,0.49917
1227.6,1219.2,6.6281,0.49954
1661.9,881.3,6.6491,0.49934
2681,1122.8,6.6432,0.49929
1661.2,877.61,6.6491,0.49934
1660.6,849.74,6.6507,0.49933
2493.1,1123.4,6.6413,0.49933
2699.5,1042,6.6472,0.49926
1230.7,1047.4,6.6373,0.49946
1036.3,685.55,6.6565,0.49933
2696.2,1120.9,6.6431,0.49929
2491.8,1100.5,6.6416,0.49933
2471.1,1084.8,6.6428,0.49932
844.86,972.36,6.6389,0.49948
860.49,887.25,6.6436,0.49944
1541.1,1191.4,6.6314,0.49949
1952.4,1638.2,6.6037,0.49968
865.2,1320.1,6.6195,0.49963
1389.5,1000.2,6.6405,0.49943
841.73,941.1,6.6404,0.49947
2523,1117.1,6.6413,0.49933
2071.7,1132.5,6.637,0.49941
2262.2,1206,6.6341,0.49941
2123.3,1218.4,6.6321,0.49944
1529.1,1219.1,6.6286,0.49951
2643.5,600.3,6.6712,0.49908
1184,1040.4,6.6365,0.49947
2133,1171.4,6.6343,0.49942
2353,1078.6,6.6414,0.49935
2694.5,1123.2,6.642,0.4993
1846.7,1172.5,6.6328,0.49946
1562,970.02,6.6422,0.4994
2655.3,990.35,6.649,0.49925
2111.2,837.96,6.6526,0.49928
1493.6,983.98,6.6409,0.49942
1564,936.89,6.6439,0.49939
2109.5,842.98,6.652,0.49929
2328.6,1084.9,6.6404,0.49936
1117.8,763.13,6.6511,0.49936
1678.2,853.84,6.6489,0.49934
2654.4,1059.7,6.6441,0.49929
1221.3,1411.9,6.6146,0.49964
2681.8,983.17,6.649,0.49925
862.69,951.05,6.6387,0.49948
1403.8,945.31,6.642,0.49942
1905.3,1190.1,6.6314,0.49946
2126.7,1202.1,6.632,0.49944
2286.2,1178.6,6.634,0.49941
2067,1164,6.6337,0.49943
1340.1,937.34,6.6419,0.49942
2336.6,1203.3,6.6332,0.49941
2350.7,1117.2,6.6382,0.49937
1679.4,933.17,6.6438,0.49938
1195.7,1200.8,6.6265,0.49955
2291.3,1424.5,6.6191,0.49953
2445.2,268.77,6.6954,0.49891
1699.3,1293.4,6.6238,0.49954
1716.5,881.56,6.6467,0.49936
2288.5,1144.3,6.6355,0.4994
1941.4,861.89,6.6487,0.49932
1717.3,904.71,6.6455,0.49937
1165.4,1387.6,6.6151,0.49964
1545.1,971.86,6.6407,0.49941
2219.1,365.54,6.6836,0.49903
2612.6,686.63,6.6638,0.49914
1906.4,1163.9,6.632,0.49946
2465.2,1059.8,6.6414,0.49934
2092.9,1632.1,6.6025,0.49967
1875.3,868.11,6.6479,0.49934
1662.2,946.29,6.6424,0.49939
1125.7,789.74,6.648,0.49939
2041.5,1169.7,6.6323,0.49944
2458.4,1181.6,6.6344,0.49939
1523.4,1244.9,6.625,0.49954
2438,253.18,6.6965,0.49891
2054.2,1120.5,6.6355,0.49942
2521.9,1168.3,6.6356,0.49937
1744.7,910.39,6.6442,0.49937
2677.9,999.48,6.6463,0.49927
2518.4,1047.5,6.6421,0.49932
2430.5,239.13,6.6981,0.4989
2477.6,1179,6.6344,0.49939
2463.7,1169.6,6.6352,0.49938
1744.5,882.28,6.6455,0.49936
2636.1,1002,6.646,0.49928
1172.6,732.23,6.6512,0.49936
2648,1137.9,6.6383,0.49934
1491.9,931.72,6.6417,0.49941
2084.8,1631.6,6.602,0.49968
2301.3,799.27,6.6536,0.49926
1178.8,1391.5,6.6139,0.49965
1204.7,1411.6,6.6127,0.49966
2321.6,1161.7,6.6341,0.49941
1518.8,1287.3,6.6219,0.49956
2123.9,394.57,6.6796,0.49907
2263.1,1129.5,6.6353,0.4994
1219.3,742.65,6.6505,0.49936
1378.3,1247.2,6.6234,0.49956
2635,1091.8,6.6406,0.49932
1508,924.76,6.6417,0.49941
1875.3,875.2,6.6465,0.49935
1692.1,1198.5,6.6278,0.49951
892.97,905.23,6.6394,0.49947
1726.8,933.35,6.6426,0.49939
1688.3,1223.6,6.6261,0.49952
2562.6,1580.4,6.6085,0.49958
1716.9,913.21,6.6432,0.49938
1807.5,1279.4,6.6235,0.49953
1206.5,1397.2,6.6131,0.49965
2495.1,281.93,6.6922,0.49893
2283.4,1169.4,6.6328,0.49942
1375.4,1268.8,6.6216,0.49958
1716,905.31,6.6435,0.49938
2645.9,1139.9,6.6373,0.49934
1826.5,1279.4,6.6234,0.49953
2663.5,1422.5,6.6208,0.49947
914.88,1329.6,6.6155,0.49966
868.19,960.72,6.6352,0.49951
867.61,935.38,6.6366,0.4995
2637.3,1141.2,6.637,0.49935
1340.8,1025.7,6.6347,0.49948
1227.4,920.36,6.6397,0.49944
2009,1538.6,6.6078,0.49964
986.85,1629.9,6.5945,0.49982
1207.5,1071.2,6.631,0.49951
1340.1,967.75,6.6377,0.49945
895.12,965.43,6.6353,0.49951
2683.7,1128.2,6.638,0.49933
1123,795.96,6.646,0.4994
1874.4,902.25,6.6441,0.49936
868.82,992.67,6.6333,0.49952
1245,1045.9,6.6327,0.4995
1404,957.3,6.6385,0.49944
1874.2,869.06,6.6458,0.49935
1853.7,878.06,6.6452,0.49936
2106.7,1233.1,6.6276,0.49948
2218.5,1429.8,6.6156,0.49956
2124.8,1190.6,6.6296,0.49946
2029.4,1247.1,6.6259,0.4995
1873.8,895,6.6441,0.49936
2463.5,1136.1,6.6352,0.49938
2526.6,1156.3,6.6351,0.49938
2320.9,1505.5,6.6118,0.49958
2463.8,1182.1,6.6323,0.49941
1179.5,1378.7,6.6131,0.49966
898.39,998.87,6.6329,0.49952
1797.6,486.46,6.6688,0.49918
2195.2,1455.7,6.6135,0.49958
1680,924.42,6.6412,0.4994
1873.8,851.82,6.6463,0.49935
2260.9,1138.4,6.6332,0.49942
1262.1,793.83,6.6465,0.49939
1660.5,902.89,6.6422,0.49939
1387.1,961.78,6.6376,0.49945
2521.8,1037.3,6.6409,0.49933
1939.6,841.99,6.6468,0.49934
1517.4,1277.6,6.6207,0.49957
919.76,1005.5,6.6323,0.49953
2523.9,726.62,6.6578,0.4992
1247.1,1233.7,6.6214,0.49959
2302.6,1492.9,6.6116,0.49958
2454.3,272.52,6.6923,0.49894
1873.9,898.02,6.6434,0.49937
1618.9,1305.2,6.6194,0.49958
1933.8,838.62,6.647,0.49934
2531.5,1133.1,6.6351,0.49938
1717.1,935.37,6.6404,0.4994
937.35,1307.2,6.6152,0.49966
1896.8,1243.8,6.6241,0.49952
2676.6,666.19,6.6626,0.49914
1196.2,881.13,6.6404,0.49944
2037.3,1178.6,6.629,0.49947
2510.9,1138.1,6.6344,0.49938
1420.2,576.45,6.6597,0.49927
1202.6,1225.1,6.6212,0.49959
2641.3,1455.4,6.6169,0.4995
1227.7,905.81,6.6391,0.49945
2193.4,379.87,6.679,0.49907
2547.1,1588.3,6.6062,0.4996
2536.7,1046,6.6396,0.49934
1191.7,492.94,6.6641,0.49926
1460.2,1323.4,6.617,0.49961
2492,1056.7,6.6385,0.49935
2156.9,1532.9,6.6073,0.49963
2470.6,268.26,6.692,0.49894
1385.3,1226.6,6.6227,0.49957
1221.4,1387.1,6.6118,0.49966
1540.8,1289.7,6.619,0.49958
1838.6,1179.8,6.6272,0.4995
2512.7,1101.8,6.636,0.49937
1512.3,1305.4,6.6181,0.49959
1228.7,724.32,6.6494,0.49937
1219.1,1401.3,6.6107,0.49967
2469.8,1170.2,6.6324,0.49941
1679.6,928.87,6.6398,0.49941
1245.9,1251.5,6.6194,0.4996
2693.9,997.97,6.6434,0.49929
1940.5,842.97,6.6456,0.49935
2532.9,1097.1,6.6362,0.49937
889.19,1303.1,6.6142,0.49967
2325.2,1140.7,6.632,0.49942
1199.8,759.64,6.6461,0.4994
686.36,885.44,6.6362,0.49952
2690.8,1101.5,6.6375,0.49933
2636.2,1143.8,6.6346,0.49937
1179.6,1206.2,6.6217,0.49959
1201.2,1242.3,6.6195,0.4996
2658.2,684.1,6.6603,0.49916
933.89,1302.7,6.6149,0.49966
1880.8,859.19,6.6442,0.49936
2318.2,1137.6,6.6322,0.49942
1999.6,435.9,6.6723,0.49913
2478.7,1162.9,6.632,0.49941
2524.6,1049.6,6.6385,0.49935
1554.8,937.21,6.6388,0.49943
867.95,1327.8,6.6128,0.49968
865.6,1237.6,6.618,0.49964
1932.1,870.98,6.644,0.49936
1571.3,932.39,6.6383,0.49943
2487.1,1141.5,6.6331,0.4994
2316.1,1172.1,6.6301,0.49944
2060.4,1190.1,6.6269,0.49948
1199.4,1040.9,6.6306,0.49952
1397.8,964.96,6.6361,0.49946
2467.4,1052.5,6.638,0.49936
2645.4,1104.2,6.6365,0.49935
2335,1189.9,6.6291,0.49944
2523.1,697.04,6.6581,0.4992
1685,1229.4,6.6229,0.49954
641.75,931.88,6.633,0.49955
900.01,999.13,6.6311,0.49954
2608.5,630.15,6.6629,0.49915
2685.3,1000.5,6.6426,0.4993
1940.4,1544.7,6.6041,0.49967
1243.5,894.25,6.6387,0.49945
1730,893.49,6.6418,0.49939
2691.1,1090.2,6.6377,0.49933
688.85,945.72,6.6325,0.49955
1867.4,472.21,6.6683,0.49918
1492.7,994.11,6.6346,0.49947
1660.8,925.1,6.6392,0.49942
2322.7,1198.2,6.6288,0.49945
1342.4,1027,6.632,0.4995
1816.9,1183.9,6.6259,0.49951
2474.5,246.32,6.6933,0.49893
2461,417.65,6.6764,0.49906
1543.4,952.77,6.637,0.49944
2648.7,1014.4,6.6412,0.49931
1496,895.16,6.6403,0.49942
886.57,1265.6,6.6161,0.49966
2470.3,1063.8,6.6367,0.49937
2652.9,1089.2,6.6374,0.49934
2475.6,1146.7,6.6321,0.49941
2694,1130.3,6.6352,0.49935
1184.6,1394.4,6.6096,0.49968
2331.7,1174.5,6.6294,0.49944
2148.8,1528.7,6.6066,0.49964
2055.3,1222.3,6.6246,0.4995
2673.9,1095.7,6.6369,0.49934
2321.8,345.7,6.6815,0.49904
1206.7,902.02,6.6373,0.49946
1661.3,929.5,6.6387,0.49942
1709.5,1242,6.6213,0.49955
2065.3,419.09,6.6733,0.49912
2481.1,1062.5,6.6366,0.49937
2533.6,1150.5,6.6324,0.4994
2113.5,1169.4,6.6285,0.49947
1200.3,745.51,6.646,0.4994
1239.7,1220,6.6203,0.4996
1341,1571.3,6.598,0.49976
1919.9,784.09,6.6486,0.49933
2675.1,1012.2,6.6415,0.49931
2482.6,1061.4,6.6366,0.49937
2329.8,1186.3,6.6285,0.49945
939.42,1282.7,6.6147,0.49966
2509,1153.3,6.6318,0.4994
1339.8,1571.5,6.5982,0.49976
854.46,954.29,6.6331,0.49953
2473.1,291.2,6.6878,0.49897
2669.9,604.57,6.6645,0.49913
2656.8,1010.6,6.641,0.49931
2559.9,1578.5,6.6056,0.4996
2511.7,1117.2,6.6337,0.49939
1366.6,1332.8,6.6144,0.49963
2647.3,1467.6,6.6148,0.49952
2520.3,1137,6.6325,0.4994
1898.1,1215.5,6.6235,0.49952
2252,1447,6.6117,0.49959
1182,881.87,6.6382,0.49946
1704.5,1270.8,6.6193,0.49957
1682.6,1293.4,6.6184,0.49958
2473.7,1158.8,6.6308,0.49942
2381.7,329.05,6.683,0.49902
886.21,1298.3,6.6136,0.49968
2475,1160.7,6.6308,0.49942
2647.6,1015.9,6.6403,0.49932
2522.8,1100.5,6.6344,0.49938
2519.2,1148.7,6.6318,0.4994
1388.8,681.46,6.6511,0.49934
1230.4,1048.9,6.6292,0.49953
1833.8,1206.5,6.6239,0.49953
2199.5,1503.9,6.6078,0.49962
1484,894.5,6.6395,0.49943
2118.1,1139,6.6291,0.49946
2507.5,1151.3,6.6313,0.49941
2312,1144.6,6.6301,0.49944
2277.6,1167.8,6.6287,0.49945
1882.8,888.17,6.641,0.49939
1914.2,894.15,6.6412,0.49938
2532.3,1171.8,6.6302,0.49941
2046.2,1236.7,6.6232,0.49952
2674.8,1057.6,6.6381,0.49933
639.03,1174.2,6.6192,0.49966
2475.6,276.72,6.689,0.49896
2648,1143,6.633,0.49938
891.64,1277.7,6.614,0.49967
2697.6,1075.2,6.6377,0.49933
1689.8,933.06,6.6373,0.49943
2477.5,1111.4,6.6329,0.4994
2645.6,1078.8,6.6364,0.49935
1680.2,924.08,6.638,0.49943
2639,1017.6,6.6396,0.49933
1882.8,1259.7,6.6206,0.49955
1679.7,921.28,6.6381,0.49943
2319.1,1177.3,6.628,0.49945
1688.8,908.99,6.6384,0.49942
2675.5,638.02,6.6616,0.49915
2313.4,1143,6.6298,0.49944
1150.7,784.21,6.6425,0.49943
854.55,888.16,6.6358,0.49951
2116.2,1204.1,6.6253,0.49949
2690.4,1104.4,6.6354,0.49935
2648.8,579,6.6649,0.49913
1679.5,907.48,6.6387,0.49942
2536.6,1122.8,6.633,0.49939
2628.7,625.28,6.6618,0.49916
2108,1214.3,6.6243,0.4995
1728.6,905.13,6.6397,0.49941
1469.9,1238.7,6.6194,0.49959
2248.4,1449.3,6.6108,0.4996
1224.8,1218.2,6.6192,0.49961
2307.5,1193.1,6.6268,0.49946
2499.5,280.67,6.6878,0.49897
1203.9,1211.8,6.6191,0.49961
2274.1,1446.4,6.6111,0.49959
2209.7,1452.2,6.6102,0.4996
1746.5,948.28,6.6364,0.49943
1404.6,972.06,6.6335,0.49948
2530.2,1110.7,6.6331,0.49939
2091.9,1202.5,6.6249,0.4995
2605.9,598.29,6.6631,0.49915
1544.7,958.48,6.6351,0.49946
1544.5,962.81,6.6348,0.49946
2251.7,1222,6.6246,0.49949
2673,1110.1,6.6346,0.49936
2467.5,1113.9,6.6323,0.49941
2509.8,1115.7,6.6325,0.4994
1208.9,923.44,6.6347,0.49948
2567.2,1564.4,6.6051,0.49961
2527.2,1146.9,6.6309,0.49941
1249.4,774.93,6.6431,0.49942
1910.9,908.48,6.6396,0.4994
2522,1077.2,6.6347,0.49938
1677.7,1259.8,6.619,0.49957
2485.5,1144.8,6.6306,0.49942
1653.7,853.24,6.6418,0.4994
448.58,1261,6.6116,0.49974
2332.1,1152.8,6.6289,0.49945
1673,1287.9,6.6173,0.49959
2503.4,749.98,6.6524,0.49924
2344.6,1136.5,6.63,0.49944
2672.3,1108,6.6345,0.49936
1631.6,1306.7,6.6158,0.4996
574.84,556.13,6.6521,0.4994
2470.3,247.69,6.6912,0.49894
1706.9,1204.3,6.6222,0.49955
2316.7,1189.3,6.6267,0.49946
2340.8,1171.2,6.6279,0.49945
2682.7,1104.7,6.6347,0.49936
2521,1113.1,6.6325,0.4994
1989,444.28,6.6691,0.49916
1926.3,859.43,6.6428,0.49937
2455.7,1116.7,6.6317,0.49941
916.72,1248,6.6152,0.49966
1811,1212.6,6.6222,0.49954
2035.6,1130.5,6.6286,0.49947
2646.1,1081,6.6355,0.49936
1164.6,1378.7,6.6089,0.49969
2272.1,1152.6,6.6283,0.49946
2539.3,1130.5,6.6317,0.4994
1675.9,1272.6,6.618,0.49958
2643.3,1116.8,6.6335,0.49937
1832.6,1209,6.6225,0.49954
1667.5,859.15,6.6411,0.4994
2049.6,874.98,6.642,0.49937
2320.7,1155.2,6.6284,0.49945
2276.7,1107.9,6.6307,0.49944
1836.3,1225.4,6.6211,0.49955
2677.2,651.89,6.6594,0.49917
935.86,1310.6,6.6117,0.49969
2635.8,1118.9,6.6332,0.49938
1464.8,1214.2,6.6206,0.49958
2269.8,1202.9,6.6254,0.49948
960.96,1566.6,6.5948,0.49982
1661.5,955.24,6.6352,0.49945
1956.8,453.97,6.6678,0.49917
2463.7,1150,6.6297,0.49943
2525.9,1584,6.6028,0.49963
1255.9,1072.3,6.6263,0.49955
2637.6,1081.4,6.635,0.49936
2048.2,877.47,6.6415,0.49937
1680.5,906.94,6.6378,0.49943
2520.8,1099.6,6.6329,0.49939
2401.5,322.32,6.6818,0.49903
879.41,1325,6.6106,0.4997
1865.3,1234.1,6.6208,0.49955
2517.9,1136.1,6.6308,0.49941
1645.5,1458,6.6066,0.49968
2691.3,1052.6,6.6371,0.49934
1405,987.52,6.6318,0.49949
1192.4,733.85,6.6448,0.49941
1240.8,792.73,6.6416,0.49943
1680.3,1244.6,6.6192,0.49957
1854.2,883.48,6.64,0.4994
2643.9,1118.8,6.633,0.49938
2541.5,1094.1,6.6332,0.49939
937.42,1284.7,6.6128,0.49968
1868.3,1218.2,6.6217,0.49954
2283.7,361.78,6.6773,0.49907
2669.8,684.18,6.6573,0.49918
1280.9,770.86,6.6432,0.49941
1202.2,733.53,6.6445,0.49941
2306.6,1179.9,6.6265,0.49947
2090.9,1208.8,6.6236,0.49951
1405.7,992.8,6.6315,0.4995
2332.6,1141.4,6.6288,0.49945
2525.2,1583.5,6.6025,0.49963
2308.6,1178,6.6266,0.49947
2639.7,1019.4,6.6381,0.49934
2634.9,700.15,6.6559,0.4992
517.32,1631.2,6.5866,0.49993
2172.6,394.2,6.6737,0.49911
2465.6,1126.6,6.6306,0.49942
2616.6,708.87,6.6551,0.49921
2107,1232.4,6.6222,0.49952
2674.1,622.48,6.6607,0.49916
667.86,480.02,6.6575,0.49935
1192.8,734.71,6.6445,0.49941
908.81,961.74,6.6306,0.49954
405.73,491.85,6.6541,0.49941
2503,377.7,6.677,0.49905
871.91,917.46,6.6323,0.49953
924.69,959.3,6.63,0.49954
2522.3,669.01,6.6567,0.49921
2030.5,1155,6.6258,0.4995
2340.6,1173.6,6.6268,0.49946
1864.1,1220.7,6.6211,0.49954
1891.2,472.36,6.6655,0.4992
2502,677.99,6.6559,0.49922
2474.8,1146.4,6.6294,0.49943
2212.5,1485.4,6.6067,0.49963
2533.8,1074.8,6.6339,0.49939
728.9,498.99,6.6564,0.49935
1944.9,904.46,6.6386,0.4994
2487.1,1107.5,6.6316,0.49941
2051.5,871.86,6.6414,0.49937
2475.2,1124.1,6.6305,0.49942
1738.7,512.68,6.6616,0.49924
1250.5,760.66,6.6428,0.49942
1941,459.89,6.6666,0.49918
2661,647.59,6.6592,0.49917
2308.4,1157.9,6.6273,0.49946
2636.1,1107.6,6.6329,0.49938
2451.5,1152.5,6.6287,0.49944
918.58,1304,6.6112,0.49969
2316,1176.4,6.6263,0.49947
2251,1179.5,6.6259,0.49948
2674.3,1072.2,6.6353,0.49935
2114,1180.9,6.6247,0.4995
1368.8,1302,6.6136,0.49964
1515.6,1266.8,6.6164,0.49961
1926.6,1538.7,6.6015,0.49969
2514.7,1098.9,6.6323,0.4994
2494.9,264.22,6.6881,0.49897
1723.9,1152.9,6.6239,0.49953
2728,211.17,6.6972,0.49886
2238.8,1446.8,6.6094,0.49961
1721.5,941.05,6.6353,0.49944
2309.6,1159.8,6.6271,0.49946
1541.9,1266,6.6162,0.49961
2338.8,1094.9,6.6308,0.49943
1964.6,1493.3,6.6046,0.49967
1517.9,1254.4,6.617,0.4996
2361.7,340.08,6.6792,0.49905
1781.2,1495.5,6.6036,0.49969
2303.9,1191.8,6.625,0.49948
2475.1,1183.9,6.6267,0.49945
1461.6,1299.6,6.614,0.49963
2527.7,714.78,6.6529,0.49924
2465.4,1112.9,6.6307,0.49942
524.24,1631,6.586,0.49993
2530.1,1113.1,6.6312,0.49941
2625.1,1124.2,6.6316,0.49939
2342.6,1151.3,6.6275,0.49946
2023.8,1257.5,6.6194,0.49955
1257,936.28,6.6326,0.4995
1206.4,1386.5,6.6073,0.4997
2266.6,1187.2,6.625,0.49948
1787.1,1499.4,6.6029,0.49969
1257.3,1056.2,6.626,0.49955
2645.4,1067.7,6.6348,0.49936
314.92,349.53,6.6642,0.49935
2466.6,1091.4,6.6318,0.49941
1256.9,790.93,6.6409,0.49943
870.85,1299.4,6.6107,0.4997
2487.5,1109.7,6.6309,0.49941
1256.7,918.54,6.6334,0.49949
2487.4,280.2,6.6862,0.49898
1210.2,890.54,6.6347,0.49948
2245.8,828.51,6.6444,0.49933
2241.4,1450.3,6.6086,0.49961
1972.4,1539.3,6.6011,0.49969
2690.5,1089.7,6.6341,0.49936
1226,1402,6.606,0.49971
2331.9,1155.3,6.6271,0.49946
2338.5,1136.2,6.6283,0.49945
1240.6,746.37,6.6433,0.49942
446.91,1189,6.6139,0.49972
1357.6,954.85,6.6322,0.49949
1463,1288.5,6.6144,0.49963
1681.9,930.86,6.6354,0.49945
1061.8,587.87,6.6518,0.49936
2463.7,311.06,6.6825,0.49901
1236.9,1209.8,6.6181,0.49961
1193.8,1090.1,6.6244,0.49957
1561.3,978.18,6.632,0.49948
958.37,1579.6,6.5924,0.49984
1923.5,1524.2,6.6013,0.4997
2331.4,799.61,6.6466,0.49931
2312.8,1191.7,6.6248,0.49948
1466.7,1260.5,6.6159,0.49961
2668.9,573.33,6.6633,0.49914
2684.1,1028.6,6.6371,0.49934
2541.5,1096.5,6.6319,0.4994
1388.9,979.17,6.6309,0.4995
2690.4,1064.4,6.6352,0.49935
2626.2,1109.1,6.6321,0.49939
2093.6,1180.7,6.624,0.4995
2637.8,1070,6.6343,0.49937
2264.4,1198.8,6.624,0.49949
2519,635.51,6.6578,0.4992
2331.3,1210.5,6.6236,0.49949
2179.6,1450.3,6.6079,0.49962
1781.9,1481.4,6.6034,0.49969
2628.3,1442.4,6.6125,0.49954
2250.9,1173.9,6.6253,0.49948
2269.1,1165.3,6.6257,0.49948
890.35,1295.1,6.6106,0.4997
2097.7,1185.2,6.6235,0.49951
610.83,463.06,6.6572,0.49936
1346.5,939.28,6.6331,0.49949
2508,1157.2,6.6282,0.49943
2684.2,1055,6.6355,0.49935
1367.7,1312.9,6.6121,0.49965
1365.2,1327.2,6.6113,0.49966
1856.1,894.59,6.6379,0.49941
1689.8,1284.1,6.6155,0.4996
2095.7,1197.2,6.6228,0.49951
1187.3,1044.4,6.6261,0.49955
1212,1065,6.6248,0.49956
2454.2,1131.4,6.629,0.49943
2450.2,1166.3,6.6271,0.49945
1187.5,1045.7,6.626,0.49955
1513.4,1287.6,6.6144,0.49962
1471.6,1503.2,6.6001,0.49974
2126.3,409.99,6.6707,0.49914
2253.4,1151.8,6.6264,0.49947
2024.2,1196.9,6.6223,0.49952
2461.4,1148.6,6.6281,0.49944
1999.2,1499.6,6.6032,0.49968
2079.8,1230.4,6.6207,0.49953
2270.7,1167.1,6.6256,0.49948
2493.9,257.49,6.6881,0.49897
2081.1,1232.2,6.6206,0.49953
2495.1,292.25,6.6844,0.49899
1212.2,1047.3,6.6256,0.49956
2453.1,1129.4,6.6289,0.49943
2237.6,1224.2,6.622,0.49951
1215.7,407.76,6.6655,0.49924
2653.4,1100,6.6325,0.49938
2476.5,1100.9,6.6313,0.49941
2525.3,745.83,6.6506,0.49926
2637.7,1044.5,6.6353,0.49936
2627.1,1086.9,6.6329,0.49938
1908.8,819.98,6.6421,0.49938
938.44,1301.3,6.6103,0.4997
1407.1,932.6,6.6332,0.49948
2624.8,1110.6,6.6315,0.49939
2673.2,1070.1,6.6343,0.49936
2082.1,1218.8,6.6212,0.49953
2286.1,1460.7,6.608,0.49961
873.67,1320.3,6.6087,0.49971
1511.1,951.38,6.6326,0.49948
2313.6,1101.8,6.6292,0.49945
2511,1135.5,6.6291,0.49943
2632.9,1418.6,6.6138,0.49953
2682.4,1093.3,6.633,0.49937
2248.5,1444.5,6.6085,0.49961
2110.2,1183.2,6.6233,0.49951
553.76,444.29,6.6577,0.49936
2277.8,1146.7,6.6266,0.49947
357.51,1390.7,6.6004,0.49984
2048.6,1218.9,6.621,0.49953
1959.7,1495.4,6.6034,0.49968
2634.7,1105.9,6.6317,0.49939
1766.7,1614,6.5935,0.49977
2231.9,1475,6.6069,0.49963
2310.5,1457.9,6.6078,0.49961
334.8,1338.9,6.6034,0.49982
1509.7,1003.3,6.6296,0.4995
2698.9,1085.4,6.6336,0.49936
2086.6,1187.1,6.6227,0.49952
2531.5,1074.6,6.6323,0.4994
1898,467.4,6.664,0.49921
1257.7,902.08,6.6334,0.49949
2633.4,1120.5,6.6308,0.4994
939.87,1272.8,6.6116,0.49969
923.35,984.66,6.6273,0.49956
2514.7,1150.9,6.6279,0.49943
1257,1091.2,6.623,0.49957
876.3,979.29,6.6272,0.49957
1181.2,1367.2,6.6073,0.4997
1217.2,382.68,6.6672,0.49923
2475.3,1126.2,6.6289,0.49943
2486.1,1069,6.632,0.49941
1614.3,1306,6.6133,0.49962
2052.5,1152.1,6.6244,0.49951
1252.2,746.56,6.642,0.49942
874.86,543.88,6.6525,0.49937
2323.5,1098.5,6.6292,0.49944
1988.4,1537.4,6.6002,0.4997
1670.9,1275.7,6.6152,0.49961
2304.7,358.83,6.6757,0.49908
2249.1,1156,6.6254,0.49948
1319.9,1343.2,6.6094,0.49968
2460.4,1161.9,6.6267,0.49945
2345.3,1117.5,6.6282,0.49945
2485.7,1122,6.6291,0.49943
1860.6,1233.3,6.6186,0.49956
1254.5,798.55,6.639,0.49945
1180,734.97,6.6425,0.49943
1229,1388.5,6.6057,0.49971
2162.7,395.21,6.6712,0.49913
1233.4,383.26,6.6671,0.49923
470.42,1272.2,6.6082,0.49976
1371.4,1288,6.6128,0.49964
2631.4,1096.7,6.6322,0.49939
1491.1,1273.1,6.6139,0.49963
2136.4,857.32,6.6408,0.49937
1921,896.34,6.6373,0.49941
2244.9,1207.5,6.6225,0.4995
2448.6,1164.3,6.6263,0.49945
2619.5,668.45,6.6557,0.4992
1983.9,1519.3,6.6009,0.49969
2226.6,382.04,6.6729,0.49911
312.99,359.93,6.6621,0.49936
2029.6,1191.1,6.622,0.49953
1479.4,1284.9,6.6134,0.49963
2683.4,1066.7,6.6339,0.49936
2653.5,1102,6.6316,0.49939
2630.3,1067.5,6.6334,0.49938
2513.2,1059.7,6.6327,0.4994
2678,1082.8,6.6334,0.49937
1829.1,1255.7,6.6166,0.49958
2394.6,327.98,6.6787,0.49905
922.12,1273.5,6.6111,0.49969
2536.8,1058.3,6.6326,0.49939
1966.5,450.81,6.6652,0.49919
2024.9,1487.1,6.6037,0.49967
2142.5,1488.3,6.6039,0.49966
2316.5,1157.9,6.6255,0.49947
514.99,1631.4,6.5844,0.49994
2308.6,1456.1,6.6076,0.49962
1861.9,1248.4,6.6175,0.49957
876.43,954.41,6.6281,0.49956
328,1330.2,6.6033,0.49982
651.15,917.23,6.6286,0.49958
928.73,987.09,6.6263,0.49957
470.54,1267.1,6.6083,0.49976
2700.4,1046.9,6.6351,0.49935
2247,1157.9,6.6248,0.49949
1720.8,1484.3,6.6016,0.49971
1694.9,1271.1,6.6152,0.4996
1911.6,819.2,6.6413,0.49938
1491.4,588.38,6.6529,0.49932
2635,643.94,6.6565,0.49919
2048.5,1215.1,6.6206,0.49954
2652.1,590.17,6.6604,0.49916
2328.7,1174.8,6.6245,0.49948
2652.9,587.1,6.6607,0.49916
1465.5,1273.8,6.6138,0.49963
1979.6,452.63,6.6652,0.49919
2683.2,1053.2,6.6344,0.49936
1233.3,900.98,6.6329,0.4995
2457.8,1133.9,6.6278,0.49944
895.67,1294.2,6.6093,0.49971
920.48,908.74,6.6313,0.49953
2623.4,1122,6.6299,0.4994
2700.8,1049.1,6.6347,0.49936
1614.5,552.75,6.6558,0.49929
2690.9,1066.2,6.6337,0.49936
1702.6,1230.5,6.6175,0.49959
2539.8,1052.1,6.6327,0.49939
1574.7,965.87,6.6308,0.49949
2681.5,1091.5,6.6322,0.49938
852.2,552.22,6.6514,0.49938
243.2,315.99,6.6645,0.49936
2280,1149.6,6.6253,0.49948
2510.2,742.9,6.6497,0.49926
1373.4,1279.8,6.6128,0.49964
1840.5,805.54,6.642,0.49938
2159,1481,6.6051,0.49965
2237.9,1468.3,6.606,0.49963
2654.8,1062.2,6.6334,0.49937
1233.6,899.95,6.6328,0.4995
2049.6,1223.4,6.6196,0.49954
2107.5,1195.7,6.6215,0.49952
2486.6,1066.5,6.6312,0.49941
2181,1449.5,6.6066,0.49963
2699.1,1087.3,6.6324,0.49937
859.22,539.58,6.6518,0.49938
2279,1163.8,6.6243,0.49949
2108.3,1247.4,6.6183,0.49955
1932.4,1502.3,6.6011,0.4997
1510.2,1593.1,6.5928,0.49979
1512.1,966.7,6.6305,0.4995
2149.2,400.91,6.6698,0.49914
2196.7,392.08,6.6711,0.49913
2539.7,1108.8,6.6294,0.49942
2261.3,368.32,6.6733,0.49911
1874.2,1624.6,6.5918,0.49977
323.39,1344.1,6.6018,0.49984
1519.2,1294.5,6.6121,0.49964
2490.1,295.93,6.6825,0.49901
1712.4,525.42,6.6579,0.49927
2528,745.66,6.6493,0.49927
2083.6,1199.1,6.6209,0.49953
1186.9,724.2,6.6427,0.49942
2323.5,355.22,6.6752,0.49908
1678.5,534.17,6.6571,0.49928
2460.1,1111.5,6.6286,0.49944
1074.4,592.59,6.6499,0.49938
1913,885.34,6.6371,0.49942
2137.5,852.42,6.6404,0.49937
1191.1,1202.2,6.6163,0.49963
2625.8,1084.7,6.6315,0.49939
2383.7,337.31,6.6773,0.49906
2700.1,1060.8,6.6336,0.49936
2454,770.78,6.647,0.49929
2248.6,829.74,6.6422,0.49935
2246,1171.8,6.6235,0.4995
1680.8,1274.6,6.6139,0.49961
2024.8,1213.5,6.6198,0.49954
1401.5,983.5,6.6292,0.49951
2625.3,1416,6.6122,0.49954
942.9,1314.4,6.6079,0.49972
1382.4,1280.3,6.6125,0.49965
1987.5,1508.5,6.6007,0.4997
1857.2,1251,6.6165,0.49958
2250.8,1201.1,6.6217,0.49951
319.26,1376.9,6.5999,0.49985
277.59,333.16,6.6629,0.49937
1703.2,1234.1,6.6168,0.49959
870.41,941.24,6.628,0.49956
2083,419.56,6.6675,0.49917
2345,1101.8,6.6278,0.49945
1649.8,1252.1,6.6149,0.49961
2353.9,346.71,6.676,0.49908
2088.8,1229,6.619,0.49954
1490.1,1617,6.59,0.49982
1913,899.21,6.636,0.49942
2478.8,1089.5,6.6296,0.49943
2197.6,1419.7,6.6085,0.49962
1345.4,992.07,6.6278,0.49953
941.65,1276.4,6.6101,0.4997
1477.2,1299.9,6.6115,0.49965
2215.1,382.38,6.6714,0.49912
1419,977.51,6.6287,0.49952
2483.5,1124.3,6.6277,0.49944
2267,1185.6,6.6226,0.4995
1772.5,1489.8,6.6007,0.49971
1523.6,954.13,6.6305,0.4995
1686.1,1246.7,6.6152,0.4996
2629.3,706.91,6.6521,0.49923
1800.3,1478.6,6.6015,0.4997
1403.3,951.75,6.63,0.49951
1243.5,892.27,6.633,0.4995
2255.8,1167.8,6.6234,0.4995
2305.2,1442.8,6.6071,0.49962
928.17,967.63,6.6266,0.49957
2672.3,1112.8,6.6302,0.4994
2639.9,672.88,6.6538,0.49922
2034.9,433.02,6.6659,0.49918
2639.7,673.84,6.6537,0.49922
2145.7,1476,6.6036,0.49966
2471.7,245.03,6.6874,0.49897
2338.6,1138.6,6.6254,0.49947
2257.4,1156,6.6239,0.49949
2527.9,688.07,6.6517,0.49925
2021.3,1473.9,6.603,0.49968
1273.6,492.81,6.6577,0.4993
2651.2,1022.9,6.6345,0.49936
2456.2,1146.3,6.6261,0.49946
2289.3,1478.4,6.6047,0.49964
1496.4,979.45,6.6291,0.49951
501.21,426.37,6.6568,0.49938
2276.1,369.47,6.673,0.49911
942.07,1280.5,6.6096,0.4997
2678.5,611.95,6.6585,0.49917
2635.9,685.69,6.6532,0.49922
1806.2,1227.8,6.6171,0.49958
286.31,470.83,6.6507,0.49946
2630.9,594.74,6.659,0.49918
1713.5,1493,6.5998,0.49972
1854.2,1262.3,6.6153,0.49959
1887.2,1231.2,6.6173,0.49957
2656.1,1395.8,6.6131,0.49953
2678,654.66,6.6554,0.4992
2471.4,311.76,6.68,0.49903
1251.8,1224,6.6139,0.49964
2115.7,417.12,6.6677,0.49916
2016.7,1618.1,6.5924,0.49976
2167.8,1477.2,6.6041,0.49966
2511.3,1578,6.5993,0.49966
608.59,477.36,6.654,0.49939
2682.3,1067.8,6.6324,0.49938
2252.5,1189.3,6.6218,0.49951
2280.2,1151.5,6.6241,0.49949
2653.6,1078.6,6.6315,0.49939
1212.8,1102.1,6.6204,0.4996
2695.3,1010.6,6.6355,0.49935
1693.3,966.39,6.6303,0.49949
2244.2,1169.8,6.6228,0.4995
796.88,522.17,6.6517,0.49939
1523.7,1268.3,6.6128,0.49963
2697.8,1081.8,6.6319,0.49938
2090.6,1217.5,6.6191,0.49954
2199.3,1447.8,6.6057,0.49964
2019.4,438.05,6.6651,0.49919
1506,949.91,6.6308,0.49949
2475.6,764.69,6.6468,0.49929
2224.7,1456.5,6.6055,0.49964
1825,1240.1,6.6163,0.49959
2232.2,378.25,6.6714,0.49912
2099,1165.1,6.6221,0.49952
2241,1191.2,6.6216,0.49951
2682.5,684.33,6.6536,0.49921
1921.8,870.8,6.6371,0.49942
718.98,528.43,6.6515,0.49939
1195.9,882.54,6.6329,0.4995
1862.9,1239.1,6.6167,0.49958
634.9,935.69,6.6261,0.4996
2247.7,1185.3,6.6221,0.49951
1481.5,1273.5,6.6125,0.49964
2100,1223,6.6195,0.49954
1933,468.36,6.6624,0.49922
2262.9,374.26,6.6722,0.49911
2052.3,1204.1,6.6196,0.49954
2455.9,311.56,6.6793,0.49904
2341.9,346.52,6.675,0.49908
2646.1,1041.4,6.6332,0.49938
2169,1473.4,6.604,0.49966
589.38,568.49,6.6468,0.49944
2321.7,1121.5,6.6259,0.49947
2108.3,772.45,6.6436,0.49935
317.92,1325.7,6.6022,0.49983
1675.7,1266.8,6.614,0.49961
1229.6,747.67,6.6402,0.49944
1345.7,1030.2,6.6252,0.49955
466.06,1157,6.6129,0.49973
1865.4,485.26,6.6607,0.49924
892.32,1244.2,6.6109,0.4997
1517,577.19,6.6519,0.49933
1632.3,1291.2,6.6121,0.49963
472.55,1239.8,6.6078,0.49976
401.5,388.62,6.6585,0.49938
1923.9,858.42,6.6373,0.49941
1360.8,978.08,6.628,0.49953
924.9,1326,6.6063,0.49973
2167,403.14,6.6689,0.49915
2275.9,1478.9,6.6042,0.49964
1544.9,1532.7,6.5957,0.49977
1458.2,573.09,6.6519,0.49933
2637.3,687.32,6.6527,0.49922
2519.3,646.07,6.6541,0.49923
964.69,1572.6,6.5903,0.49985
945.16,1300.1,6.6079,0.49972
2184.2,1436.1,6.6063,0.49964
313.81,361.49,6.6602,0.49938
2627.9,1089.6,6.6303,0.4994
1767.2,1310.4,6.6118,0.49963
2262.3,1442,6.6062,0.49963
2275.8,1457.8,6.6054,0.49963
2631.2,1437.2,6.61,0.49956
2143.5,832.48,6.6399,0.49938
2654.4,1076,6.6312,0.49939
1238.3,504.3,6.6555,0.49932
2471.3,235.05,6.6883,0.49897
1836.2,487.72,6.6598,0.49924
2652.8,1018,6.6342,0.49937
2510.7,1139.2,6.6259,0.49945
1854.4,900.44,6.6347,0.49944
2457.4,1163.2,6.6245,0.49947
2124.2,1507.6,6.6006,0.49969
2549.6,1558.7,6.6005,0.49964
1397.2,1287.1,6.6106,0.49966
1908.3,1531,6.5976,0.49973
449.94,407.48,6.6573,0.49938
2208.6,1424,6.6068,0.49963
450.52,1151.6,6.6128,0.49973
2667.7,1131.4,6.6283,0.49941
1189.8,1253.7,6.6121,0.49966
875.89,1591.6,6.5876,0.49988
2644.1,1396.9,6.6123,0.49954
1517.5,1323.8,6.609,0.49966
1408.6,1530.3,6.5949,0.49978
2431,325.43,6.6776,0.49906
2479.6,1127.3,6.6266,0.49945
2048.1,1210.8,6.6189,0.49955
2148.3,1505.3,6.6008,0.49968
502.64,1280.5,6.6059,0.49978
1784.8,1483.7,6.6011,0.49971
1463.4,1294,6.6109,0.49965
1822.4,1254,6.615,0.4996
2267.2,1220.2,6.6194,0.49953
1598.6,1520.4,6.5966,0.49976
2274.2,1183.1,6.6218,0.49951
1676.8,887.29,6.634,0.49946
2479.4,324.89,6.6779,0.49905
1696.6,1258.1,6.614,0.49961
1890.1,1215.1,6.6175,0.49957
1539.5,1540.6,6.5947,0.49977
1764.8,513.06,6.6576,0.49927
1673.8,944.94,6.6307,0.49948
2356.4,342.73,6.6749,0.49908
1887.8,474.24,6.6608,0.49923
1666.6,540.81,6.6551,0.49929
894.86,1307,6.6068,0.49973
1888.4,922.18,6.6331,0.49945
2336.4,779.38,6.6439,0.49933
2102.3,415.93,6.6667,0.49917
1494.8,1593.9,6.5913,0.49981
467.92,1162.4,6.612,0.49973
881.72,995.58,6.6238,0.4996
2239.7,1204.6,6.6202,0.49952
1210.7,1371.5,6.6046,0.49972
1528.2,1293,6.611,0.49965
940.43,1252.6,6.6101,0.4997
2520.1,750.95,6.6473,0.49928
877.7,1267.7,6.609,0.49971
284.07,1005.8,6.6181,0.49972
1904.4,894.17,6.6347,0.49944
1529.7,1291.2,6.6111,0.49965
502.32,1278.7,6.6057,0.49978
683.62,951.37,6.6249,0.49961
1569.4,1485,6.5987,0.49974
2248.4,1429.7,6.6067,0.49963
2276.3,1166.4,6.6225,0.4995
883.87,1310.5,6.607,0.49973
2282.8,1455.9,6.6051,0.49964
1732.2,522.77,6.6565,0.49928
516.54,1280.6,6.6057,0.49978
2627.9,1046.8,6.632,0.49939
945.18,1325.4,6.6058,0.49973
2114.5,1517.9,6.5994,0.4997
569.13,463.8,6.6537,0.49939
2478,763.7,6.6461,0.4993
1721.3,1499.9,6.5987,0.49973
1536.2,1251.5,6.6133,0.49963
1246.8,1046.1,6.6235,0.49957
1617.6,1280.7,6.612,0.49963
1539.7,1230.5,6.6145,0.49962
2052.4,1186.6,6.6199,0.49954
1921.5,1510.6,6.5987,0.49972
1521.6,1319.5,6.6091,0.49966
1801.8,1230.1,6.6158,0.49959
2671.4,584.44,6.6588,0.49917
1653.2,1585.9,6.5919,0.49979
1487.4,1298.7,6.6099,0.49966
2101.7,422.48,6.6662,0.49917
2665.5,676.32,6.653,0.49922
2330.2,809.73,6.6422,0.49934
2015.6,1494.7,6.6003,0.4997
2310.5,1178.8,6.6215,0.49951
1802.8,1243.1,6.6151,0.4996
1970.1,1526.1,6.5978,0.49972
2674.4,1074.7,6.631,0.49939
2315.2,1145.2,6.6234,0.49949
1699.8,1242.7,6.6145,0.49961
1344.3,943.03,6.6294,0.49952
2645.6,1410.6,6.6114,0.49955
1729.9,906.24,6.6327,0.49946
1754.4,510.87,6.6569,0.49927
2699.6,1043,6.6329,0.49937
2814.9,610.57,6.6589,0.49914
2814.5,613.74,6.6586,0.49915
1354.3,1569.4,6.5913,0.49981
1694,1212.9,6.6158,0.4996
1524.7,1304.3,6.6099,0.49966
1925.3,886.56,6.6349,0.49943
1644.4,1236.3,6.6145,0.49961
1062.3,755.83,6.6379,0.49947
2801.3,511.54,6.6653,0.4991
1817.3,1269,6.6135,0.49961
1060.4,725.91,6.6392,0.49946
1486.8,1239.7,6.6134,0.49963
1558.1,971.56,6.6281,0.49951
1729.7,932.5,6.6312,0.49948
1934.2,1490.1,6.5999,0.49971
1330.4,1281.8,6.6102,0.49967
2076.8,875.32,6.6367,0.49941
1354.3,1532.3,6.594,0.49979
1997.5,1485.3,6.6006,0.4997
1032.6,598.31,6.6473,0.4994
1781.4,1467.4,6.6006,0.49971
1258.2,803.76,6.6358,0.49947
1515.7,1585.6,6.5911,0.49981
1418.9,1005,6.6255,0.49954
1642.1,542.99,6.6539,0.4993
582.67,468.85,6.6531,0.4994
2477.7,692.29,6.6501,0.49927
2111.1,771.64,6.6427,0.49936
1204,1263.7,6.6101,0.49968
987.26,1616.2,6.5862,0.49988
2497.2,267.13,6.6835,0.499
1673.6,962.71,6.6297,0.49949
941.62,1250.9,6.6098,0.4997
926.1,1300,6.6068,0.49973
2199,1441,6.6054,0.49964
1666.9,1585,6.5917,0.49979
1952,1498.6,6.5993,0.49971
1689.8,529.04,6.6551,0.49929
1353,1531.4,6.5939,0.49979
2683.1,686.27,6.6522,0.49922
326.83,1264.7,6.604,0.49982
441.53,1506.1,6.5905,0.4999
900.19,1283,6.6076,0.49972
2317.6,1438.5,6.6058,0.49963
471.23,1190.5,6.6099,0.49975
1645.3,1278.8,6.6115,0.49964
1916.5,818.86,6.6388,0.4994
1370.3,1307.2,6.6088,0.49968
1577.5,993.51,6.6269,0.49952
502.06,1273.3,6.6056,0.49978
2318,1438.8,6.6057,0.49963
2498.7,266.05,6.6834,0.499
2247.5,1202.3,6.6197,0.49953
2333.7,1123.2,6.6247,0.49948
899.04,1320.8,6.6053,0.49974
2043.7,1255.2,6.6151,0.49958
2520.9,1574.4,6.5982,0.49967
345.77,376.09,6.6581,0.49939
2242.2,1189.3,6.6204,0.49952
1559,946.6,6.6292,0.4995
1391.1,1273.7,6.6107,0.49966
2169.9,1459.3,6.6036,0.49966
1957.6,458.03,6.6617,0.49922
1771.5,506.5,6.657,0.49927
2455.3,1150.7,6.6238,0.49947
1515,979.64,6.6275,0.49952
499.04,438.91,6.6545,0.4994
2176.5,1459.1,6.6033,0.49966
2164.4,1459.4,6.6032,0.49966
1531.5,1236.4,6.6132,0.49963
934.36,1305.6,6.6068,0.49973
2252.7,1169.4,6.6215,0.49951
2499.4,1173.3,6.6232,0.49947
2645.8,705.19,6.6503,0.49924
897.6,1280.4,6.6076,0.49972
2448.2,321.24,6.6772,0.49906
1731.9,873.66,6.6342,0.49945
2476.7,1088.4,6.6276,0.49944
1279.1,777.42,6.6371,0.49946
1399,1546.6,6.5927,0.4998
881.42,1574.5,6.588,0.49988
417.35,502.51,6.6483,0.49945
2246.6,1439.6,6.605,0.49964
2453.5,667.24,6.651,0.49926
2094,1185.8,6.6191,0.49954
1940.6,1494,6.6002,0.4997
2535.8,747.6,6.6465,0.49929
926.16,1251.3,6.6094,0.49971
2246.1,1441.3,6.6048,0.49964
1403.6,1006.7,6.625,0.49955
1786.1,1456.6,6.601,0.49971
2676.9,625.69,6.6555,0.4992
2030.5,1471.1,6.6014,0.49969
1586.4,1537.7,6.5942,0.49978
2665.1,661.42,6.6532,0.49922
2013.7,1239.2,6.6158,0.49958
879.43,1271.4,6.608,0.49972
893.71,1293.7,6.6066,0.49973
2505.1,649.87,6.6524,0.49924
1863.9,886.23,6.6343,0.49944
1577.6,1320.1,6.6084,0.49967
2115.7,797.79,6.6409,0.49937
1628.9,1218.7,6.6149,0.49961
2481.3,238.25,6.6865,0.49898
2185.5,1501.4,6.6002,0.49968
1854.4,838.73,6.6369,0.49942
944,1326.5,6.605,0.49974
1348.1,1017.8,6.6243,0.49956
993.58,1614.4,6.5861,0.49988
1878.8,1247.6,6.6145,0.4996
1403.6,1537.7,6.5932,0.4998
1710.1,940.44,6.6301,0.49949
2632.9,708.88,6.6498,0.49925
2537.3,744.12,6.6469,0.49928
2233.9,1453.3,6.6041,0.49965
1513.5,587.32,6.65,0.49934
1460,1518.2,6.5949,0.49978
1581,561.26,6.6518,0.49933
1225.5,1373.7,6.6036,0.49973
271.55,933.63,6.6204,0.4997
1863.7,859,6.6357,0.49943
2070.1,432.11,6.6644,0.49919
1510.4,928.59,6.6297,0.4995
2459.5,1115.9,6.6253,0.49946
326.21,1379.8,6.5974,0.49987
2148.6,1498.8,6.6006,0.49968
2205.6,1468.7,6.6025,0.49966
1924.3,466.64,6.6604,0.49923
2335.8,751.25,6.6444,0.49932
1497.8,959.43,6.6282,0.49952
1800.3,1256.6,6.6135,0.49961
1394,1311.5,6.6078,0.49968
2680,580.86,6.6583,0.49917
1827.9,1224.5,6.6155,0.49959
2527.3,718.02,6.6482,0.49927
2509.5,739.53,6.6468,0.49929
542.81,1630.3,6.5817,0.49996
2536.9,748.05,6.6463,0.49929
2000.2,1513.5,6.598,0.49972
2313,1107.7,6.625,0.49948
2019.6,1208.7,6.6174,0.49956
2509.7,291.34,6.6804,0.49902
2460.8,762.03,6.6452,0.49931
358.38,370.43,6.658,0.49939
1558.4,573.74,6.651,0.49933
1677.5,919.46,6.6316,0.49948
2647.7,1408.3,6.6105,0.49955
2802.3,514.4,6.6643,0.4991
2639.4,1408.3,6.6101,0.49956
1715.9,1496.7,6.5981,0.49974
1393.7,1554.6,6.5917,0.49981
1625.1,1239.2,6.6134,0.49962
2112.9,1515.7,6.5985,0.4997
2543.2,290.95,6.6807,0.49902
2027.2,1428.7,6.6038,0.49967
2239.3,1431.8,6.605,0.49964
2665.9,674.73,6.652,0.49923
1650.2,1368,6.6056,0.49968
2621.5,607.88,6.6558,0.4992
2176.3,1457.5,6.6029,0.49966
1855.8,915.09,6.6324,0.49946
1796.8,1271.8,6.6125,0.49962
1445.4,1544.4,6.5927,0.4998
913.11,1004.4,6.6223,0.4996
1857.2,837.05,6.6367,0.49942
235.49,321.5,6.661,0.49939
933.22,983.21,6.6235,0.49959
716.24,514.35,6.65,0.49941
1175.7,1355.9,6.6047,0.49972
2530.7,295.38,6.68,0.49903
1648.2,1215.4,6.6148,0.49961
2023.9,1237.7,6.6156,0.49958
1994.4,1485.4,6.6002,0.4997
1566.7,566.05,6.6511,0.49933
2749,206.97,6.6926,0.49889
1871.6,1296.7,6.6114,0.49962
2697.9,1064.8,6.6308,0.49939
1618.3,1480.2,6.598,0.49974
2107.1,1184.8,6.6197,0.49954
1738.2,1480.2,6.5986,0.49973
474.6,1206.8,6.6078,0.49976
2046.4,756.17,6.6428,0.49936
2484.4,746.34,6.6459,0.4993
1499.8,978.36,6.627,0.49953
2502.7,654.13,6.6516,0.49925
1554,1512.5,6.5954,0.49977
2039.3,1224.2,6.6163,0.49957
1674.7,972.97,6.6278,0.49951
2255.2,1154.1,6.6217,0.49951
1890.1,1228.5,6.6152,0.49959
1201,938.16,6.6278,0.49954
2646.1,1082.7,6.6291,0.49941
524.08,1650.3,6.5793,0.49998
1389.9,1248.1,6.6117,0.49965
1407.3,953.43,6.6274,0.49953
1873.9,1626.7,6.5887,0.4998
1580.2,1545.9,6.593,0.49979
880.78,1581.9,6.5868,0.49989
2675.3,1094.5,6.6283,0.49941
2809.5,541.03,6.6625,0.49912
2268.5,1416.8,6.6059,0.49963
894.29,1308.8,6.6052,0.49974
2274.3,1184.4,6.62,0.49952
2631.1,604.4,6.6558,0.4992
670.24,497.94,6.6507,0.49941
1867.2,874.25,6.6341,0.49944
940.95,1324.4,6.6045,0.49974
1776.4,1147.8,6.619,0.49957
2315.9,356.99,6.6716,0.49911
934.73,1008.2,6.622,0.49961
721.06,1315.5,6.6037,0.49977
1170.9,1363.8,6.6034,0.49973
2694.4,1102.6,6.6285,0.49941
893.9,1319.7,6.6045,0.49975
2391.3,334.9,6.6743,0.49909
1963.4,1433.2,6.6028,0.49968
1308.8,1640.7,6.5841,0.49988
1992.3,449.31,6.6617,0.49922
1405.2,983.17,6.6255,0.49954
1357.7,1042.4,6.6221,0.49957
2630.3,605.84,6.6556,0.4992
904.05,982.71,6.6227,0.4996
329,1380.3,6.5968,0.49987
1676.6,920.26,6.6304,0.49949
1459.2,1314,6.6078,0.49968
269.07,339.34,6.6595,0.49939
1514.5,994.34,6.6258,0.49953
937.97,1312.3,6.6057,0.49973
1953.1,1475.8,6.5998,0.49971
864.72,953.48,6.6244,0.49959
2629.3,1123,6.6265,0.49943
883.66,1307.5,6.605,0.49974
1866.2,1248.9,6.6134,0.49961
2662.8,632.01,6.6542,0.49921
268.52,340.98,6.6593,0.4994
1866.7,929.47,6.6309,0.49947
2494.2,315.77,6.677,0.49905
2088.2,1216.9,6.6165,0.49956
2476.9,747.86,6.6455,0.4993
1248.1,948.87,6.6272,0.49954
1872,1219.8,6.615,0.49959
2031.5,1195.5,6.6173,0.49956
514.41,1206.9,6.6084,0.49975
1870.2,918.56,6.6321,0.49946
927.4,1310.2,6.6051,0.49974
1006.9,1537.9,6.5905,0.49985
1412.5,1519.4,6.5939,0.49979
2665.6,588.69,6.657,0.49919
1721.8,1469.8,6.5989,0.49973
1470.4,1299.9,6.6082,0.49967
2115.2,855.31,6.6367,0.4994
2115.5,769.21,6.6417,0.49937
2032,1195.2,6.6176,0.49956
1334.3,1262.4,6.61,0.49967
2145.3,805.56,6.6393,0.49938
1882.5,1276.5,6.6118,0.49962
1536.3,924.62,6.6293,0.4995
2075.1,426.35,6.6638,0.4992
2015.6,1240.7,6.6149,0.49958
925.39,1333.2,6.6035,0.49975
2423.9,1209.3,6.6195,0.49951
2141.6,794.13,6.6404,0.49937
2519,275.43,6.6813,0.49902
2058.6,431.12,6.6633,0.4992
1623.7,1252.3,6.612,0.49963
590.17,457.92,6.6523,0.4994
1754.4,866.99,6.6336,0.49946
2210.2,1246,6.6158,0.49956
2016.1,1227.5,6.6156,0.49958
878.1,1007.4,6.6213,0.49962
865.96,978.92,6.6228,0.49961
1469.1,1266.8,6.6105,0.49966
865.89,967.3,6.6234,0.4996
541.62,1617.4,6.5817,0.49996
448.98,419.7,6.6544,0.4994
1799.6,1241.2,6.6135,0.49961
2254.9,1441.5,6.6038,0.49965
1052.3,1541.4,6.5903,0.49985
1640.3,1307,6.6085,0.49966
2483.4,328.45,6.6757,0.49907
2158,1481.4,6.6004,0.49968
2508.5,709.44,6.6477,0.49928
1362.3,964.59,6.626,0.49954
1022,1570.2,6.5884,0.49986
1730.5,960.71,6.6282,0.4995
2640,1393.9,6.6103,0.49956
707.3,932.45,6.6238,0.49961
1723.6,1614.4,6.588,0.49981
2650.8,1405,6.6096,0.49956
1812.4,1228.4,6.6139,0.49961
2692.4,1150.1,6.6255,0.49943
1663.2,1583.1,6.5904,0.4998
1614.7,1294.7,6.6094,0.49965
2692.3,681.8,6.6512,0.49923
2677.9,1056.1,6.6298,0.4994
1202.1,1038.7,6.6218,0.49959
1508,1010.1,6.6242,0.49955
332.46,1343.9,6.5985,0.49986
1473,1489.5,6.596,0.49977
877.86,981.58,6.6225,0.49961
2094.6,1147.6,6.6205,0.49953
1527,1482.2,6.5969,0.49976
1709.8,525.44,6.654,0.4993
657.31,494.5,6.6503,0.49941
1975.6,688.56,6.645,0.49935
2464.8,326.49,6.6758,0.49907
2613.5,736.4,6.647,0.49927
1768.4,928.37,6.63,0.49948
2468.5,767.85,6.6438,0.49932
1944.7,1466.5,6.6,0.4997
902.3,1309.2,6.6046,0.49974
2632.3,1085.9,6.6281,0.49942
1796.5,1258.3,6.6123,0.49962
1329.2,1240.5,6.6115,0.49966
1325.4,1338.1,6.6053,0.49971
2478.8,749.13,6.645,0.49931
1868.2,901.37,6.6319,0.49946
2333.2,352.8,6.6715,0.49911
935.42,994.8,6.622,0.49961
2665,646.42,6.6529,0.49922
1621.8,1309.2,6.6081,0.49966
2697,1096.8,6.628,0.49941
2508,1104.4,6.6256,0.49945
2481.5,706.23,6.647,0.49929
528.83,452.09,6.6522,0.49941
2445.6,795.39,6.642,0.49933
1935.8,1516,6.5964,0.49973
521.13,1276,6.604,0.49979
341.53,1375.7,6.5965,0.49987
2691.4,1083.7,6.6287,0.4994
2509.8,738.3,6.6457,0.4993
1455.2,1525.6,6.5931,0.49979
706.63,905.81,6.6249,0.4996
2450.6,317.63,6.6757,0.49907
2521.6,301.28,6.6783,0.49904
922.03,1588,6.5857,0.49989
345.63,1238.9,6.604,0.49981
1509.7,984,6.6253,0.49954
1934.2,882.13,6.6342,0.49944
878.31,970.35,6.6229,0.4996
1354.3,1292.2,6.6075,0.49969
2492.8,243.69,6.6844,0.499
475.82,1166.6,6.6095,0.49975
2295,1489,6.6005,0.49967
877.95,1596.8,6.5847,0.4999
1934.7,1512.8,6.597,0.49973
2690.9,686.68,6.6503,0.49924
877.86,956.8,6.6236,0.4996
2256,375.57,6.6687,0.49914
2249,1428.1,6.6042,0.49965
926.78,1571.9,6.5869,0.49988
2628.2,1107.5,6.6261,0.49943
1178.1,1671.8,6.5799,0.49992
1249.4,412.52,6.6599,0.49929
1764.5,1608.3,6.5884,0.49981
2623.8,696.93,6.6491,0.49925
2202.6,1465.9,6.6018,0.49967
2664.5,645.04,6.6527,0.49922
879.07,995.33,6.6214,0.49962
2142.5,408.56,6.665,0.49918
2247.8,1188.7,6.6183,0.49954
2094.6,1268,6.6134,0.49959
1014.2,585.44,6.6456,0.49941
733.07,518.05,6.6488,0.49941
2639.2,675.16,6.6505,0.49924
905.21,958.01,6.6232,0.4996
307.57,1109.5,6.6105,0.49977
1826.8,494.27,6.6565,0.49927
1475.7,1273.9,6.609,0.49967
2812.1,637.58,6.6551,0.49917
2029.7,1206.7,6.6162,0.49957
319.05,1227.7,6.6042,0.49982
1510.4,959.53,6.6265,0.49953
1341.3,1240.9,6.611,0.49966
2303.4,361.7,6.6702,0.49913
1696.8,1264.2,6.6112,0.49963
1903.2,834.99,6.6355,0.49943
1005.4,599.14,6.6449,0.49942
2525.3,1192,6.6209,0.49949
2225.9,1451.5,6.6024,0.49966
1235.5,1417,6.5991,0.49976
2238.4,1450.7,6.6025,0.49966
857.6,1604.1,6.5843,0.49991
1342.4,1304,6.6069,0.49969
555.94,459.77,6.6516,0.49941
1346.2,1278.6,6.6083,0.49968
2483.3,724.11,6.6462,0.4993
1582.1,910.37,6.6295,0.4995
1360.8,1017.7,6.6224,0.49957
2452.6,672.32,6.6489,0.49928
1191.9,1378.8,6.6012,0.49975
1307.7,1639.3,6.5832,0.49988
2148,1458.6,6.6013,0.49968
1395.8,1253.1,6.61,0.49967
1983.3,1278.9,6.6117,0.49961
2124.6,1493.3,6.5987,0.4997
2429.9,1015.7,6.6294,0.49943
688.17,505.81,6.6491,0.49942
860.05,966.16,6.6227,0.49961
2521.8,733.93,6.6457,0.49929
1734.6,963.89,6.6282,0.4995
1620.8,1267.3,6.6104,0.49965
1436,687.83,6.6422,0.49941
2052.2,790.57,6.639,0.49939
2672.1,628.06,6.6536,0.49921
1361.5,994.06,6.6236,0.49956
2459.9,700.83,6.6473,0.49929
1340.1,1285.7,6.608,0.49969
2691,649.61,6.6525,0.49922
2026.2,1225.7,6.6149,0.49958
1742.5,976.21,6.6271,0.49951
2673.1,629.24,6.6535,0.49921
2013.2,1449.9,6.6009,0.49969
819.6,530.01,6.6479,0.49941
2693.7,1045.5,6.6304,0.49939
2338.9,769.1,6.6423,0.49934
1656.9,547.41,6.6518,0.49932
2523.4,302.63,6.6778,0.49904
1625.9,1280,6.6092,0.49966
1728.1,521.76,6.6536,0.4993
2114.9,1524.9,6.5963,0.49972
887.54,1004.6,6.6204,0.49962
1528.9,1005.6,6.6238,0.49955
870.69,1554.6,6.5875,0.49988
1564,916.32,6.629,0.49951
2253.2,1155.6,6.6199,0.49952
504.24,1196.1,6.6077,0.49976
2532,1143.2,6.6231,0.49947
2623.6,681.02,6.6497,0.49925
2086.8,849.49,6.6354,0.49942
2080.2,871.04,6.6347,0.49942
1235.8,916.5,6.627,0.49954
2014.4,1618.7,6.5888,0.49979
851.31,1567,6.5869,0.49989
1979.8,685.07,6.6444,0.49935
1892.8,1215.9,6.6146,0.49959
1907.7,1538.1,6.594,0.49975
2190.1,1516.3,6.5978,0.4997
291.6,432.35,6.651,0.49946
1378.1,991.15,6.6237,0.49956
912.42,930.45,6.6248,0.49959
1430,1344.9,6.6049,0.4997
1624.8,1298.8,6.6086,0.49966
2127.2,1524.5,6.5963,0.49972
1405.4,1033.2,6.6216,0.49957
1366.4,991.6,6.6239,0.49956
853.05,1600.7,6.5845,0.49991
706.01,930.24,6.6234,0.49962
686.98,896.54,6.6251,0.4996
1573.1,1472.2,6.5968,0.49976
2644.6,662.82,6.6511,0.49924
2811.1,510.76,6.6629,0.49911
2622.1,666.43,6.6504,0.49924
2821.9,887.2,6.6405,0.49929
2681.9,1047.9,6.6299,0.4994
2267.9,1142.3,6.6213,0.49951
1560.4,999.25,6.6242,0.49954
2215.7,1245.5,6.615,0.49957
1347,1548.4,6.5903,0.49982
252.91,330.6,6.6587,0.4994
933.92,1297.8,6.6046,0.49974
1360.4,1538.3,6.5916,0.49981
1298.9,1361.7,6.603,0.49973
923.61,1281.4,6.6051,0.49974
1937.2,1495.8,6.597,0.49973
1485,1323.8,6.6056,0.49969
1866.5,914.27,6.6307,0.49947
925.59,575.79,6.6455,0.49942
1390.8,1286.2,6.6076,0.49968
1383.7,1287.4,6.6072,0.49969
1359,988.62,6.6241,0.49956
1917,1523.1,6.5959,0.49974
1793.9,1269,6.6107,0.49963
1552.3,1233.3,6.6113,0.49964
355.3,1313.5,6.5994,0.49985
2009.5,1619.3,6.5884,0.49979
2321.7,1230.5,6.6164,0.49955
2530.8,730.98,6.6455,0.4993
940.83,1297,6.6052,0.49974
1933.4,918.91,6.6314,0.49946
1271.8,497.88,6.6531,0.49934
2477.4,661.04,6.6494,0.49927
622.06,1512.3,6.5889,0.49989
544.49,1623.8,6.58,0.49997
519.61,1216.2,6.606,0.49977
2381.1,339.86,6.6722,0.4991
1236.1,1372.1,6.6013,0.49974
896.45,1599.2,6.5846,0.4999
1122.5,1510.1,6.592,0.49983
2493.5,261.45,6.6814,0.49902
1476.3,1265.8,6.6094,0.49966
656.4,1236.3,6.6065,0.49975
1639.7,1263,6.6102,0.49965
2006.6,1460.4,6.5997,0.4997
1374.7,1338.6,6.6041,0.49971
1621,1413.1,6.6014,0.49972
1640.1,1264.7,6.6101,0.49965
384.41,1350.2,6.5976,0.49986
2282,1112.3,6.6222,0.4995
2194.1,394.67,6.6658,0.49917
2034.7,906.91,6.632,0.49945
2501.7,278.77,6.6794,0.49903
1402.3,1464.7,6.5962,0.49977
2042.6,1204.1,6.6157,0.49957
1563.8,1490.8,6.5952,0.49977
2528.4,701.04,6.6471,0.49928
1510.5,1607.8,6.5862,0.49984
1517.9,1321.7,6.6058,0.49969
2682.3,639.27,6.6525,0.49922
1224.7,1248.4,6.6084,0.49969
347.24,378.91,6.6554,0.49941
287.96,350.14,6.6572,0.49941
971.61,1286.7,6.6048,0.49974
836.71,535.18,6.6471,0.49942
353.66,1231.5,6.6039,0.49981
1636.6,1278.7,6.6092,0.49966
1264.1,1112.1,6.6162,0.49963
1249.7,1101.6,6.6174,0.49962
2816,597.26,6.6569,0.49916
1928.3,916.5,6.6304,0.49947
1963.8,1472.7,6.5985,0.49972
1922.9,1515,6.5953,0.49974
1716.7,1208.1,6.6133,0.49962
1643.1,995.81,6.6248,0.49953
2025.4,1079.9,6.6224,0.49952
2540.1,713.21,6.6465,0.49929
2632.2,1447.5,6.6054,0.4996
1945.1,928.61,6.6301,0.49947
1187.2,1405.8,6.5988,0.49977
1253.9,412.42,6.6591,0.49929
2631.2,1069.6,6.6273,0.49942
1379.7,1311.9,6.6055,0.4997
1509.6,1595.7,6.587,0.49984
300.97,434.39,6.65,0.49946
1720.6,1637.2,6.5851,0.49984
479.76,1190,6.6073,0.49977
2068.9,1540.4,6.5948,0.49974
970.55,1312.3,6.6032,0.49975
2462.4,669.6,6.6483,0.49928
2025.5,1225.1,6.6139,0.49959
2440.1,322.32,6.6741,0.49908
2806.8,504.04,6.6632,0.49911
2672.8,663.54,6.6504,0.49924
1541.5,576.43,6.6482,0.49936
2147,409.07,6.6641,0.49919
1642.1,1251.6,6.6106,0.49964
1195.4,1364.3,6.6013,0.49975
1529.4,981.62,6.6245,0.49954
372.19,1345.8,6.5975,0.49986
1681.7,889.1,6.6304,0.49949
1633.2,550.34,6.6504,0.49933
946,1298.7,6.6042,0.49974
1486.4,1257,6.6094,0.49966
2018.7,1437.3,6.601,0.49969
327.38,367.28,6.6559,0.49941
1692.6,1435.5,6.5997,0.49973
1990.2,1277.8,6.6112,0.49961
1605.6,1332,6.6053,0.49969
1387.4,1310.9,6.6058,0.4997
1372.6,1354.3,6.6032,0.49972
2063,1151,6.6183,0.49955
1221.7,950.48,6.6244,0.49956
923.55,1307.5,6.6031,0.49975
351.87,1353,6.5968,0.49987
2265.6,1155.2,6.6202,0.49952
2488.1,766.57,6.6424,0.49933
305.43,366.69,6.6552,0.49942
2648.7,1111.8,6.6254,0.49944
1761.8,1608.7,6.5875,0.49982
2367.1,1030.6,6.6271,0.49946
797.74,538.18,6.6467,0.49942
1508.4,1607.3,6.5859,0.49985
2147.4,1456.3,6.6005,0.49969
2141.9,848.19,6.6355,0.49941
1086.1,734.54,6.6357,0.49949
1531.4,1544.8,6.5908,0.49981
1746.8,517.74,6.6532,0.4993
2312.4,802.55,6.6392,0.49937
855.61,1550.6,6.5874,0.49988
2697.4,998.16,6.6316,0.49938
2522.4,721.97,6.6455,0.4993
1186.2,1547.9,6.5891,0.49984
2817.4,507.52,6.6626,0.49911
881,1553.6,6.5868,0.49989
2035.2,1174.5,6.6169,0.49957
1345.4,1292.5,6.6065,0.4997
1807.2,1256,6.6107,0.49963
298.3,353.52,6.6566,0.49941
2102.4,1146.8,6.6186,0.49955
1893.9,1537.8,6.5932,0.49976
2500.4,1144.6,6.6219,0.49948
727.28,501.83,6.6483,0.49942
1387.9,1309.7,6.6057,0.4997
2670.3,634.02,6.6519,0.49923
1665.8,541.16,6.651,0.49933
1884.7,1216.8,6.6136,0.4996
2234.7,856.46,6.6355,0.4994
1862.6,1259.3,6.6111,0.49962
1237.9,934.78,6.6252,0.49956
2473.1,279.58,6.6786,0.49904
624.4,1513.2,6.5882,0.4999
499.87,1163,6.6087,0.49975
2682.1,637.83,6.652,0.49922
2649.8,684.74,6.6488,0.49925
2427.1,1208.9,6.6178,0.49952
297.7,355.08,6.6564,0.49941
402.17,400.38,6.6537,0.49942
1219,793.36,6.6328,0.4995
2548.5,288.26,6.6782,0.49904
2811.1,509.08,6.6623,0.49912
2464.1,767.54,6.6423,0.49933
2343.9,810.11,6.6385,0.49937
1534,1235.2,6.6103,0.49965
2177.2,1443.5,6.6013,0.49968
1201.3,784.06,6.634,0.49949
1577.2,1410.9,6.6003,0.49973
1631.8,1252.6,6.6098,0.49965
1526,1285.1,6.608,0.49967
845.76,1603,6.5831,0.49992
472.51,1272.4,6.6022,0.49981
2685.1,667.91,6.6501,0.49924
2214.3,390.07,6.6657,0.49917
2073.2,1245.1,6.613,0.49959
1495.9,1631.3,6.5844,0.49986
1973.8,695.31,6.643,0.49937
959.77,994.68,6.6202,0.49962
1233.4,761.54,6.6346,0.49948
1570.2,1013.2,6.6229,0.49955
2451.6,401.9,6.6663,0.49914
1955.3,1441.4,6.5999,0.4997
1831.3,1423,6.6008,0.49971
935.21,1312,6.6028,0.49976
969.24,572.9,6.6447,0.49943
915.98,1553.3,6.5867,0.49988
2210,1451.3,6.6009,0.49968
2342.9,809.75,6.6383,0.49937
1534.4,1284.5,6.6078,0.49967
1568.8,1014.7,6.6228,0.49955
1944.5,931.29,6.6294,0.49947
1481.9,1468.5,6.5955,0.49977
2158.4,1444.1,6.6013,0.49968
936.15,1545.3,6.5874,0.49988
1352.3,1485.4,6.5941,0.49979
527.73,1591.9,6.5816,0.49996
1783.8,1494.5,6.5953,0.49975
2258.1,1425.3,6.6028,0.49966
365.37,1262.1,6.6021,0.49983
1797,504.57,6.654,0.49929
724.41,1311,6.6017,0.49978
358.01,381.07,6.6546,0.49942
856.91,1548.2,6.5873,0.49989
1240.5,1263.9,6.6076,0.4997
2213.4,390.42,6.6655,0.49917
465.22,426.27,6.6519,0.49942
1766.6,1508.8,6.5947,0.49976
1725.1,1457.4,6.5975,0.49974
2088.2,822.11,6.6357,0.49941
2515.3,652.18,6.6492,0.49927
2330.1,1184,6.6179,0.49953
1368.1,1005.4,6.622,0.49957
1711.2,884.43,6.6301,0.49949
2151.8,500.43,6.6563,0.49925
682.5,1308.8,6.6013,0.49979
2474.8,1586,6.5932,0.49971
2616.2,975.64,6.6318,0.49939
869.24,1604.2,6.5824,0.49992
303.06,434.73,6.6492,0.49947
2066.4,884.47,6.6321,0.49944
1637.2,1377.9,6.6024,0.49971
2603.5,1167.5,6.6212,0.49948
1860,492.97,6.6554,0.49928
1392.4,1284.1,6.6068,0.49969
2748.6,210.82,6.6893,0.49892
2500.1,1105.2,6.6232,0.49947
2670.1,690.18,6.6483,0.49926
1551.2,580.66,6.6475,0.49936
1227.5,1412.6,6.5978,0.49977
2149.9,1487.8,6.5982,0.4997
1843.6,498.49,6.6549,0.49928
253.2,332.29,6.6574,0.49942
1221.7,1383.2,6.5995,0.49976
2130.9,413.8,6.6628,0.4992
2474.3,667.37,6.6477,0.49928
1159.1,500.17,6.6511,0.49936
2321.1,818.1,6.6375,0.49938
350.69,366.79,6.6552,0.49941
1234.4,778.51,6.6333,0.49949
1865.2,486.43,6.6555,0.49928
2362.2,437.65,6.6623,0.49918
933.37,1284,6.6043,0.49975
2057.3,871.58,6.6331,0.49944
2253,817.27,6.6373,0.49939
2638.8,645.94,6.6506,0.49924
1513.4,585.62,6.6466,0.49937
602.57,478,6.6489,0.49943
1837,952.68,6.6273,0.4995
1868.8,1230.3,6.6122,0.49961
1287.9,1680.1,6.5779,0.49993
2493.1,427.16,6.6642,0.49915
1703.1,881.66,6.6301,0.49949
1644,1364.3,6.6033,0.4997
923.13,1593.3,6.5834,0.49991
2000.7,1468.3,6.5981,0.49972
1917.5,1535,6.5929,0.49976
2142.4,1499.3,6.5972,0.49971
1485,593.84,6.6459,0.49938
1123.8,524.66,6.6491,0.49938
666.52,938.18,6.6213,0.49964
2678.4,672.41,6.6494,0.49925
1454.1,1212.2,6.6111,0.49965
1809.4,507.29,6.6539,0.49929
1521.6,911.38,6.6278,0.49952
2126.9,869.75,6.6332,0.49943
1803.1,1247.2,6.611,0.49963
1533.9,1278.5,6.6077,0.49967
1968.8,1531.5,6.5935,0.49975
2283.8,798.01,6.6382,0.49938
1683.8,536.61,6.6508,0.49933
1948.7,1452.2,6.5988,0.49971
464.87,428.56,6.6515,0.49942
1883.5,1220.3,6.6135,0.49961
1691.2,869.52,6.6309,0.49948
1390.1,1297,6.6058,0.4997
697.67,492.67,6.6481,0.49942
1612.2,1486.7,6.5946,0.49977
2324.4,814.1,6.6379,0.49938
2147.1,883.57,6.6329,0.49943
1627.7,1240.5,6.6104,0.49965
2228.8,1425.9,6.6026,0.49966
960.06,970.44,6.621,0.49961
2190.7,1416.7,6.603,0.49966
2127.8,776.61,6.6384,0.49939
314.42,1138.5,6.6076,0.49979
2682.9,322.76,6.6751,0.49904
246.3,315.51,6.6585,0.49941
907.9,927.29,6.6231,0.4996
1475,1291.3,6.6068,0.49969
2672.4,612.73,6.6529,0.49922
1418,1506.5,6.5922,0.4998
2357.1,1046.2,6.6254,0.49947
992.44,594.56,6.6433,0.49943
2254.3,819.32,6.6371,0.49939
1534.8,922.61,6.6268,0.49952
1384.2,1255.1,6.6081,0.49968
1697.8,1299.7,6.6069,0.49967
261.79,336.81,6.6569,0.49942
545.39,458.14,6.6497,0.49943
524.97,1248.1,6.603,0.4998
2147.2,825.56,6.6361,0.49941
2310.5,1445.2,6.6015,0.49966
2040.5,1067.6,6.6223,0.49952
2294.8,1473,6.5996,0.49968
2476.1,665.8,6.6476,0.49929
1917.9,1474.2,6.5974,0.49973
2829.6,578.97,6.6568,0.49916
1964.6,1544.9,6.5928,0.49976
1627.1,1493.4,6.5941,0.49977
1601.2,1505.5,6.5932,0.49978
1186.6,499.77,6.6511,0.49936
2607.5,1169.3,6.6211,0.49948
890.12,1562,6.5855,0.4999
999.87,1527.8,6.5889,0.49986
2142.8,1478.2,6.5981,0.4997
2177.7,1440,6.6008,0.49968
2442.3,1026.5,6.627,0.49945
348.77,377.9,6.6543,0.49942
905.98,1331.9,6.6007,0.49978
1604.6,1431.3,6.5982,0.49974
1865.5,1247.6,6.611,0.49962
2679.5,671.38,6.6492,0.49925
1861.9,1549.8,6.5919,0.49978
1351.1,1260.7,6.6075,0.49969
987.8,689.2,6.6368,0.49949
646.11,493,6.6478,0.49943
2682.1,595.8,6.6538,0.49921
1670.5,1216.2,6.6114,0.49964
870.71,1564.9,6.5855,0.4999
756.28,646.07,6.6386,0.49949
2623,1426.8,6.6061,0.49959
888.96,1601,6.5828,0.49992
1925.9,1485.3,6.5967,0.49973
2141.9,1498.1,6.597,0.49971
2200.2,395.15,6.6645,0.49918
1530.7,617.15,6.6443,0.49939
987.12,577.51,6.6439,0.49943
1643.9,1249,6.6097,0.49965
2339.3,740.92,6.6421,0.49934
2629.2,1418.8,6.6059,0.49959
1726.6,956.91,6.6259,0.49952
518.19,448.36,6.6501,0.49943
1980,1530.4,6.5933,0.49975
1122.4,523.37,6.6488,0.49938
2314.9,742.9,6.6417,0.49935
1049.8,1557.7,6.5865,0.49988
2690.6,620.62,6.6524,0.49922
1449.9,1531.5,6.5904,0.49982
1269.6,960.39,6.6231,0.49957
1718.1,1160.7,6.6152,0.4996
2691.6,634.79,6.6515,0.49923
2006.5,677.44,6.6432,0.49936
368.84,1102.9,6.6093,0.49977
2468.4,262.54,6.6796,0.49904
2195.2,1502.8,6.597,0.49971
1516.4,929.81,6.6261,0.49953
1780,1483.2,6.5958,0.49975
1384.7,1304.3,6.6053,0.4997
2744.7,216.24,6.6884,0.49893
707.22,512.19,6.6468,0.49943
1200.8,1228,6.608,0.49969
637.59,473.94,6.6487,0.49942
861.81,1603.8,6.5819,0.49993
2510.5,696.25,6.6458,0.4993
1282.2,771.73,6.6335,0.49949
328.1,1318,6.5972,0.49987
2283.5,768.94,6.6394,0.49937
2630.8,682.78,6.6474,0.49927
1232.5,1359.5,6.6014,0.49975
2464.3,253.57,6.6807,0.49903
698.94,910.03,6.6232,0.49962
2131.7,1467.3,6.5989,0.4997
1577.2,1329.9,6.6047,0.4997
1919.9,1122.6,6.6181,0.49957
346.61,1328.7,6.5973,0.49987
2495,316.33,6.6739,0.49908
1202.2,1663.3,6.579,0.49992
2258.6,1194.1,6.6168,0.49955
1544.7,1226.5,6.6103,0.49965
1994.4,1504.3,6.5957,0.49974
1872.2,1183.2,6.6145,0.4996
2219,1471.2,6.5988,0.49969
2017.7,446.35,6.6589,0.49924
1560.1,572.79,6.6472,0.49936
345.04,1327.8,6.5967,0.49987
2509.8,289.61,6.6767,0.49905
1297.7,1359.8,6.6015,0.49974
1387.1,963.37,6.6234,0.49956
2125.6,1139.4,6.618,0.49955
2634.2,677.23,6.6481,0.49926
1391.3,1298.3,6.6053,0.4997
1059.5,1528.2,6.5885,0.49986
2145.2,1489.1,6.5975,0.49971
1578.3,1546.9,6.5903,0.49981
1945.3,1493.7,6.5958,0.49974
1440,1547.9,6.5889,0.49983
2639.3,590.03,6.6539,0.49922
639.03,823.34,6.6273,0.49959
761.39,512.09,6.6467,0.49943
941.97,1526.3,6.588,0.49987
479.21,431.62,6.6508,0.49943
2128,839.5,6.6342,0.49942
1622.1,1253.3,6.609,0.49966
2174.8,1531.1,6.5947,0.49973
1533.7,1276.3,6.6072,0.49968
2041.2,1196.1,6.6152,0.49958
1281.4,789.18,6.6323,0.4995
440.56,418.85,6.6514,0.49943
1121.6,1511.9,6.5903,0.49984
348.8,1153.1,6.6067,0.49979
2294,1478,6.5987,0.49969
659.77,1237.5,6.6048,0.49977
1274.7,1677.3,6.5778,0.49993
244.77,326.14,6.6572,0.49942
1011.4,1566.8,6.5857,0.49988
978.85,1611.4,6.5821,0.49992
1883.8,482.04,6.6552,0.49928
2620,1430.5,6.6053,0.4996
2623.9,651.6,6.6494,0.49925
1811.6,1226.9,6.6114,0.49963
895.12,1544.1,6.5863,0.49989
244.81,325.47,6.6572,0.49942
1910.4,1136.5,6.617,0.49957
2329.7,1129.7,6.6206,0.49951
1283.4,1659.9,6.579,0.49992
2621.4,597.72,6.6531,0.49923
1622.5,555.38,6.6485,0.49935
2057.1,869.32,6.6324,0.49944
2134.4,1467.9,6.5987,0.4997
2170.5,1505.1,6.5959,0.49972
2117.7,812.19,6.6359,0.49941
1161.6,500.07,6.6503,0.49937
324.81,1101.5,6.6085,0.49978
802.74,1635.1,6.5789,0.49996
1389.3,962.41,6.6232,0.49956
2677.5,641.14,6.6505,0.49924
282.53,388.24,6.6519,0.49945
2626.3,694.81,6.6467,0.49927
1738.2,1619.1,6.5852,0.49984
1229.1,1231.8,6.6076,0.4997
317.24,365.52,6.6545,0.49942
1331.2,1305.5,6.6043,0.49972
1210.5,1083.3,6.6156,0.49963
387.09,1281,6.5995,0.49984
2635.6,678.78,6.6477,0.49926
2090.8,877.1,6.6317,0.49945
872.7,1569.9,6.5842,0.49991
1271.7,1668.3,6.5784,0.49992
1874.5,1250.8,6.6109,0.49963
2508,1175.4,6.6186,0.49951
1248.4,1385.4,6.5986,0.49977
1038.9,600.92,6.6425,0.49944
2679.5,659.35,6.6493,0.49925
1533,1258.1,6.6084,0.49967
777.72,516.55,6.6462,0.49943
2520,725.45,6.6434,0.49931
1030.5,583.55,6.6434,0.49943
2251.3,737.43,6.6409,0.49936
2155.4,1475.9,6.5981,0.4997
926.81,1551.6,6.5858,0.49989
1641.3,1306.5,6.6055,0.49968
1790.5,1470,6.5964,0.49974
1627.7,1244.3,6.6094,0.49965
2632.5,1395.6,6.6072,0.49958
2118.3,840.47,6.6342,0.49942
1474.7,1582,6.5869,0.49984
2635.4,692.16,6.6468,0.49927
2041.2,1156.5,6.6162,0.49957
1380.9,1016.7,6.62,0.49959
1239.3,1087.2,6.6155,0.49963
2112.1,1478.1,6.5976,0.49971
1444.5,1349.1,6.6018,0.49973
349.69,1149.6,6.6066,0.49979
904.33,1601.7,6.5818,0.49992
1215.9,1432.5,6.5954,0.49979
2826.2,609.47,6.6544,0.49918
525.97,1216.3,6.6044,0.49978
934.28,1560.2,6.5851,0.4999
1487.5,1465.3,6.5955,0.49977
1809.5,1238,6.6105,0.49963
473.2,1219.1,6.6038,0.4998
281.85,396.69,6.6513,0.49946
1411.7,1049.3,6.6189,0.4996
2513.5,725.99,6.6435,0.49931
1952.4,1247.6,6.6109,0.49962
2562.9,977.11,6.6301,0.49941
2633.2,661.93,6.6486,0.49926
549.12,541.72,6.6429,0.49948
508.84,1197.4,6.6054,0.49978
1923.6,912.49,6.6288,0.49948
2820.2,504.68,6.6613,0.49912
1000.6,1532,6.588,0.49987
339.26,1142.1,6.6067,0.49979
1584.6,571.91,6.6473,0.49936
1607.8,559.87,6.6478,0.49936
1861.3,1278.8,6.6081,0.49965
2481.4,658.04,6.6475,0.49929
1646.9,1317.7,6.6052,0.49969
466.82,1238.5,6.6026,0.49981
1609.6,1329.8,6.6043,0.4997
1333.7,1292.8,6.6048,0.49971
1725.4,1495.3,6.5937,0.49977
1329.6,1317.1,6.6034,0.49972
1682.4,1256.1,6.6087,0.49966
1541.5,1255.1,6.6082,0.49967
903.71,1599.5,6.5823,0.49992
2079,785.38,6.6369,0.49941
470.72,1185.1,6.6055,0.49978
2125.9,1508.8,6.5955,0.49973
2277.2,827.75,6.6358,0.4994
363.04,1338,6.5958,0.49988
1479.7,1031.7,6.62,0.49958
2473.6,268.9,6.6783,0.49905
1331.5,1304,6.6041,0.49972
2187.7,1470.6,6.5984,0.4997
1011.4,1567.5,6.5853,0.49989
560.23,462.91,6.6486,0.49943
1330.4,1316,6.6034,0.49972
1771.4,1493.1,6.5941,0.49976
2634.4,660.88,6.6485,0.49926
1372,508.49,6.6505,0.49935
941.04,1534.5,6.5869,0.49988
2275.4,1467.9,6.5994,0.49968
581.26,454.21,6.6491,0.49943
901.8,1548.9,6.5861,0.49989
2282.1,820.48,6.6363,0.49939
485.67,1236,6.603,0.4998
279.91,343.49,6.6556,0.49942
2264.2,833.8,6.635,0.49941
2626.1,1145.7,6.6212,0.49947
2011.2,678.48,6.6424,0.49937
2141.6,834.45,6.6344,0.49942
2497.7,255.74,6.68,0.49903
2082.9,864.03,6.6325,0.49944
385.42,1284.4,6.5993,0.49985
1431.1,948.68,6.6238,0.49956
869.12,1585.3,6.5827,0.49992
386.15,1218.1,6.6026,0.49982
1936,1471.9,6.5964,0.49973
434.72,743.43,6.6296,0.4996
1406.5,1257.5,6.6068,0.49969
1513.8,1604.2,6.5845,0.49986
2677.1,642.34,6.6501,0.49924
469.18,1227.4,6.6033,0.4998
2678.9,657.86,6.6492,0.49925
1337.5,1284.3,6.6053,0.49971
1711.5,1489.5,6.5946,0.49976
1908,1502.5,6.5944,0.49975
929.94,1576.4,6.5837,0.49991
2466,731.59,6.6428,0.49932
2137.3,1455.1,6.599,0.4997
1673.6,1411.5,6.5994,0.49973
2494.7,317.52,6.673,0.49909
1218.9,502.36,6.6501,0.49937
961.18,940,6.6217,0.49961
715.95,938.41,6.6205,0.49964
667.59,483.56,6.6474,0.49943
1343.9,1315.5,6.6033,0.49972
2168.9,1505.2,6.5954,0.49972
2523.5,704.33,6.6447,0.4993
2334,752.45,6.6403,0.49936
1440.4,1551.6,6.5888,0.49983
1823.2,1192.1,6.6126,0.49962
2553.7,994.41,6.6288,0.49942
531.26,1262.8,6.6016,0.49981
2509.9,288.74,6.6762,0.49906
1739.4,1620.3,6.5849,0.49984
1870,1622.4,6.5847,0.49983
1565.7,1002.9,6.6224,0.49956
809.01,1633,6.5788,0.49996
1953.7,1531.5,6.5922,0.49977
492.5,438.89,6.6497,0.49943
2506.1,272.68,6.6779,0.49905
1767.8,1472.4,6.5957,0.49975
668.89,483.38,6.6474,0.49943
2312.7,770.91,6.639,0.49937
1054.9,1546.5,6.5865,0.49988
270.46,342.78,6.6554,0.49943
2637,690.71,6.6465,0.49927
470.08,1185.9,6.6053,0.49978
898.91,1563.4,6.5849,0.4999
1435.2,1387.1,6.5991,0.49975
858.6,540.69,6.6446,0.49944
898.83,1272.8,6.6037,0.49975
862.35,1566.7,6.5846,0.49991
2335.6,781.36,6.6386,0.49937
328.81,369.28,6.6537,0.49943
2633.6,649.07,6.649,0.49926
2519.9,676.27,6.6463,0.49929
342.12,1040,6.6114,0.49976
1371.2,1015.4,6.62,0.49959
2482.1,286.53,6.676,0.49906
496.87,425.02,6.6504,0.49943
1096.8,1565.3,6.5856,0.49988
2123.2,831.52,6.6344,0.49942
2695.4,664.65,6.6487,0.49925
903.87,1280.6,6.6029,0.49976
1181.3,1543.8,6.5872,0.49986
2632.8,647.88,6.6491,0.49925
1265.9,411.73,6.657,0.49931
1240.6,1069.9,6.616,0.49963
1477.8,1307.5,6.6043,0.4997
479.88,433.7,6.6499,0.49943
1428.7,1028.7,6.6192,0.49959
2517.7,715.23,6.644,0.49931
1882.3,1182.4,6.6133,0.49961
1252.2,1628.3,6.5809,0.4999
2336,793.72,6.6378,0.49938
284.23,939.98,6.6164,0.49973
2512.3,286.04,6.6762,0.49906
945.18,1016.3,6.6172,0.49964
2310.3,720.65,6.6418,0.49935
1242.1,899.77,6.6252,0.49956
2618.5,976.24,6.6303,0.4994
957.45,569.29,6.6431,0.49944
390.97,1368.4,6.5942,0.49988
2305,1213.1,6.6143,0.49956
280.27,344.06,6.6553,0.49943
2631,632.21,6.6499,0.49925
1825.1,1244.9,6.6099,0.49964
2699.8,705.17,6.6465,0.49926
1992.3,1504.6,6.5946,0.49974
924.69,992.07,6.6187,0.49963
2522.9,692.4,6.6451,0.4993
482.33,1167,6.606,0.49978
717.47,951.79,6.6195,0.49965
2242.3,714.26,6.6417,0.49936
1371.2,1330.9,6.6023,0.49973
357.91,1234.8,6.6011,0.49984
302.71,362.59,6.6534,0.49944
1328.5,1329.2,6.6022,0.49973
2499.6,667.34,6.6461,0.49929
2146.3,764.07,6.6382,0.49939
1987.7,1502.8,6.5949,0.49974
282.99,390.23,6.6511,0.49946
2084.5,810.42,6.6352,0.49942
1468.4,1323.9,6.6029,0.49972
929.25,990.2,6.6184,0.49964
2324.6,767.69,6.6391,0.49937
760.93,649.86,6.6373,0.4995
348.33,1123,6.6071,0.49979
642.97,1152.6,6.6082,0.49974
282.67,958.92,6.615,0.49974
1281.7,506.28,6.6496,0.49936
1335.4,1290.9,6.6044,0.49971
633.92,488.05,6.6468,0.49944
2325.7,797.06,6.6374,0.49938
2652.8,669.57,6.6477,0.49926
2511.5,286.06,6.6761,0.49906
394.86,397.02,6.6518,0.49943
1909.4,1483.1,6.5954,0.49974
1974.9,882.91,6.63,0.49947
282.21,332.66,6.6559,0.49942
1152.7,1472.4,6.5927,0.49982
363.01,1147.7,6.6057,0.4998
548.07,541.55,6.6424,0.49948
2545.4,767.26,6.641,0.49933
893.71,1279.4,6.6026,0.49976
2579.9,279.58,6.6773,0.49904
2186.7,1471.7,6.5979,0.4997
1680.9,1301.9,6.6052,0.49968
2203.5,1490.4,6.5963,0.49971
453.15,423.6,6.6502,0.49944
2486,293.77,6.675,0.49907
2119.2,825.35,6.6343,0.49942
1402.4,1469.8,6.5932,0.4998
518.46,492.48,6.6455,0.49946
2120.8,1168.2,6.6156,0.49957
2261.5,1087.1,6.6206,0.49952
2126.5,1496.5,6.5953,0.49973
330.03,1262.8,6.5992,0.49986
2044.7,904.74,6.6296,0.49947
2269,1387.6,6.6038,0.49965
1225.3,409.56,6.6567,0.49931
2088,1508.5,6.5946,0.49974
1355.5,1313.3,6.6027,0.49973
1168.4,506.6,6.6487,0.49938
2144,1517,6.5941,0.49974
1335,1571.9,6.5856,0.49986
1792.2,1156.9,6.6143,0.4996
1823.8,1281.9,6.6071,0.49966
1485.3,1028.9,6.6197,0.49958
1702,1492,6.5937,0.49977
2244.2,855,6.6336,0.49942
1202.1,1243.3,6.6059,0.49971
1934.8,827.61,6.6327,0.49945
1965.6,1386.3,6.6021,0.49969
2626.4,1400.2,6.6057,0.4996
2487.4,293.13,6.675,0.49907
1622.8,1271,6.607,0.49967
349.51,1359.3,6.5942,0.49989
527.35,1240.6,6.6025,0.4998
2706.7,231.36,6.6843,0.49897
1232.1,1215,6.6076,0.4997
1332.3,1338.5,6.6012,0.49974
2243.8,1222.8,6.613,0.49958
2237.8,1412.2,6.6016,0.49967
1386.2,960,6.6223,0.49957
310.06,358.06,6.654,0.49943
2062.3,815.94,6.6345,0.49943
490.9,1272.1,6.6,0.49982
717,925.34,6.6206,0.49964
1735.2,872.76,6.6292,0.49949
2164.6,1497.3,6.5957,0.49972
1482.2,604.27,6.6438,0.4994
1490.2,1335.6,6.6026,0.49972
946.91,1278.9,6.6032,0.49975
2309.3,1141.7,6.6181,0.49953
1087.6,508.97,6.6483,0.49939
1286.7,1358.9,6.5996,0.49976
908.87,554.49,6.6435,0.49944
2069.5,854.7,6.6318,0.49945
716.6,498.08,6.6462,0.49944
2045.2,706.14,6.6407,0.49938
936.75,1231.6,6.6054,0.49974
1904.7,1176.6,6.6133,0.4996
2341.5,685.21,6.6438,0.49933
908.34,555.5,6.6434,0.49944
2184.7,1506.7,6.5955,0.49972
2165.1,1502.2,6.5954,0.49972
1410.4,1253,6.6064,0.49969
2679,247.24,6.6822,0.49899
1565.1,1513.9,6.5908,0.49981
2141.3,769.32,6.6374,0.4994
2600.5,578.33,6.6527,0.49923
1547.2,980.25,6.622,0.49956
1289.1,927.35,6.6235,0.49957
866.59,1600.7,6.5811,0.49993
2106.3,786.04,6.6359,0.49941
2152.9,1472.6,6.5974,0.49971
897.01,928.94,6.6212,0.49962
822.01,594.79,6.6405,0.49947
2125.8,1454.3,6.5983,0.4997
1846.3,950.1,6.6258,0.49951
867.75,1543.6,6.5858,0.4999
2532.1,689.38,6.645,0.4993
2642.6,657.43,6.648,0.49926
781.2,1638.1,6.5777,0.49997
1733.3,872.74,6.6291,0.49949
2281.3,1484.4,6.5973,0.4997
2518.6,658.98,6.6464,0.49929
2114.5,1486,6.5961,0.49972
2498.2,301.9,6.6743,0.49908
534.3,1573.4,6.581,0.49997
471.27,1163.9,6.6058,0.49978
390.81,1377.6,6.5934,0.49989
655.63,479.1,6.647,0.49944
686.88,924.4,6.6199,0.49965
1447.9,1560.9,6.5871,0.49984
2322.9,1101.2,6.6201,0.49952
1738.1,1562.2,6.5884,0.49981
2435.7,638.82,6.6472,0.49929
2519.8,695.75,6.644,0.49931
2482.3,736.22,6.6417,0.49933
914.21,1600.2,6.581,0.49993
796.17,521.9,6.6448,0.49944
1995.4,1497.8,6.5946,0.49974
2450.3,1185.5,6.6164,0.49953
2448.1,651.15,6.6465,0.4993
1554,1453.1,6.5955,0.49977
1736.3,1562.8,6.5884,0.49981
262.78,338.44,6.655,0.49943
2103.3,1119,6.6175,0.49956
2289.2,1467.7,6.5981,0.49969
1003.7,696.23,6.6348,0.4995
2205.2,1469.9,6.5973,0.49971
1208.1,1390.3,6.597,0.49978
2140.2,1166.1,6.6151,0.49957
1289.3,945.05,6.6223,0.49958
2503.2,1062.2,6.6236,0.49947
1486.9,1240.7,6.6073,0.49968
2314.9,787.74,6.6373,0.49938
454.86,422.08,6.6499,0.49944
2082.1,850.07,6.6323,0.49944
475.29,542.98,6.6415,0.4995
2103.5,1487,6.5958,0.49973
2718.9,921.89,6.6337,0.49936
1413.3,936.83,6.6234,0.49956
2301.5,730.28,6.6402,0.49936
1100.4,1562.6,6.5852,0.49988
340.21,374.78,6.6526,0.49944
2262.4,1113.6,6.6188,0.49953
2553.2,994.96,6.6279,0.49943
2469.6,742.18,6.6408,0.49934
1567,899.59,6.6263,0.49953
539.47,1621.7,6.5771,0.5
2059,841.25,6.6326,0.49944
2082.3,863.3,6.6315,0.49945
2522.7,691.29,6.6446,0.4993
1073.2,1515.1,6.5883,0.49986
1270,816.39,6.6297,0.49952
1759.6,1492.7,6.593,0.49977
379.81,1212.3,6.6023,0.49982
722.73,844.54,6.6252,0.4996
1590.6,1526.1,6.5905,0.49981
1300.8,1680.5,6.5758,0.49994
1892.3,1520.3,6.5921,0.49977
2643,615.23,6.6502,0.49924
1393.7,1302.3,6.6036,0.49972
1683.5,869.67,6.6285,0.4995
2062.6,786.79,6.6357,0.49942
2675,1054.7,6.6259,0.49943
1876.8,841.27,6.6312,0.49947
472.18,415.28,6.6502,0.49943
2501.3,303.04,6.674,0.49908
2212.2,1478.3,6.597,0.49971
2631.1,1426.4,6.6038,0.49961
2131.2,850.39,6.6324,0.49944
1613.9,1510.6,6.5909,0.4998
1929.3,1448.9,6.5972,0.49973
506.17,443.63,6.6486,0.49944
2070,827.37,6.633,0.49944
1823.4,1191.1,6.6117,0.49962
552.83,1643.3,6.5754,0.50001
2048.2,769.49,6.6365,0.49941
1214.9,912.45,6.6235,0.49957
1214,1065.4,6.6153,0.49964
1878.7,932.69,6.627,0.4995
447.75,425.49,6.649,0.49945
2818.1,583.56,6.6547,0.49918
1537.6,1263.4,6.6064,0.49968
2126.9,755.33,6.6374,0.4994
2684.2,609.05,6.6512,0.49923
302.36,1027.8,6.6111,0.49977
478.85,1251.4,6.6008,0.49982
1351.2,1262,6.6052,0.49971
1949.2,815.23,6.6334,0.49944
2637.1,275.18,6.6777,0.49903
1732.6,878.11,6.6286,0.4995
2097.4,1516.3,6.5937,0.49974
1815.7,1429.5,6.5978,0.49973
1247.8,1235.9,6.606,0.49971
1396.9,1333.4,6.6012,0.49973
1281.5,1658.1,6.5777,0.49993
2481.8,719.13,6.6424,0.49933
2315,742.66,6.6398,0.49936
1282.8,1668.1,6.5768,0.49993
2312.9,719.13,6.6411,0.49935
2629.3,616.27,6.6498,0.49925
1893.5,1608.9,6.5853,0.49982
835.05,790.09,6.6282,0.49957
2469.4,694.06,6.6438,0.49932
2301.3,1106.9,6.6192,0.49953
924.05,1006.4,6.6169,0.49965
480.82,1186.3,6.6043,0.49979
1995.7,1460.2,6.5969,0.49973
2672.1,1052,6.6258,0.49943
368.86,1389,6.592,0.49991
2671.7,596.6,6.6516,0.49923
2010.1,1613.7,6.5852,0.49982
2336.2,736.29,6.6402,0.49936
1239.5,745.85,6.6329,0.4995
1821.5,500.75,6.6518,0.49931
345.02,1228.3,6.6005,0.49984
2148.6,1451.8,6.5982,0.4997
369.24,1104.2,6.6077,0.49978
1642.6,1198.4,6.6101,0.49965
1686.4,938.21,6.6252,0.49953
2099.2,1506,6.5942,0.49974
352.32,1312.8,6.5962,0.49988
1475.9,1561.4,6.5867,0.49984
2321.3,1125.5,6.6186,0.49953
310.13,1128.6,6.6058,0.49981
2533.1,672,6.6456,0.49929
2037.6,718.93,6.6392,0.49939
1288,1061.9,6.6157,0.49963
2476.3,261.68,6.6779,0.49905
2191.9,1499.2,6.5953,0.49972
1915.3,867.82,6.6296,0.49948
518.88,502,6.6444,0.49947
1511.4,1237.9,6.6072,0.49968
1286.6,755.54,6.6325,0.4995
831.94,786.24,6.6282,0.49957
316.53,1131.5,6.6057,0.49981
1385,1555.6,6.5867,0.49985
2117.4,1464.7,6.597,0.49972
880.38,978.48,6.6179,0.49964
1521.5,1362.3,6.6,0.49974
1998,1298,6.6069,0.49965
2121.4,1145.3,6.6158,0.49957
686.1,1245.5,6.6021,0.49978
2535.5,658.41,6.6462,0.49929
2607.7,962.49,6.6299,0.49941
2665.8,598.79,6.6516,0.49923
2474.4,751.51,6.6403,0.49934
1730.2,1473.1,6.5943,0.49977
671.34,921.34,6.6195,0.49965
967.73,1355.4,6.5979,0.49979
529.46,1624,6.5769,0.5
1074.8,755.11,6.6317,0.49952
841.05,796.61,6.6279,0.49957
977.5,1611.3,6.5803,0.49993
1945.3,820.36,6.6327,0.49945
510.24,1226.6,6.6023,0.4998
1888.5,832.88,6.6317,0.49946
717.94,912.18,6.6207,0.49964
1977.8,1516.6,6.5927,0.49976
895.72,1290.3,6.6012,0.49977
2235.1,1072.8,6.6208,0.49952
349.03,1114,6.607,0.49979
2135.1,1095,6.6189,0.49954
351.73,1362.7,6.5933,0.4999
1672.7,1325.1,6.603,0.4997
394.06,1272.2,6.5989,0.49985
2483.5,720.41,6.6422,0.49933
2090.7,1516.7,6.5932,0.49975
541.27,1627.1,6.5767,0.5
1416.9,1646.8,6.5794,0.49991
2147.7,1079.3,6.6198,0.49953
2136.4,1094,6.6189,0.49954
418.7,408.87,6.6502,0.49944
2473.1,722.51,6.6419,0.49933
1988.2,1290.7,6.607,0.49965
686.82,1303.8,6.5992,0.49981
2481.6,706.75,6.6429,0.49932
2145.8,1429.5,6.5995,0.49969
290.28,352.01,6.6536,0.49944
541.52,537.74,6.642,0.49949
695.89,925.85,6.6198,0.49965
374.98,376.53,6.6521,0.49943
1852.7,820.01,6.6322,0.49946
2172.7,1514.1,6.5935,0.49974
867.69,907.02,6.6218,0.49961
2084.5,783.21,6.6356,0.49942
350.53,1329.7,6.5948,0.49989
2083,1247.8,6.6097,0.49962
1878.5,1163.4,6.6135,0.4996
655.98,947.91,6.6182,0.49966
340.79,1117.8,6.6061,0.4998
2492.6,296.82,6.6738,0.49908
2522.1,389.33,6.665,0.49915
482.96,1187.6,6.6041,0.49979
1148.6,1548.3,6.5855,0.49988
1806.7,1253.8,6.608,0.49965
611.93,465.7,6.647,0.49944
1408.7,953.85,6.6223,0.49957
