1047.4,252.65,6.7292,0.49878
1043.2,254.64,6.7274,0.4988
1005.9,248.57,6.7243,0.49882
1028.3,262.79,6.7208,0.49885
946.84,257.91,6.7193,0.49886
1528.9,1620.6,6.6286,0.49953
931.11,257.1,6.7162,0.49889
405.25,1591.7,6.6182,0.49971
918.65,275.48,6.7086,0.49894
404.44,1578.9,6.6187,0.4997
1477.1,1643.1,6.6199,0.49959
1445.1,1172.1,6.6504,0.49936
602.36,1085.6,6.6498,0.49943
1888,810.52,6.6723,0.49915
2084.3,847.59,6.6706,0.49915
1934.8,1439.8,6.6354,0.49944
2132.5,799.72,6.6733,0.49913
1243.4,1163.7,6.6481,0.49939
1830,1217.2,6.647,0.49935
920.55,274.17,6.7038,0.49898
2138.7,870.17,6.6673,0.49917
1153.8,1165.4,6.6457,0.49941
2127,781.73,6.6719,0.49914
956.93,293.11,6.7012,0.49899
1825.5,1226.6,6.6454,0.49937
1396.9,1191,6.6447,0.4994
1199.2,1178.4,6.6435,0.49942
1114.1,1170.8,6.6434,0.49943
1855.9,833.9,6.6657,0.4992
1435.2,1643.4,6.6124,0.49965
2386.8,516.66,6.6874,0.49899
1424.6,1207.1,6.6422,0.49942
1790.3,1234.2,6.6425,0.49939
942.49,299.17,6.6978,0.49902
952.25,266.62,6.7011,0.49899
2482.8,470.22,6.6905,0.49895
1228.1,1196.4,6.6406,0.49944
1856.9,1245.7,6.6407,0.4994
1470.6,1212.2,6.6406,0.49943
1468.5,1219.1,6.6398,0.49943
944.12,301.81,6.6961,0.49903
1385.8,1213.6,6.6395,0.49944
2171.9,1487.9,6.6272,0.49948
2054,881.87,6.661,0.49922
2105.5,833.1,6.6639,0.4992
1023.4,1534.4,6.6162,0.49965
2050.2,1266.1,6.6392,0.49939
2167.8,1487.6,6.6264,0.49949
2078.3,1452.6,6.6273,0.49949
2107.6,866.91,6.6613,0.49922
937.61,1083.9,6.6428,0.49945
2072,861.61,6.661,0.49922
2053.1,892.61,6.659,0.49924
1224.9,1120.1,6.6422,0.49943
937.16,1082.8,6.6425,0.49945
388.97,1091.9,6.6375,0.49955
1776.7,1244.7,6.6379,0.49942
2063.2,1141.6,6.6457,0.49934
1140.5,1113.4,6.6415,0.49944
419.17,1100.4,6.6369,0.49955
438.57,1010.1,6.6419,0.49951
1412.7,795.36,6.6599,0.49928
2110.5,908.3,6.6571,0.49925
663.18,1008,6.6434,0.49947
662.72,1057.3,6.6408,0.49949
912.32,257.17,6.698,0.49902
1379,1141.1,6.6404,0.49943
1489.4,1230.1,6.6357,0.49946
1774.5,1176.7,6.6402,0.49941
1413.5,1145.8,6.64,0.49943
855.01,1079.6,6.6402,0.49947
1802.7,859.68,6.6574,0.49927
367.45,995.78,6.6407,0.49953
852.46,1099.6,6.6385,0.49949
1495.4,1117.6,6.6416,0.49941
1472.2,1541.4,6.6151,0.49962
852.11,1142,6.636,0.49951
1841.9,1256.7,6.6355,0.49944
568.37,1044.3,6.6398,0.49951
2303.3,887.8,6.6583,0.49922
417.29,1012.6,6.6398,0.49953
274.32,966.47,6.6404,0.49955
637.59,1148.8,6.6343,0.49954
2613.7,735.98,6.6692,0.4991
1458.9,1154.1,6.6389,0.49944
1220.7,1092.4,6.6408,0.49944
2626.1,727.94,6.6697,0.4991
633.92,1009.6,6.6415,0.49948
822.93,1172.2,6.634,0.49953
2300.4,859,6.6594,0.49921
634.63,1059.2,6.6388,0.49951
2107.8,911.97,6.6549,0.49926
930.51,253.47,6.6962,0.49903
929.23,259.11,6.6954,0.49903
1483.2,1241.3,6.6332,0.49948
1459.3,814.65,6.6565,0.4993
1185,1134.4,6.6376,0.49947
1410.4,1115.7,6.6396,0.49944
1502.4,1507.7,6.6164,0.49961
1799.3,1181.2,6.638,0.49942
1801,1152.7,6.6395,0.49941
2125.5,887.74,6.6558,0.49926
2043.3,877.23,6.6558,0.49926
2071.3,884.03,6.6552,0.49927
2065.9,1177.3,6.6394,0.49939
1797.7,1187.4,6.6372,0.49943
1218.9,1095.2,6.6391,0.49945
388.2,1004.2,6.6379,0.49954
443,1120.7,6.6324,0.49958
2284.1,891.13,6.6561,0.49924
1132.7,1142.4,6.6354,0.49949
1488.2,1175.1,6.6355,0.49946
661.43,1128.2,6.6331,0.49955
595.07,1059,6.637,0.49952
2304.9,951.28,6.6528,0.49926
1863.5,1238.7,6.6337,0.49945
1135.1,1087,6.6386,0.49946
1213.7,1189.7,6.6329,0.4995
372.19,1105.1,6.632,0.49959
2039.6,1177.6,6.6384,0.4994
930.3,1121.1,6.6348,0.49951
1721.7,1498.1,6.6167,0.49959
660.96,1087.3,6.6347,0.49953
2037.3,1209.5,6.6365,0.49941
1484.1,1212.8,6.6327,0.49948
2618.5,771.39,6.6648,0.49913
1134.4,1093.2,6.6377,0.49947
291.9,984.1,6.6369,0.49957
1402.2,1207.8,6.6322,0.49949
1129.9,1184.8,6.6319,0.49952
1800.2,1502.5,6.6159,0.49959
933.26,296.75,6.689,0.49908
1404.6,1172.4,6.634,0.49948
1720.8,1496.1,6.6163,0.4996
1448.2,1563.8,6.6097,0.49967
1793.9,1203.5,6.6343,0.49945
2281.1,864.63,6.6562,0.49924
2626,1265.8,6.637,0.49935
279.97,1078.8,6.6312,0.49962
1789.7,1236.3,6.6323,0.49946
1455.1,1128.3,6.6369,0.49945
1182.2,1095.1,6.6373,0.49947
927.72,256.07,6.6933,0.49905
929.4,1164.8,6.6315,0.49953
593.85,1079.3,6.6337,0.49955
1454.8,1123.4,6.6371,0.49945
1404.9,1155.5,6.635,0.49947
395.41,1037.8,6.6343,0.49957
932.01,1066.5,6.6372,0.49949
665.19,1165.6,6.6301,0.49957
1835.6,1197.7,6.6349,0.49944
1099.2,1087.4,6.6368,0.49948
1865,1167.2,6.6365,0.49943
2105,1287.9,6.631,0.49945
2288.8,851.2,6.6569,0.49923
2639.1,1262.1,6.6368,0.49935
440.76,1094.7,6.6311,0.49959
2280.9,1298.7,6.6314,0.49943
1002.5,1565.9,6.6063,0.49973
1764.8,1158.1,6.6362,0.49944
1850.8,1274.1,6.6301,0.49948
1131.2,1138.4,6.634,0.4995
571.31,1164.4,6.6285,0.49959
389.82,1083.5,6.6308,0.4996
956.41,277.04,6.69,0.49907
1213,1147.5,6.6338,0.49949
568.66,1007.6,6.6371,0.49952
2285.9,1186.3,6.6379,0.49938
2125.2,877.18,6.6528,0.49928
2644.8,885.54,6.6565,0.49919
595.39,1126.4,6.63,0.49958
1769.7,874.35,6.6512,0.49932
1483.3,1165.4,6.6337,0.49948
1872.7,896.36,6.6503,0.49932
853.06,1148.5,6.6311,0.49954
929.38,1198.1,6.6289,0.49955
1212.5,1188.9,6.6309,0.49952
2418.3,551.74,6.6739,0.49909
2054.4,1213.8,6.6339,0.49943
2772,712.69,6.6675,0.49909
390.5,1022.5,6.6339,0.49957
662.86,1029.3,6.6359,0.49952
1130.6,1181.6,6.6303,0.49953
2778.3,854.29,6.6593,0.49915
2632.8,770.42,6.6622,0.49915
440.74,984.65,6.6362,0.49955
1831.3,1197.5,6.633,0.49946
920.72,279.93,6.6882,0.49909
647.58,1182.4,6.6267,0.4996
1467.3,1256.2,6.6274,0.49953
830.95,1203.5,6.6267,0.49958
1000.4,1566.2,6.6047,0.49974
389.54,1042,6.6316,0.49959
2642.7,883.22,6.6558,0.4992
2125.8,908.15,6.6499,0.4993
1793.7,819.28,6.6533,0.4993
398.81,1134.1,6.627,0.49963
669.41,1045.7,6.634,0.49954
898.58,1197.9,6.6276,0.49957
2639.2,741.63,6.6633,0.49914
822.06,1105.2,6.6322,0.49954
440.85,1055.7,6.6312,0.49959
1857.6,1216.2,6.6312,0.49947
2052.3,1229.8,6.6316,0.49945
2629.4,891.48,6.6549,0.49921
931.35,1161.5,6.6296,0.49955
918.05,297.11,6.6857,0.49911
1779.5,1505.2,6.6128,0.49962
898.98,1070.5,6.6342,0.49951
917.45,303.97,6.6849,0.49912
2442.2,1214.6,6.6352,0.49939
1679.1,1498.4,6.6129,0.49962
2043.5,915.61,6.6488,0.49932
635.81,1027.2,6.6347,0.49954
1854.3,1151.8,6.6354,0.49944
1845.5,1273.8,6.628,0.49949
657.97,1186.3,6.6257,0.4996
1832.1,1171.1,6.6335,0.49945
842.8,1206.7,6.6258,0.49959
2795.5,858.43,6.6582,0.49915
951.36,296.45,6.6855,0.49911
1032.4,1511.7,6.6084,0.49971
1737.7,1523,6.6111,0.49963
420.56,982.11,6.6349,0.49956
2793.2,1108.3,6.6446,0.49926
2783.6,719.34,6.6657,0.4991
1136.7,1109,6.6328,0.49951
371.36,977.48,6.6343,0.49957
395.77,1022.8,6.6321,0.49959
1094.2,1181.7,6.6287,0.49954
1218.4,1117.7,6.6326,0.4995
2421.9,554.7,6.672,0.4991
646.81,1184.9,6.6253,0.49961
1032.4,1500.1,6.6084,0.49971
1836.8,862.6,6.6499,0.49932
829.21,1205.6,6.6254,0.49959
2060.7,836.38,6.6526,0.49928
2785.7,856.68,6.6577,0.49916
2447.3,872.58,6.6531,0.49925
371.12,968.89,6.6347,0.49957
294.15,1015.5,6.6304,0.49962
2492.9,1482.8,6.6184,0.49951
917.99,292.18,6.6851,0.49911
1779,1278.9,6.6262,0.49951
1367.4,1125.5,6.6329,0.49949
1750.5,1235.9,6.6287,0.49949
1488,815.68,6.65,0.49935
673.97,1190.5,6.6248,0.49961
391.28,976.62,6.6342,0.49957
296.23,1063.1,6.6277,0.49964
583.98,1165.9,6.6253,0.49961
1835.9,831.63,6.6513,0.49931
600.56,1126.3,6.628,0.49959
1413.3,839.04,6.6483,0.49936
920.04,276.07,6.6868,0.4991
1396.9,1210.5,6.6281,0.49952
2109.6,1196.7,6.6327,0.49944
2795.9,860.02,6.657,0.49916
1367.8,1254.6,6.6251,0.49955
2066.9,879.56,6.6496,0.49931
1209.8,1167.4,6.6288,0.49953
595.24,1178.1,6.6246,0.49962
845.3,1208.1,6.6247,0.49959
2046.3,815.94,6.6536,0.49928
667.48,1134.5,6.6276,0.49959
920.15,283.68,6.6856,0.49911
2028,1185.6,6.6326,0.49944
1743,1502.1,6.6114,0.49963
385.47,1139.2,6.6245,0.49965
2299.8,941.58,6.6475,0.4993
1101.7,1235.4,6.6243,0.49957
2785,1111.3,6.6431,0.49927
918.22,300.67,6.6836,0.49913
1744.2,1499.7,6.6115,0.49963
574.92,1160.7,6.6254,0.49961
2342.5,921.59,6.6489,0.49929
1779.1,1239.2,6.628,0.4995
2062.8,871.73,6.6498,0.49931
924.12,272.44,6.6869,0.4991
1777.7,1505.7,6.6108,0.49963
2035.8,834.66,6.6516,0.49929
1405.5,806.16,6.6493,0.49936
453.94,1154.1,6.6243,0.49964
1431.3,1565.2,6.6048,0.4997
1480.4,1505.4,6.6093,0.49967
1381.4,1256.6,6.6245,0.49955
646.93,1050,6.6314,0.49956
1372.2,828.32,6.6482,0.49937
601.06,1142.5,6.626,0.49961
593.96,1181.4,6.6238,0.49962
2767.4,719.85,6.664,0.49911
2343.5,977.7,6.6456,0.49932
2101.4,930.02,6.6464,0.49933
892.99,306.91,6.6823,0.49914
1182.2,1242.7,6.624,0.49957
939.14,296.79,6.6837,0.49912
2281.3,939.39,6.6471,0.49931
435.73,1152.1,6.6239,0.49964
1790.8,795.59,6.6521,0.49931
1863.4,838.77,6.6501,0.49932
385.05,1139.1,6.6241,0.49965
1360.8,1209.5,6.6271,0.49953
581,1038.2,6.6313,0.49957
2325.7,893.11,6.6498,0.49928
2082.6,1223,6.6302,0.49946
2064.2,880.06,6.6488,0.49931
2642.3,1137.2,6.6394,0.49933
579.43,1036.7,6.6314,0.49957
2037.7,867.67,6.6494,0.49931
929.26,274.28,6.6864,0.4991
1360.5,1648.8,6.5971,0.49977
1446.7,1179.7,6.6292,0.49951
1451.6,777.19,6.6512,0.49934
2104.6,1238.3,6.6289,0.49947
821.92,1155.4,6.6268,0.49958
2627.9,1143.1,6.6387,0.49934
2268.1,1301.1,6.6268,0.49947
2341.2,893.67,6.6497,0.49928
1851.9,1205.8,6.6295,0.49948
1383.4,1256.7,6.624,0.49956
584.25,1167.6,6.624,0.49962
2450.3,991.8,6.645,0.49931
1212.8,805.37,6.648,0.49938
2604,1274.5,6.6308,0.4994
1410.8,841.52,6.6468,0.49938
435.24,1152.3,6.6233,0.49965
2769.8,710.91,6.6642,0.49911
1195.5,1244.8,6.6233,0.49958
2778.1,747.24,6.6618,0.49913
301.96,1102.2,6.6248,0.49966
853.55,324.15,6.6795,0.49916
1098.3,1096.9,6.6312,0.49952
1136.4,802.47,6.6471,0.49939
1219.6,1125.6,6.6297,0.49952
2774.7,716.13,6.6633,0.49912
2326.5,918.71,6.6475,0.4993
645.77,1573.5,6.5988,0.49982
449.86,1010.6,6.6307,0.49959
936.89,311.47,6.681,0.49915
1198.3,1244.7,6.6228,0.49958
2801.5,1111.9,6.6418,0.49928
658.19,1055.5,6.6298,0.49957
1484.3,1150.3,6.6296,0.49951
1114.6,1239.9,6.6225,0.49959
2038.6,1278.8,6.6253,0.4995
1761,1281.9,6.6235,0.49953
1771.2,775.25,6.6524,0.49931
1779.3,1251.4,6.6254,0.49952
2326.4,923.07,6.647,0.49931
2784.1,1110.8,6.6415,0.49929
1666,1502.9,6.6091,0.49965
861.03,1176.2,6.6244,0.49959
2294.1,1309.8,6.6251,0.49948
1095.8,459.77,6.6686,0.49923
1817,1245.9,6.626,0.49951
448.86,1008.6,6.6303,0.49959
1116.9,1239.5,6.6223,0.49959
1401.6,740.6,6.6516,0.49934
2096,1269.2,6.6256,0.49949
1487,793.85,6.6485,0.49936
1483.3,752.98,6.6512,0.49934
908.73,1221.3,6.622,0.49961
1130.7,794.68,6.647,0.4994
1801.2,902.02,6.6444,0.49937
660.34,1055.5,6.6294,0.49957
2610.4,771.91,6.6573,0.49919
2794.4,728.47,6.6621,0.49912
1136.3,1168.4,6.6262,0.49956
2068.1,1295,6.6242,0.49951
1362.1,1257.8,6.6224,0.49957
2065.5,883.15,6.6466,0.49933
2247.6,1307.8,6.6245,0.49949
2628.7,1271.2,6.6298,0.49941
1178.8,1245,6.622,0.49959
1098.7,1238.6,6.6219,0.49959
593.89,1043.7,6.6293,0.49958
2147.8,1558.9,6.6071,0.49963
2602.3,1605.6,6.6071,0.49959
1189.1,1232.9,6.6233,0.49958
2280.3,1216.7,6.6299,0.49944
640.76,1136.3,6.6248,0.49961
935.95,317.25,6.6794,0.49916
297,951.74,6.6314,0.49961
1439.1,1151.5,6.6286,0.49952
937.91,1094.3,6.6287,0.49955
1867.5,880.79,6.6452,0.49936
2415.9,1321,6.6247,0.49947
899.74,1168.7,6.6246,0.49959
1443,1265,6.6219,0.49957
2275.8,1241.6,6.6283,0.49946
2651.9,890.68,6.6506,0.49924
1439.1,1220.4,6.6246,0.49955
822.85,1064.8,6.6298,0.49955
282.08,945.53,6.6312,0.49961
2307.1,1221.8,6.6294,0.49944
1208.6,712.56,6.6514,0.49935
833.59,1135.1,6.6255,0.49959
2065.9,1298.1,6.6233,0.49951
893.31,312.14,6.6795,0.49916
593.03,1046.1,6.6286,0.49959
1174.7,1204.9,6.6238,0.49957
1744.4,1530,6.606,0.49967
2387.5,1327.8,6.6237,0.49948
2790.8,1106.4,6.6408,0.49929
328.28,240.12,6.6828,0.4992
1127.6,733,6.6496,0.49938
569.44,1041.6,6.6285,0.49959
1134.3,1206.9,6.6231,0.49958
1666.4,1549.8,6.6042,0.49969
1761.4,797.62,6.6492,0.49933
1758.2,1274.2,6.6231,0.49954
634.93,291.78,6.6797,0.49918
631.2,1051.8,6.6287,0.49958
833.87,1176.1,6.6228,0.49961
2772.2,749.06,6.6594,0.49915
2448,903.38,6.6473,0.49929
1212,786.02,6.6461,0.4994
2769.9,723.07,6.6608,0.49914
860.61,1194.9,6.6219,0.49961
921.38,1224.7,6.6205,0.49962
611.02,1175,6.6212,0.49964
861.97,1192.8,6.6219,0.49961
1202.4,1128.6,6.6275,0.49954
834,1189.6,6.6219,0.49962
1179.2,806.57,6.6452,0.49941
2097.7,1228.4,6.6269,0.49948
1692.1,1505.1,6.6071,0.49967
2405.5,1228.3,6.629,0.49944
1210.9,755.69,6.6476,0.49938
845.61,1191.1,6.6217,0.49962
608.82,1102.5,6.625,0.49961
2181.5,1498.6,6.6105,0.4996
433.96,1012.6,6.6281,0.49961
2033.6,1262,6.6245,0.49951
1864.9,878.9,6.6446,0.49936
854.73,1072.6,6.6286,0.49956
1780.9,1222.6,6.6251,0.49952
834.35,1084.4,6.6274,0.49957
1773.8,1265.9,6.6225,0.49954
2019.1,1553.6,6.605,0.49966
447.54,1161,6.6202,0.49967
2100.4,1180.4,6.63,0.49946
1454.5,1153.4,6.6271,0.49953
1398,1229.4,6.6225,0.49957
2321.4,1221.6,6.6286,0.49945
1404.7,778.82,6.6476,0.49937
1209,1172.9,6.6248,0.49956
432.99,1011.7,6.6281,0.49961
1369.5,773.18,6.6477,0.49937
399.76,999.07,6.6285,0.49961
861.02,1177.9,6.6224,0.49961
289.54,966.28,6.6287,0.49963
611.68,1149,6.6221,0.49964
832.37,1083.3,6.6273,0.49957
2790.4,754.5,6.6588,0.49915
578.19,1128.4,6.6232,0.49963
2325.3,896.81,6.6462,0.49931
1107.6,1119.7,6.6269,0.49955
846,1178.7,6.6221,0.49961
428.61,1157.1,6.62,0.49967
1607.8,1610.2,6.598,0.49974
714.57,295.78,6.6786,0.49918
1763.3,832.22,6.6463,0.49936
463.79,265.29,6.6802,0.4992
677.93,1159.5,6.6219,0.49963
452.8,1103.3,6.6234,0.49965
2622.1,1170.9,6.6338,0.49937
1660.6,1549.2,6.6033,0.4997
1453.3,818.73,6.6453,0.49938
289.03,965.41,6.6286,0.49963
635.86,1056.5,6.6271,0.49959
1862.3,816.9,6.6475,0.49934
1825.2,1289.4,6.621,0.49955
2645.5,777.21,6.6554,0.4992
1464.4,858.68,6.6429,0.4994
529.55,276.02,6.6795,0.4992
1471.8,1154.4,6.6268,0.49953
1697,1482.1,6.6078,0.49966
1221.2,823.76,6.6435,0.49942
1134.8,1170.1,6.6241,0.49957
846.65,1087.2,6.6268,0.49958
846.5,1139.3,6.624,0.4996
1212.2,749.52,6.6478,0.49938
398.08,1150.6,6.6198,0.49968
1770.8,1268.4,6.6219,0.49955
1185.8,1177.1,6.6238,0.49957
2008.9,1257.7,6.6239,0.49951
1604.3,1610.1,6.5977,0.49975
2396.2,1325.6,6.6224,0.49949
1219.4,822.54,6.6434,0.49942
1401,1196,6.6238,0.49956
2477.8,1473.3,6.6136,0.49955
2612.2,1153.2,6.6342,0.49937
449.66,1161,6.6196,0.49968
2611.8,773.76,6.6549,0.49921
2642.9,789.71,6.6547,0.49921
820.03,1081.8,6.6267,0.49958
424.81,1007,6.6277,0.49962
951.19,292.46,6.6801,0.49915
1216.4,1180.1,6.6236,0.49957
1121.6,1122.1,6.6263,0.49956
2780.6,863.41,6.6519,0.49921
2046.9,1202.4,6.6269,0.49949
925.01,264.11,6.6834,0.49913
2625.7,808.82,6.653,0.49922
2254.5,1241.9,6.6262,0.49947
2641,849.25,6.6509,0.49924
399.45,1149.5,6.6196,0.49968
1131.9,1224.4,6.6206,0.4996
1177.7,745.75,6.6475,0.49939
1862.8,1461.8,6.61,0.49963
2167.5,1514.9,6.6082,0.49962
1105.9,1170.3,6.6233,0.49958
1852.3,1572.8,6.602,0.4997
948.73,309.97,6.6779,0.49917
2640.6,833.1,6.6516,0.49923
1471,1269.4,6.6197,0.49958
1468.8,1156.4,6.626,0.49953
1092.5,1117,6.6262,0.49956
1133.7,1222.5,6.6205,0.4996
409.11,1123.2,6.6208,0.49967
431.03,1099.6,6.6226,0.49965
438.62,1157.3,6.6194,0.49968
1213.4,784.14,6.6452,0.4994
1451.1,1256.4,6.6208,0.49958
863.68,1142.4,6.6233,0.4996
598.44,1148.3,6.6211,0.49964
847.21,1153.9,6.6225,0.49961
2789.2,1137.1,6.637,0.49932
2300.1,1243.7,6.626,0.49947
2078.6,1202.3,6.6269,0.49948
1772.6,1253.1,6.6221,0.49954
936.63,318.2,6.6769,0.49918
2056.5,945.91,6.6406,0.49938
1183.6,1214.5,6.621,0.49959
924.63,1226,6.619,0.49963
459.91,1122.2,6.6212,0.49966
902.82,1080.5,6.6272,0.49957
2066.3,919.35,6.642,0.49937
1042.7,1516.3,6.6015,0.49976
1214.5,1178.7,6.6232,0.49957
1170.5,1129.4,6.6258,0.49956
2136.6,1556.7,6.6045,0.49965
1136,1186.5,6.6223,0.49959
862.36,1158.5,6.6223,0.49961
2626.8,826.29,6.6515,0.49924
1372.9,1251.7,6.6205,0.49959
1193.4,1167,6.6243,0.49957
1205.9,1130.2,6.6258,0.49956
912.22,1148.8,6.623,0.4996
714.08,305.52,6.6767,0.4992
679.74,1174.6,6.62,0.49964
326.47,241.71,6.6804,0.49922
298.67,1122.4,6.6193,0.4997
849.47,1087.9,6.6259,0.49958
1188.6,1130.3,6.6255,0.49956
2301.8,1309.9,6.6219,0.4995
1746.7,1253.9,6.6216,0.49955
2619.3,913.43,6.6465,0.49928
678.79,1177.2,6.6198,0.49965
409,1110.7,6.6211,0.49967
2647.4,1139.4,6.6345,0.49936
864.01,1156.5,6.6221,0.49961
1109.6,1231.7,6.6201,0.49961
836,1153,6.6221,0.49961
403.32,1005.7,6.6266,0.49963
1133,1208.1,6.6208,0.4996
2318.7,1203.8,6.6286,0.49945
2094.2,1234.2,6.6248,0.4995
912.19,1467.4,6.6036,0.49975
2257.2,1217.9,6.6267,0.49947
792.87,1574.6,6.5957,0.49982
1399.5,1210,6.622,0.49957
1124.5,1122.5,6.6254,0.49956
385.39,1001.6,6.6265,0.49963
1397.7,1212.1,6.6219,0.49957
923.76,293.49,6.6791,0.49916
1992.4,584.32,6.6606,0.49923
850.13,1115.7,6.6241,0.4996
798.16,309.25,6.6763,0.49919
1818.5,1279.3,6.6207,0.49955
1125.6,452.41,6.6654,0.49925
386.48,1002.7,6.6263,0.49963
2434,892.78,6.6456,0.49931
2781.1,1136.8,6.6362,0.49933
602.11,1055.5,6.6255,0.49961
1452.7,756.75,6.6473,0.49937
408.19,1079.9,6.6224,0.49966
589.05,1105.7,6.6226,0.49963
1134.3,1189.6,6.6216,0.49959
2414.5,1226.1,6.6271,0.49945
1374.1,1149.1,6.6251,0.49955
842.21,1205.4,6.6196,0.49963
693.02,303.28,6.6763,0.4992
1451.2,1154.7,6.6252,0.49954
1393.5,1246.4,6.6197,0.49959
1095.3,733.41,6.6466,0.4994
446.48,1046.8,6.6244,0.49964
679.47,1121.1,6.6223,0.49963
1119.7,1173.2,6.6222,0.49959
667.89,1067.6,6.6251,0.49961
2123.1,902.66,6.6425,0.49936
1395.5,1244.3,6.6197,0.49959
1809.1,1272.9,6.6203,0.49956
2281.6,981.66,6.6393,0.49937
928.32,1099.4,6.6251,0.49958
834.45,1504.9,6.6,0.49979
2603.1,1267.6,6.6266,0.49943
1106.1,1121.6,6.6249,0.49957
655.36,1159,6.62,0.49965
1619.6,1566.7,6.6001,0.49973
2481.1,1506.2,6.6099,0.49958
925.87,1100.7,6.6249,0.49958
2097.6,861.74,6.6446,0.49934
1618.2,1569.2,6.5998,0.49973
640.7,1169.8,6.6192,0.49965
396.06,1033.3,6.6245,0.49964
1388.5,1151,6.6248,0.49955
1857.8,918.02,6.64,0.4994
927.9,1126.5,6.6236,0.49959
1486.7,794.34,6.645,0.49938
2805.7,870.11,6.6506,0.49921
445.86,1018.5,6.6257,0.49963
912.29,1189.1,6.6199,0.49962
934.68,1104.7,6.6246,0.49959
578.22,1188.2,6.6177,0.49967
835.51,1491.7,6.6009,0.49978
1761.5,1286.1,6.6189,0.49957
460.28,1093.4,6.6218,0.49966
2777.9,760.59,6.6565,0.49917
391.45,1147.8,6.6183,0.49969
2652.2,877.17,6.648,0.49926
2019.5,1246.7,6.6235,0.49952
2066.6,907.72,6.6417,0.49937
422.2,1011.6,6.6261,0.49963
650.85,1685.7,6.5851,0.49992
922.1,296.28,6.6781,0.49917
1773.8,1239.3,6.6218,0.49955
1117.7,1210.2,6.6198,0.49961
1775.9,1237.2,6.6218,0.49955
602.47,1177.1,6.6184,0.49967
1400.8,852.22,6.641,0.49942
2640.1,819.41,6.6509,0.49924
2201.7,1497.7,6.6081,0.49962
655.31,1131.1,6.6212,0.49964
665.94,1092.2,6.6234,0.49962
1487.2,827.42,6.6429,0.4994
1320.9,1653.2,6.5908,0.49982
1407.3,791.65,6.644,0.4994
1761.7,1481.8,6.6062,0.49967
1186.5,1130.5,6.6245,0.49957
410.78,1128.3,6.6193,0.49968
2434.2,915.01,6.6437,0.49932
1200.2,1181.4,6.6217,0.49959
934.91,1087.9,6.6257,0.49958
780.95,1683.2,6.5857,0.4999
615.92,1572.9,6.594,0.49986
2009.7,1552.2,6.6026,0.49968
932.41,1104.2,6.6243,0.49959
913.93,1099.9,6.6245,0.49959
2113.9,842.45,6.646,0.49933
2326.2,990.1,6.6387,0.49937
664.91,1119.5,6.6217,0.49963
1870,892.21,6.6411,0.49939
591.7,1149.4,6.6196,0.49966
1398.3,854.18,6.6406,0.49943
2784.2,1144.9,6.6354,0.49933
784.59,1682.5,6.5858,0.4999
679.76,1160.6,6.6196,0.49965
478.4,269.51,6.6775,0.49922
2043.3,917.98,6.6406,0.49938
1311,1650.2,6.5913,0.49982
2628.3,843.02,6.6493,0.49925
267.28,956.25,6.6266,0.49965
854.92,1094.1,6.6243,0.49959
305.61,972.09,6.6262,0.49965
820.74,1139.5,6.6216,0.49962
655.25,1118.3,6.6216,0.49963
841.03,1463.7,6.6023,0.49977
2786.1,1104.7,6.6374,0.49932
665.55,1133.1,6.6208,0.49964
2468.7,1521.9,6.6081,0.49959
666.42,1174.5,6.6186,0.49966
924.56,1203.9,6.6186,0.49963
383.99,1149.6,6.6175,0.4997
1469.7,1227.4,6.6206,0.49958
307.03,975.73,6.6259,0.49965
641.33,1157.7,6.6193,0.49965
940.63,1169.6,6.6207,0.49962
1384.3,1197.4,6.6215,0.49958
821.62,1504.4,6.5993,0.49979
2269.5,1256.1,6.623,0.4995
445.59,1020.4,6.625,0.49963
2301.6,957.66,6.6397,0.49936
1214.2,1218.6,6.6194,0.4996
440.71,1076.1,6.622,0.49966
818.54,1574.6,6.5948,0.49983
460.5,1096.9,6.6211,0.49966
1371.3,746.19,6.6465,0.49938
2031.2,1271.5,6.6208,0.49953
2066,859.09,6.6437,0.49935
2325.5,959.84,6.6401,0.49936
894.2,309.56,6.676,0.49919
857.68,1095.2,6.624,0.4996
864.06,1143,6.6215,0.49961
2799.9,1108.2,6.6371,0.49932
2069,1568.3,6.6015,0.49968
1197.6,1217.6,6.6193,0.49961
1463.4,1203.8,6.6215,0.49957
681.21,1135.9,6.6206,0.49964
856.15,330.62,6.6734,0.49921
1104.7,1209.8,6.6192,0.49961
1407.7,817.14,6.6425,0.49941
653.5,297.75,6.6756,0.49921
941.57,1192.9,6.6192,0.49963
394.92,1006.6,6.6251,0.49964
1189.8,1229,6.6193,0.49961
1391.3,1150.8,6.624,0.49956
2610.7,1152.1,6.632,0.49939
1787.6,910.34,6.6392,0.49941
1106.4,1186.2,6.6204,0.4996
1775.9,1223.9,6.622,0.49954
2634.3,1165.5,6.6315,0.49939
912.78,1202.9,6.6183,0.49964
1370.2,1196.5,6.6213,0.49958
1457.3,1249.5,6.6187,0.49959
640.65,1116.1,6.6213,0.49964
2097.6,860.12,6.6438,0.49935
443.33,1121.1,6.6193,0.49968
285.71,964.24,6.626,0.49965
895.03,1094.7,6.6245,0.49959
268.9,960.11,6.6259,0.49966
942.62,1154.5,6.6212,0.49961
593.01,1163.1,6.6183,0.49967
1868,861.07,6.642,0.49938
925.81,1166,6.6204,0.49962
685.22,1500.8,6.5984,0.49981
1129.7,708.03,6.6471,0.49939
657.26,1173.5,6.6182,0.49966
1130.6,749.23,6.6442,0.49942
2029.1,1269.1,6.6203,0.49954
2424.2,1240.5,6.6251,0.49947
391.47,1063.7,6.6218,0.49967
1366.4,1231.1,6.6191,0.4996
2061.2,1286.7,6.6198,0.49954
409.77,1084.5,6.6209,0.49967
2020.8,1203.1,6.6243,0.49951
1813.9,1260.2,6.6198,0.49956
434.84,1622.4,6.5878,0.49993
2643,867.94,6.6475,0.49926
461.27,1081.5,6.6215,0.49966
913.93,1164.7,6.6203,0.49962
1383,1210.5,6.6203,0.49958
431.38,262.49,6.6773,0.49923
1756.5,1182.8,6.6239,0.49953
314.18,1125.9,6.6177,0.49971
2423.1,900.61,6.6436,0.49932
1833.1,1291.7,6.6181,0.49957
2036.7,1243.1,6.6221,0.49952
464.09,1138.6,6.6184,0.49968
301.53,978.81,6.6252,0.49966
315.44,1129,6.6174,0.49971
1449,1203.1,6.6211,0.49957
2798.8,1113.8,6.6361,0.49933
1383.8,1265.2,6.617,0.49961
1380.4,1232.2,6.619,0.4996
666.95,1162.4,6.6186,0.49966
1120,1187.7,6.6201,0.49961
912.17,1126.7,6.6223,0.49961
592.05,1121.6,6.6203,0.49965
2629.2,865.25,6.6474,0.49927
1398.7,838.59,6.6407,0.49942
432.25,1131.6,6.6183,0.49969
912.72,1099.7,6.6237,0.49959
2453.2,1482.5,6.6101,0.49958
926.95,1127.1,6.6222,0.4996
380.54,1060.6,6.6216,0.49967
615.86,1125.8,6.6202,0.49965
836.74,1158,6.62,0.49963
1379.2,1244.6,6.6182,0.4996
2325.2,964.11,6.6392,0.49937
2276.2,644.96,6.6568,0.49923
1481.2,867.46,6.6394,0.49943
1856.4,799.88,6.6459,0.49935
1384.2,854.03,6.6396,0.49943
822.99,1138.2,6.6209,0.49962
1758.1,1256.4,6.6194,0.49957
2421.8,1012.7,6.6372,0.49937
896.87,1189,6.6185,0.49964
469.63,1503.2,6.5964,0.49985
836.6,1197.5,6.6177,0.49965
1117.5,1224.1,6.6178,0.49962
2299.6,988.15,6.6375,0.49938
851.64,1198.9,6.6177,0.49965
1847.1,1455.4,6.6077,0.49965
292.75,235.58,6.6784,0.49924
1706.5,1546.9,6.6009,0.49971
411.66,1110.9,6.619,0.49968
1826.8,1261,6.6194,0.49956
822.34,1493.8,6.5991,0.49979
2281.4,978.83,6.6379,0.49938
1212.6,1217.1,6.6187,0.49961
836.22,1117.2,6.622,0.49961
1633.1,1571.6,6.5979,0.49974
397.12,1007,6.6244,0.49965
300.47,974.02,6.625,0.49966
634.01,295.77,6.6748,0.49922
610.38,1581.1,6.5916,0.49988
642.25,1130.7,6.6198,0.49965
711.22,307.74,6.6742,0.49922
1210.7,1137.4,6.6229,0.49958
432.74,1115.8,6.6189,0.49968
1749.8,1224.6,6.621,0.49955
615.5,1128.8,6.6197,0.49965
822.27,1154.4,6.6197,0.49963
2651,830.7,6.649,0.49925
406.45,1152.4,6.6167,0.4997
1211.4,1234.5,6.6175,0.49962
602.04,1082.4,6.6221,0.49964
2300.1,1222.9,6.6245,0.49948
1039.2,1514.4,6.5988,0.49978
2033.6,1254.7,6.6208,0.49953
1172.2,1177.9,6.6205,0.4996
926.04,1192.4,6.6182,0.49964
300.23,1122,6.6171,0.49972
2261.7,1282.7,6.6204,0.49952
1442.6,1517,6.601,0.49973
1461.5,1270.7,6.6165,0.49961
402.16,1124.6,6.6179,0.4997
681.72,1139.8,6.6195,0.49965
2433.2,1008.2,6.6371,0.49937
674.03,1500.1,6.5976,0.49982
1141,799.79,6.6409,0.49944
643.03,1115,6.6205,0.49964
1773.3,1600.4,6.596,0.49975
838.75,1116.5,6.6217,0.49962
604.14,1150.1,6.6183,0.49967
851.89,1182.1,6.6182,0.49964
926.99,1154,6.6202,0.49962
393.61,1078.4,6.6202,0.49968
292.5,968.65,6.625,0.49966
1461.8,1217,6.6197,0.49958
876.53,1491.8,6.5996,0.49979
2800.9,761.24,6.6548,0.49918
1414.5,844.52,6.6399,0.49943
1839.6,1190.5,6.6232,0.49953
852.62,1160.3,6.6194,0.49963
430.98,1621.7,6.587,0.49993
317.53,1131.2,6.6165,0.49972
941.79,1152.9,6.6204,0.49962
381.97,1058.8,6.6212,0.49967
1395,1231.8,6.6185,0.4996
2640.4,804.88,6.6501,0.49924
2341.2,962.76,6.6389,0.49937
395.2,1110,6.6185,0.49969
383.92,1106.8,6.6185,0.49969
461.1,1502.4,6.5959,0.49986
1857.2,904.22,6.6395,0.4994
2310.7,1247.9,6.6229,0.49949
1836.6,818.99,6.6436,0.49937
2295.5,1246.3,6.6229,0.4995
1799.7,817.6,6.6433,0.49938
400.76,1012.3,6.6237,0.49965
1223.6,800.17,6.6411,0.49943
1130.9,1129.6,6.6225,0.49959
2454,915.19,6.6424,0.49933
622.43,1581.1,6.5912,0.49988
1132.6,781.65,6.6413,0.49944
431.56,1072.5,6.6208,0.49967
943.79,1169.1,6.6192,0.49963
2627.2,1258.1,6.6253,0.49944
1365.3,1244.1,6.6174,0.49961
896.57,293.08,6.6765,0.49918
2642.5,751.65,6.6533,0.49922
314.65,240.09,6.6776,0.49924
2102,929.36,6.6388,0.49939
941.34,1192.2,6.618,0.49964
387.73,1090.7,6.6197,0.49968
2057.1,922.78,6.6388,0.49939
1444.7,1237.6,6.6181,0.4996
281.49,233.4,6.6779,0.49925
433.07,1119.5,6.6181,0.49969
298.18,1034.2,6.6212,0.49969
1755.3,1268.4,6.618,0.49958
446.25,1135.7,6.6174,0.49969
431.34,1621.5,6.5868,0.49994
308.43,1128.6,6.6163,0.49972
1747.4,1237,6.6197,0.49956
1741.5,1267.5,6.6179,0.49958
2326.4,980.36,6.6374,0.49938
1372,1150.7,6.6226,0.49957
2281.8,972.53,6.6375,0.49938
1203.8,1181.4,6.62,0.4996
1481.5,838.4,6.6402,0.49942
444.07,1091.8,6.6196,0.49968
382.91,1075.9,6.6198,0.49968
856.22,1223.4,6.6154,0.49966
1769.8,1185,6.6227,0.49954
1458.8,1238.5,6.618,0.4996
458.83,1167.9,6.6155,0.49971
852.92,1143.2,6.6199,0.49963
2788.5,1240.7,6.6278,0.49939
1815.5,1479.4,6.6052,0.49967
2651.9,846.98,6.6475,0.49926
2017.9,494.12,6.6643,0.4992
310.87,1128.7,6.6161,0.49973
1763.2,1226,6.6203,0.49956
391.96,1034.3,6.6221,0.49966
1091.2,1173,6.6196,0.49961
1197.4,1231.6,6.6169,0.49962
2636.7,750.04,6.6528,0.49922
776.33,317.84,6.6728,0.49922
2407.2,1245.3,6.6233,0.49948
637.91,287.51,6.6747,0.49922
667.4,1094.2,6.6212,0.49964
2281.6,974.85,6.6372,0.49939
598,289.82,6.6744,0.49923
2616.2,805.67,6.6494,0.49925
645.12,1157.2,6.6177,0.49967
1797.7,850.92,6.6407,0.4994
2651.3,833.27,6.6481,0.49926
452.33,1026.9,6.623,0.49965
2645.6,1137.8,6.6316,0.49939
1202.5,1253.8,6.6155,0.49964
1416.8,843.21,6.6393,0.49943
2124,919.96,6.639,0.49938
2032.3,1204.7,6.6229,0.49952
2797.8,1135.8,6.6338,0.49934
2617,820.85,6.6484,0.49926
1760.9,1238,6.6194,0.49957
1000.3,1554.8,6.5954,0.49981
2080,1480.1,6.6061,0.49965
2130.7,1545.9,6.6019,0.49967
2631,893.02,6.6445,0.49929
1092.9,1170.8,6.6196,0.49961
385.78,1121,6.6172,0.4997
953.78,279.58,6.6776,0.49917
2030.6,1257.1,6.6199,0.49954
562.89,276.13,6.6752,0.49923
1011.6,1514.8,6.5981,0.49979
2791.8,733.6,6.6553,0.49918
657.6,1092.7,6.621,0.49964
2411.9,1312.9,6.6194,0.49951
931.29,1231.6,6.6151,0.49966
385.61,1104.9,6.618,0.4997
2012.8,506.36,6.6634,0.4992
1412.2,758.33,6.644,0.4994
2600.2,947.24,6.6412,0.49932
895.19,1223.9,6.6154,0.49966
598.95,1570.9,6.5918,0.49987
1781.4,466.84,6.6649,0.49921
1193.4,828.14,6.6387,0.49945
2064.8,948.64,6.6366,0.49941
894.89,1493.3,6.5985,0.49979
2215.1,1618.1,6.5971,0.49971
301.41,976.7,6.6237,0.49967
1913.6,1449.4,6.6075,0.49965
581.74,1163,6.6165,0.49968
656.07,1094,6.6209,0.49964
2565.4,1303,6.6212,0.49948
579.68,1107.6,6.6195,0.49966
384.54,1079.3,6.6192,0.49969
824.24,1487.9,6.5984,0.4998
603.18,1111.7,6.6194,0.49966
2624.4,759.3,6.6517,0.49923
1182.8,376.54,6.6692,0.49922
581.23,1149.9,6.6172,0.49968
2057.2,937.07,6.6374,0.4994
1105.5,1224.1,6.6164,0.49964
303.18,973.52,6.6239,0.49967
466.39,1143.4,6.6166,0.4997
242.05,224.32,6.6778,0.49926
2125.8,846.28,6.6434,0.49935
2050.5,909.32,6.6395,0.49939
1496.3,772.5,6.6434,0.4994
2088.5,924.08,6.6379,0.4994
408.62,1157.2,6.6151,0.49972
755.09,315.38,6.6724,0.49923
1571.9,1619.7,6.5927,0.49979
1666.8,1503.6,6.602,0.49971
451.95,1020.3,6.6231,0.49965
646.56,1176.4,6.6162,0.49968
390.02,1037.3,6.6215,0.49967
910.31,1493.6,6.5985,0.49979
397.73,1124.4,6.6168,0.4997
2091.1,1247.1,6.6204,0.49953
2123.6,947.04,6.6371,0.4994
1825.1,1190,6.6221,0.49954
942.24,1210.4,6.6161,0.49965
2636.7,1146.3,6.6303,0.4994
2645.5,1087.2,6.6344,0.49937
861.18,1549.7,6.5946,0.49983
403.66,1113,6.6174,0.4997
2623.7,743.29,6.6524,0.49923
2112.6,913.7,6.6395,0.49938
314.46,1040.7,6.6202,0.49969
1822.9,1273,6.6173,0.49958
2005.6,1271.2,6.6184,0.49956
2102.4,903.84,6.6393,0.49938
1369.3,1210.9,6.6184,0.4996
1171.4,1181.2,6.619,0.49961
1809.5,1272.3,6.6172,0.49958
1818.1,1230.5,6.6197,0.49956
295.43,1061.3,6.6193,0.4997
1490.6,864.75,6.6381,0.49944
835.17,1489.9,6.5984,0.4998
823.81,1182.2,6.6168,0.49966
734.43,312.47,6.6724,0.49923
2794.9,763.29,6.6535,0.49919
1447.8,1216.7,6.6184,0.4996
1494.3,771.13,6.6433,0.4994
2393.9,1248.6,6.6224,0.49949
454.25,1125.3,6.6171,0.49969
1114.5,1163.4,6.6202,0.49961
616.95,293.42,6.6734,0.49923
302.22,1081.9,6.6178,0.49971
1388.1,405.36,6.6674,0.49922
1071.8,436.98,6.6627,0.49928
2337.4,889.63,6.6421,0.49934
2102.4,868.48,6.6411,0.49937
1375.8,816.32,6.6401,0.49943
2325.9,940.25,6.6387,0.49937
1459.2,1253.2,6.6164,0.49961
305.44,1008.7,6.6218,0.49968
1799.1,882.54,6.6382,0.49942
2650.1,802.34,6.6491,0.49925
460.47,1111.5,6.6182,0.49968
1792.3,1256.5,6.6176,0.49958
2650.9,816.09,6.6483,0.49926
1548,1637.7,6.5907,0.49981
604.57,1125.6,6.6182,0.49967
304.14,1005.7,6.6218,0.49968
580.98,1121.6,6.6183,0.49967
2115.4,919.64,6.6383,0.49939
1870.9,830.77,6.6417,0.49938
300.65,1049,6.6194,0.4997
1138.3,715.69,6.6444,0.49941
317.32,1087.1,6.6176,0.49971
593.69,1081.7,6.6205,0.49965
1183.4,1215.8,6.6169,0.49963
2088.3,1241.8,6.6206,0.49953
2122.6,957.45,6.636,0.49941
1214.4,1233.5,6.616,0.49963
296.23,1121.8,6.6155,0.49973
907.93,1506,6.5972,0.4998
898.53,286.96,6.676,0.49919
495.41,265.69,6.6751,0.49923
2629,837.24,6.6469,0.49927
413.4,1109.9,6.6175,0.4997
2653,864.16,6.6456,0.49928
1141.8,804.25,6.6392,0.49945
1780.1,1480.7,6.6035,0.49969
627.94,1498,6.596,0.49984
1184.6,1231.2,6.6159,0.49963
2011.2,1242.5,6.6198,0.49954
1932.8,493.01,6.6632,0.49921
1220.9,729.5,6.6439,0.49941
1208.9,831.29,6.6379,0.49946
2652.9,866.22,6.6453,0.49928
1652.8,1503.4,6.6014,0.49971
1815.6,1242.5,6.6186,0.49957
425.61,1498.1,6.5945,0.49988
2785.6,857.88,6.6479,0.49924
278.88,1072.6,6.6177,0.49972
2620.3,1143.2,6.6301,0.4994
1731.9,1253.7,6.6175,0.49958
2294.6,1306,6.618,0.49953
920.54,1140.9,6.6199,0.49962
2124.2,934.42,6.6372,0.4994
1101.2,804.28,6.6389,0.49946
2627.3,1265.4,6.6232,0.49946
1329,1635.1,6.5891,0.49983
1419.6,1552.4,6.5968,0.49977
737.11,303.73,6.6725,0.49923
2403.9,1318.7,6.6179,0.49952
1122.4,1211.3,6.6165,0.49963
455.87,1138.8,6.6159,0.4997
303.84,1095.7,6.6166,0.49972
279.92,1086.2,6.6168,0.49973
1313.6,1650.3,6.588,0.49984
840.38,1490.9,6.5976,0.4998
1090,1210.6,6.6163,0.49964
913.78,1480.1,6.5987,0.49979
2644.2,886.11,6.644,0.49929
1216.1,1201,6.6176,0.49962
312.15,1070.1,6.6184,0.49971
1451.4,1248.9,6.6167,0.49961
2082,1265.9,6.6187,0.49955
2301.9,934.26,6.638,0.49938
897.4,304.7,6.6737,0.4992
2630.7,1284.8,6.6221,0.49947
2058.9,1272.1,6.6181,0.49955
826.55,1159.1,6.6176,0.49965
2650.6,800.86,6.6487,0.49925
616.78,1497.4,6.5956,0.49984
851.62,1494.3,6.5972,0.49981
2406.2,1321.6,6.6174,0.49953
1091.7,1187.4,6.6175,0.49963
2643,831.79,6.647,0.49927
2779.4,1141.1,6.6321,0.49936
2642.3,1160.2,6.629,0.49941
2427.4,1203.1,6.6246,0.49947
316.42,1055.1,6.6188,0.4997
1828.8,1243.4,6.6183,0.49957
1330.1,1650.2,6.588,0.49984
1352.5,1229.4,6.6166,0.49962
279.8,1089,6.6165,0.49973
952.45,281.09,6.6763,0.49918
2643.8,858.62,6.6454,0.49928
604.18,1084,6.6199,0.49965
1107.4,1174.1,6.6183,0.49962
891.77,1491.6,6.5978,0.4998
979.65,338.33,6.6702,0.49922
2640.4,780.12,6.6495,0.49925
1018,1545.1,6.5947,0.49981
2115.7,906.8,6.6384,0.49939
280.88,234.14,6.6762,0.49926
2108.8,899.67,6.6391,0.49939
2423.6,924.52,6.6396,0.49935
303.12,238.22,6.6759,0.49926
673.45,1180.4,6.6152,0.49968
899.04,308.85,6.6732,0.49921
901.13,1206.4,6.6152,0.49966
306.2,1038.4,6.6194,0.4997
2611.7,1099.4,6.6325,0.49939
444.6,1049.9,6.6203,0.49967
2058.3,898.38,6.6384,0.4994
1218,1198.8,6.6174,0.49962
900.22,1204.3,6.6152,0.49966
2683.9,399.5,6.6754,0.49904
1207,1162.1,6.6194,0.4996
2057.9,911.39,6.6377,0.4994
2257.5,1276.7,6.619,0.49953
2779.9,802.99,6.65,0.49922
945.17,1208.8,6.6152,0.49966
852.66,1488.2,6.5974,0.49981
453.75,1082.2,6.6186,0.49968
2431.4,1213,6.624,0.49947
298.16,1120,6.615,0.49974
1466.2,1204.3,6.6183,0.49959
901.21,1153,6.618,0.49964
2165.5,1549.8,6.6005,0.49968
1125.3,1175.5,6.6181,0.49962
292.24,1029.8,6.6196,0.4997
1383.9,856.1,6.6369,0.49946
2637.1,736.07,6.6519,0.49923
1720.2,1502.4,6.6012,0.49971
374.1,252.84,6.6749,0.49925
2147.9,1518.1,6.6022,0.49967
2777.2,1238.4,6.6262,0.49941
1830.7,1232,6.6186,0.49957
673.1,1139.8,6.6172,0.49967
906.46,1491.7,6.5976,0.4998
2806,1113,6.6336,0.49934
2023.1,1243.4,6.6191,0.49955
436.19,1094.3,6.6177,0.49969
1092.2,1208.4,6.616,0.49964
1353.1,1633.7,6.5888,0.49983
1950.9,499.74,6.6617,0.49922
888.55,1466.4,6.599,0.49979
897.12,316.76,6.6719,0.49922
312.64,1129.2,6.6145,0.49974
653.58,300.66,6.672,0.49924
1743.6,1239.6,6.6177,0.49958
1479,1207.5,6.618,0.4996
2786.7,1151.8,6.6306,0.49937
2685.1,401.03,6.6751,0.49904
2607,1243.2,6.6235,0.49946
418.63,1497.9,6.5937,0.49988
2253.7,1250.9,6.6204,0.49952
1443.1,1250.5,6.6153,0.49962
585.68,1167,6.6149,0.49969
1764.9,451.85,6.6642,0.49922
454.92,1096,6.6176,0.49969
907.47,268.1,6.677,0.49918
1767.2,875.39,6.6378,0.49942
2258.9,1271.1,6.6189,0.49953
661.76,1179.3,6.6147,0.49969
827.54,1198.8,6.6148,0.49967
1870,803.41,6.6429,0.49938
2554.9,612.33,6.658,0.49919
1354.2,1633.7,6.5886,0.49984
2598.9,1219.7,6.6246,0.49945
827.14,1180.8,6.6157,0.49966
662.18,1518.9,6.5945,0.49985
295.02,1079.6,6.6166,0.49972
295.26,1076.6,6.6168,0.49972
2064.8,1243.9,6.6191,0.49955
319.59,1104.4,6.6156,0.49973
1771.4,899.11,6.6363,0.49943
349.74,247.62,6.6748,0.49926
2096.2,918.15,6.6371,0.4994
2163.1,537.72,6.6603,0.49922
446.92,265.98,6.6737,0.49925
2115.5,947.44,6.6356,0.49941
2591,1269.7,6.6218,0.49947
596.39,1127.6,6.6169,0.49968
1385.6,758.41,6.642,0.49942
2301.1,938.96,6.6373,0.49938
2790.4,684.18,6.6562,0.49917
2077.9,1258.1,6.6181,0.49955
932.66,1171.9,6.6167,0.49965
1021.7,1535.2,6.595,0.49981
292.7,1033.3,6.6189,0.49971
583.67,1106.7,6.6179,0.49967
436.08,1091.9,6.6173,0.49969
2623.1,1224.6,6.6244,0.49945
1759.2,1255.5,6.6165,0.49959
2623.2,811.26,6.6474,0.49927
1210.5,729.45,6.6427,0.49942
2345.7,969.39,6.6355,0.49939
657.46,291.69,6.6722,0.49924
298.16,1125.7,6.614,0.49974
584.67,1125.6,6.6168,0.49968
2116.2,893.88,6.6383,0.49939
298.25,1006.6,6.6204,0.49969
2790.9,1081.3,6.6341,0.49934
1094.4,1190.7,6.6165,0.49964
610.17,1568.2,6.5905,0.49988
1188.3,1161.2,6.6186,0.49961
2604.3,1097.5,6.6311,0.4994
2408.4,1289.9,6.6185,0.49952
1842.9,1232.5,6.6181,0.49957
2411.2,1335.8,6.6159,0.49954
2612.5,1217.3,6.6242,0.49945
1942.6,482.46,6.6624,0.49922
297.17,1096.4,6.6155,0.49973
325.67,908.89,6.6258,0.49965
2298.3,1253.3,6.6201,0.49952
407.71,1111.9,6.6158,0.49971
685.94,1187,6.6141,0.49969
585.75,1149.1,6.6154,0.49969
1204.9,1161.6,6.6185,0.49961
1128.3,1155.2,6.6185,0.49962
1363.5,1247.4,6.6146,0.49963
917.31,1170.4,6.6164,0.49965
1435.9,1201.9,6.6175,0.4996
560.39,285.67,6.6722,0.49925
2448.1,983.73,6.6356,0.49938
810.96,1488.6,6.5966,0.49982
2256.7,1284.5,6.6175,0.49954
1800,878.58,6.6373,0.49942
294.65,1050,6.6178,0.49972
294,1047.3,6.6179,0.49971
827.02,1196.6,6.6143,0.49967
1382.3,1248.7,6.6146,0.49963
2086.8,1258.3,6.6179,0.49955
902.36,1466.4,6.5984,0.49979
2415.7,1259.1,6.6202,0.49951
2635.2,1126.4,6.6297,0.4994
441.68,1106.8,6.6167,0.4997
821.4,326.15,6.6698,0.49924
1484.4,826.5,6.6383,0.49944
320.92,1102.1,6.6153,0.49973
1434,1204.2,6.6173,0.4996
895.75,1505.1,6.5957,0.49982
1166.9,1249,6.6134,0.49965
1057.1,349.85,6.6686,0.49923
2619,838.55,6.6451,0.49929
1419.1,832.76,6.6375,0.49945
2263.2,1258.5,6.619,0.49953
1162.8,1178.7,6.6169,0.49963
2080,1246.7,6.6185,0.49955
2089.9,899.3,6.6373,0.4994
296.79,1093.6,6.6154,0.49973
1958.7,499.08,6.6614,0.49922
826.63,1580.5,6.5897,0.49987
1109.5,1153.4,6.6183,0.49962
1464.5,1220.9,6.6165,0.49961
1458.2,1194.8,6.6184,0.4996
2650.1,889.69,6.6429,0.4993
2345.2,914.31,6.6384,0.49937
1836.4,1262.4,6.616,0.49959
409.11,1130.3,6.6146,0.49972
924.78,1490.1,6.5967,0.4998
1797.6,1226.3,6.6176,0.49958
1357.2,1195.7,6.6173,0.49961
2782.7,850.71,6.6464,0.49925
1102.6,709.13,6.6429,0.49943
1478.2,1164.3,6.6195,0.49959
1426.3,1266.3,6.6137,0.49963
2061.5,1259.2,6.6175,0.49956
1824.9,1290.9,6.6141,0.4996
1737.3,1223,6.6177,0.49958
474.46,1493.3,6.5942,0.49987
1388.1,1198.8,6.6172,0.49961
305.88,1099.6,6.6151,0.49973
2618,1252.4,6.6223,0.49947
2624.9,1210.2,6.6247,0.49945
932.55,1193,6.615,0.49966
2141.3,1495.2,6.6032,0.49966
1386.7,1215.1,6.6162,0.49962
1125.9,1193.2,6.616,0.49964
2059.2,1265.9,6.6172,0.49956
2178.5,1507.3,6.6025,0.49967
2146,908.2,6.6369,0.4994
1483.6,773.41,6.641,0.49942
1160.4,1214.7,6.6147,0.49965
348.33,1473.8,6.5938,0.49989
2658.1,867.41,6.6433,0.49929
645.57,1527.1,6.5923,0.49987
847.38,1133.1,6.6183,0.49964
1775.8,913.39,6.6347,0.49944
1501.2,875.3,6.6353,0.49946
2015.8,1271.6,6.6163,0.49957
2084.7,1474.1,6.6041,0.49966
2237,539.1,6.6596,0.49921
318.5,1059.2,6.6172,0.49971
1688.9,1542.8,6.5973,0.49974
735.15,314.24,6.6701,0.49925
2584,1590,6.5993,0.49965
2300.6,964.42,6.6351,0.4994
1833.2,1253.2,6.6165,0.49958
932.63,1210,6.6139,0.49967
467.61,1106.1,6.6164,0.4997
2641,1131.5,6.6294,0.49941
547.44,274.9,6.6725,0.49925
2661.8,915.97,6.641,0.49931
2602.7,1259.6,6.6216,0.49947
1123.2,1228.9,6.6139,0.49965
902.96,1167,6.616,0.49966
2566.2,1597.7,6.5987,0.49966
2631.8,878.27,6.6426,0.4993
1185.1,723.33,6.6423,0.49943
2251.9,1214.5,6.6212,0.49951
610.21,1129.7,6.6161,0.49968
905.28,1505.3,6.5955,0.49982
2007.2,1254,6.6171,0.49957
1226.4,790.32,6.6384,0.49945
2779.3,772.06,6.6503,0.49922
2072.7,1274.7,6.6163,0.49957
1858,468.13,6.6623,0.49922
278.61,1024.7,6.6184,0.49971
2116,934.92,6.6353,0.49941
1486.4,772.8,6.6408,0.49942
2052.9,1242.2,6.6177,0.49956
1730.7,1501.2,6.6,0.49972
438.22,1071.9,6.6177,0.49969
417.6,261.05,6.673,0.49926
2759.7,1260,6.6235,0.49943
667.26,1109.9,6.6181,0.49966
440.47,1115.8,6.6154,0.49971
1126.5,1154.3,6.6178,0.49962
406.6,1084.2,6.6166,0.4997
1839,907.31,6.6351,0.49944
2433.9,990.2,6.6345,0.49939
1355.8,1198.3,6.6166,0.49962
1926.4,1455.5,6.6042,0.49967
2203.3,1491.7,6.6035,0.49966
1468.8,771.75,6.6407,0.49942
1672.8,438.08,6.6636,0.49923
904.88,1151.4,6.6167,0.49965
419.29,1137.7,6.6139,0.49972
2620,1238.1,6.6227,0.49946
405.93,1070.9,6.6172,0.4997
309.82,1053.4,6.617,0.49972
389.11,1058.9,6.6178,0.4997
934.42,1155.1,6.6166,0.49965
279.74,1028,6.618,0.49972
1431.4,1235.7,6.6149,0.49962
1368.3,1214,6.6157,0.49962
1715.3,538.54,6.6562,0.49928
1665.3,1515.4,6.5985,0.49974
1764.9,1225,6.6172,0.49958
2644.3,812.83,6.6459,0.49928
2448.9,967.45,6.6357,0.49938
309.59,1037.3,6.6179,0.49971
2300.9,1284.1,6.6167,0.49954
891.97,1504.8,6.5952,0.49982
1355.9,1213.3,6.6157,0.49962
2105.3,1542.9,6.5989,0.4997
2604.1,1175.1,6.6259,0.49944
2452.3,1004.5,6.6334,0.4994
439.49,1157.5,6.6129,0.49973
2790.1,804.22,6.648,0.49923
1495.7,870.6,6.6347,0.49946
337.78,245.41,6.6737,0.49927
457.92,1081.1,6.617,0.49969
2145.9,935.24,6.6348,0.49942
2250.3,1296.5,6.6159,0.49955
1202.5,1235.5,6.6135,0.49965
2281.2,1284.3,6.6169,0.49954
311.88,1086.3,6.6152,0.49973
2593,1246.1,6.6217,0.49947
1811,1244.8,6.6162,0.49959
2636.7,1170,6.6268,0.49943
2821.6,899.64,6.6437,0.49926
398.71,1067.4,6.6172,0.4997
686.74,1162,6.6146,0.49969
511.11,277.4,6.6717,0.49926
2641.2,1160.3,6.627,0.49942
2648.9,746.1,6.6497,0.49925
676.55,1164.2,6.6142,0.49969
2646.6,843.15,6.644,0.49929
825.26,1488.6,6.5957,0.49982
2290.6,948.7,6.6359,0.4994
2774.8,1177.4,6.6279,0.4994
2078.2,522.11,6.6595,0.49923
1752.6,1229.4,6.6173,0.49958
613.59,1517.7,6.5931,0.49986
417.11,261.96,6.6725,0.49927
621.5,1136.6,6.6154,0.49969
833.66,1461.8,6.5973,0.49981
304.66,1054.2,6.6167,0.49972
1805,1230.3,6.6168,0.49958
1420.9,1234.6,6.6142,0.49963
2019.3,1254.6,6.6167,0.49957
1414.6,493.98,6.6575,0.49929
1229,789.03,6.638,0.49946
460.51,1125.2,6.6145,0.49971
1448,1204,6.6164,0.49961
1474.9,1240.8,6.6144,0.49963
1802.5,1242.3,6.616,0.49959
1210.5,732.23,6.6411,0.49943
400.44,1085.3,6.616,0.49971
925.05,1495.2,6.5954,0.49981
2786,1236.5,6.6246,0.49942
606.64,1515.4,6.5928,0.49987
2237,1275.7,6.6169,0.49955
2129.9,1532.7,6.5992,0.4997
2130.4,1529.7,6.5999,0.49969
879.17,1504.3,6.5948,0.49982
1107,1227.9,6.6131,0.49966
2287.6,1257.8,6.6182,0.49953
644.61,1164.3,6.6138,0.4997
1847.4,895.31,6.6353,0.49944
640.27,288.43,6.6711,0.49925
2792,838.07,6.6458,0.49925
2127.2,1532.9,6.5995,0.49969
2070.4,1481.7,6.6027,0.49967
1478.1,1219.9,6.6155,0.49962
2657.4,838.4,6.644,0.49929
450.47,1098.3,6.6157,0.49971
1212.2,803.43,6.6369,0.49947
1433,1216.9,6.6154,0.49962
1467.3,1185.2,6.6173,0.4996
2656.9,803.7,6.6459,0.49927
1486.6,857.43,6.6353,0.49946
1374.6,1177.6,6.6172,0.49961
313.52,1099.9,6.6141,0.49974
2235,1281.5,6.6163,0.49955
1452.7,1184,6.6173,0.4996
610.82,1112.3,6.6163,0.49968
2572.4,1589.8,6.5983,0.49966
1485.9,814.42,6.6377,0.49944
2403.1,1302,6.6163,0.49954
1732.7,1237.5,6.6157,0.4996
302.98,1006.1,6.6189,0.49971
2346.8,944.71,6.6352,0.49939
1633,1519.3,6.5977,0.49974
2045.6,1270,6.6153,0.49958
298.92,1074.3,6.6153,0.49973
1389,1179.2,6.6171,0.49961
1370.2,1198.2,6.616,0.49962
892.2,1188.5,6.6135,0.49968
2545.4,512.09,6.6628,0.49916
2449.9,933.42,6.637,0.49937
2780.9,787.68,6.6486,0.49923
392.08,1086.1,6.6157,0.49971
2609.9,1213.9,6.6232,0.49946
2132.8,1525.3,6.5999,0.49969
1401.6,489.3,6.6574,0.49929
1425.5,1201.1,6.6158,0.49962
1465.4,1500.8,6.5976,0.49976
1840,1244.2,6.6158,0.49959
2170.5,1473.9,6.6033,0.49966
2628.4,1180.2,6.6253,0.49944
653.85,1156.3,6.6141,0.49969
1959.2,1555,6.5966,0.49973
2590,1259.5,6.6204,0.49948
2115.9,1546.2,6.5983,0.4997
2069.6,1284.9,6.6148,0.49958
1864.6,1231,6.6164,0.49958
1371.7,1178.6,6.6171,0.49961
1185.3,1234.4,6.6129,0.49966
1354.3,1247.4,6.6131,0.49964
2081.2,1274.7,6.6154,0.49957
1616.8,1542.7,6.5958,0.49976
2098.7,950.72,6.6333,0.49943
2778.8,890.54,6.6429,0.49928
281.53,1044.9,6.6164,0.49973
1833.2,1273.5,6.614,0.4996
1083.4,442.17,6.6593,0.4993
1404.9,832.28,6.636,0.49946
1471.5,812.41,6.6375,0.49944
1958.8,1468.1,6.6028,0.49968
296.58,1028,6.6176,0.49972
1355.2,1211.2,6.615,0.49963
1244,1186.4,6.6154,0.49963
2594.8,1232.1,6.6219,0.49947
457.45,1491.6,6.5929,0.49988
403.71,1129.9,6.6132,0.49973
1392.2,1180.4,6.6169,0.49961
1833.6,1249.9,6.6155,0.49959
1456.5,860.88,6.6345,0.49947
441.96,1100.6,6.6152,0.49971
2074.5,1208.9,6.619,0.49955
1777.1,819.04,6.6387,0.49941
377.23,245.21,6.6732,0.49927
1401.3,1158.9,6.6179,0.4996
815.93,1579.7,6.5882,0.49988
1874.3,871.58,6.6362,0.49943
2789.3,772.87,6.6489,0.49923
906.53,1170.1,6.6147,0.49967
2139,1492.1,6.6021,0.49967
1446.7,1220,6.6149,0.49962
409.94,1087.5,6.6155,0.49971
2252.5,1282.3,6.616,0.49955
2065.2,1291.6,6.6146,0.49958
1441,1252.8,6.613,0.49964
905.29,277.32,6.674,0.4992
2609,1179.7,6.6252,0.49944
1163.6,365.14,6.666,0.49924
2462.6,1014.7,6.6324,0.49941
2775.9,1231.5,6.6242,0.49942
463.1,1143.7,6.6129,0.49973
842.83,1486.7,6.5949,0.49983
1658.6,1494.1,6.5995,0.49973
1430.2,1237.9,6.6137,0.49963
656.86,1148.9,6.6144,0.49969
1468.7,1512.4,6.5963,0.49977
593.07,1138,6.6145,0.4997
2808.4,866.74,6.6444,0.49926
904.89,292.28,6.6724,0.49921
362.58,250.72,6.6724,0.49928
1093.5,1224.7,6.6126,0.49967
2626.8,741.66,6.649,0.49926
301.68,1101,6.6135,0.49975
1777.6,1188.1,6.6181,0.49958
650.57,1198.5,6.6114,0.49972
312.67,1056.7,6.6159,0.49973
1955.1,1472.2,6.6023,0.49969
1458.8,1207,6.6161,0.49961
2174.5,1506.5,6.6011,0.49968
473.09,1150.5,6.6126,0.49973
1188.7,791.63,6.6369,0.49947
2782.9,1178.4,6.6266,0.4994
2431.3,1219.5,6.6206,0.4995
1576.5,423.85,6.663,0.49924
2422.1,994.6,6.6329,0.49941
454.32,1142.2,6.6127,0.49973
1689.9,1570.2,6.5932,0.49978
684.12,1204.2,6.6107,0.49972
2776.7,1150,6.6284,0.49939
319.01,1012.3,6.6181,0.49971
1897.7,898.93,6.6342,0.49944
327.68,235.41,6.6735,0.49927
1434.9,1219.5,6.6146,0.49963
1970.1,488.49,6.66,0.49923
1467.6,771.27,6.6394,0.49943
2453.6,991.37,6.6335,0.4994
848.78,1566.2,6.589,0.49987
971.27,1158.9,6.615,0.49966
2790.1,774.84,6.6485,0.49923
1095.6,1227.2,6.6123,0.49967
2214.6,1471.8,6.6032,0.49966
1230.1,823.2,6.6351,0.49948
2108.6,933.32,6.6336,0.49943
894.19,1150.2,6.615,0.49966
1670.3,1551.5,6.5948,0.49977
2015.2,1559.5,6.596,0.49973
1438.3,1540.2,6.5942,0.49979
394.39,1104.6,6.6141,0.49973
2617,753.1,6.6479,0.49927
2107.6,1244.8,6.6164,0.49956
2066.1,1245.7,6.6164,0.49957
1444.6,1531.5,6.5951,0.49978
2013.6,1296.7,6.6132,0.4996
1380.4,1201.2,6.6158,0.49962
1473.4,1252.5,6.6127,0.49964
1148.3,793.33,6.6362,0.49948
2141.8,1547.7,6.5975,0.49971
2086.6,1209.5,6.6185,0.49955
2011.2,1563.7,6.5958,0.49973
1172.5,1231.4,6.6123,0.49966
1373.3,394.13,6.6641,0.49924
418.75,1054.7,6.6168,0.4997
1199,771.87,6.6377,0.49946
2373.9,1307.4,6.6149,0.49955
2557.9,598.09,6.6563,0.49921
1473,856.38,6.6344,0.49947
2460,907.42,6.6377,0.49936
2233.4,1293.1,6.6147,0.49957
2420.8,1267.4,6.6175,0.49953
1239.9,387.11,6.6644,0.49925
1745.4,1224.4,6.6157,0.4996
2400.6,1171.6,6.6234,0.49948
927.93,1491.5,6.5947,0.49982
1420.7,832.87,6.6354,0.49946
2175.8,527.77,6.6581,0.49923
2077.9,1285,6.6141,0.49958
1267.3,379.55,6.6648,0.49925
1457.7,769.71,6.6392,0.49943
1660.5,1514.4,6.5972,0.49975
1459.6,854.66,6.6343,0.49947
2124.2,518.99,6.6584,0.49923
2188.5,1505.8,6.6008,0.49968
2071.7,1300.1,6.6129,0.49959
1537,1636.8,6.5867,0.49984
2801.6,769.06,6.6495,0.49922
2223.4,633.86,6.6513,0.49928
2240.9,1254.6,6.6169,0.49955
493.71,275.15,6.6705,0.49927
2625.6,1194,6.6236,0.49945
462.06,1100.7,6.6146,0.49971
1795.1,1285,6.6124,0.49962
2792.2,836.05,6.6448,0.49926
2409.8,1206.3,6.6208,0.4995
824.66,1461.2,6.5959,0.49982
602.51,1177.5,6.6117,0.49972
2804.2,1133.4,6.6294,0.49938
2327.9,907.13,6.6365,0.49939
2283.1,1271.6,6.6161,0.49955
1232.2,821.13,6.6348,0.49948
847.74,1452.8,6.5973,0.49981
2251.2,1293.6,6.6146,0.49957
1705.3,1554.6,6.594,0.49977
1447.4,834.51,6.6349,0.49947
2605.7,1242.9,6.6202,0.49948
251.79,226.55,6.6733,0.49929
2058.9,1273.3,6.6145,0.49958
2621.1,854.76,6.6419,0.49931
1765.8,1207.4,6.6165,0.49959
800.27,324.26,6.6675,0.49926
1476.8,1222.3,6.6142,0.49963
637.11,1543.1,6.5896,0.49989
2305.4,1256.9,6.6167,0.49954
2320.7,939.24,6.6342,0.49941
2426.6,1189.7,6.6217,0.49949
1680.2,1487.3,6.5989,0.49973
2158.4,1543.2,6.5978,0.49971
2600.9,1189.2,6.6234,0.49946
1403.6,398.58,6.6637,0.49925
659.53,1120.8,6.6146,0.49969
2604.8,1237.8,6.6208,0.49948
280.97,996.84,6.6179,0.49972
2290.1,940.52,6.6346,0.49941
1751.5,1206.3,6.6164,0.49959
2456.3,882.13,6.6389,0.49936
283.73,1043,6.6155,0.49974
1148.9,776.97,6.6367,0.49947
1294,1659.9,6.584,0.49988
280.93,1022.8,6.6167,0.49973
2350.7,1598,6.5948,0.49971
888.44,1453.6,6.5973,0.4998
2614.2,1140.3,6.6265,0.49943
1116.1,717.89,6.64,0.49945
1963,1481.1,6.6005,0.4997
2028.2,1498.9,6.6001,0.4997
2649.7,731.69,6.649,0.49925
2427.6,1235.3,6.6191,0.49951
1459.1,838.44,6.6349,0.49947
2428.8,593.69,6.6555,0.49923
434.87,255.56,6.6716,0.49927
1677.8,1488.7,6.5987,0.49973
2277.8,1294.9,6.6144,0.49956
2005.7,508.41,6.6584,0.49924
413.36,1486.6,6.5919,0.4999
2621.2,870.35,6.6408,0.49932
1863.1,912.28,6.6329,0.49945
2615.3,1185.9,6.6232,0.49946
300.49,1055.1,6.6151,0.49974
2649.6,733.6,6.6487,0.49925
642.22,1117.7,6.6145,0.49969
2436,955.18,6.6344,0.49939
285.86,1095.4,6.6127,0.49976
1182.7,821.4,6.6341,0.49949
2409.4,1270.9,6.6168,0.49953
335.15,1440.1,6.5935,0.4999
830.96,1578.7,6.5873,0.49989
2036.7,1203.8,6.6177,0.49956
1353.9,1245,6.6119,0.49965
410.86,1069.5,6.6154,0.49971
1038.7,1497.5,6.5943,0.49981
1834.2,1212.7,6.6162,0.49959
432.78,1488.2,6.5918,0.4999
1491.2,831.87,6.6353,0.49946
1684.3,1478.6,6.5992,0.49973
397.63,1133.2,6.6119,0.49974
1837.7,1245.9,6.6144,0.4996
2194.4,531.6,6.6574,0.49924
2126.1,1505.8,6.5998,0.49969
2172.1,1528.3,6.5981,0.4997
2778,716.38,6.6513,0.49921
947.62,290.5,6.6713,0.49922
1415.3,861.04,6.6329,0.49948
835.43,334.46,6.6664,0.49927
1144.8,783.92,6.6361,0.49948
1242.2,1221.4,6.6122,0.49966
2236.1,553.75,6.6564,0.49924
1256.4,807.47,6.6349,0.49948
273.48,993.83,6.6177,0.49972
1442.5,1533.6,6.5941,0.49979
2624.3,770.55,6.6465,0.49928
2394.1,1274.5,6.6163,0.49954
2435.4,976.83,6.633,0.4994
2774.5,1172.5,6.6263,0.49941
2297.6,1277.3,6.6155,0.49955
2632.2,1233.5,6.6205,0.49948
2063,1256.3,6.615,0.49958
1996.4,1253.1,6.6148,0.49959
971.7,1196.9,6.612,0.49968
679.9,1577.9,6.5864,0.49991
2800.7,1057.1,6.6326,0.49935
710.54,1168.8,6.6119,0.4997
497.63,266.23,6.6706,0.49927
2409.2,1269.4,6.6166,0.49953
814.14,1501,6.5929,0.49984
317.59,1103.4,6.6124,0.49975
1630.5,1526.1,6.5954,0.49976
1800.7,914.91,6.6319,0.49947
2014.1,1556.7,6.5953,0.49974
494.04,715.85,6.6353,0.49955
1638.8,1543.2,6.5938,0.49978
325.44,1110.5,6.6121,0.49975
632.39,1515.8,6.5911,0.49988
2807.8,777.39,6.6476,0.49923
2609.1,1210.1,6.6219,0.49947
1216.2,819.1,6.6342,0.49949
1462.5,857.72,6.6334,0.49948
1175.4,1234,6.6113,0.49967
419.78,1157.4,6.6101,0.49975
2396.8,1208.3,6.6198,0.49951
615.03,691.37,6.6373,0.49952
1659.5,1566.2,6.5925,0.49978
2705,406.78,6.6711,0.49907
1474.4,843.53,6.6342,0.49947
2236.8,1268.7,6.6152,0.49956
2385.6,1304,6.6143,0.49956
896.38,1521,6.5925,0.49984
1830.7,1274.9,6.6124,0.49962
2436.2,956.3,6.6339,0.4994
1149.8,764.2,6.6369,0.49947
1837.3,479.02,6.6591,0.49925
283,226.61,6.6729,0.49929
743.25,304.48,6.6681,0.49926
1637.5,1513.5,6.5962,0.49976
2636.8,1205.3,6.6219,0.49947
316.76,1084.9,6.6131,0.49975
851.37,739.76,6.6361,0.4995
635.4,1542.2,6.5891,0.49989
1149,779.72,6.636,0.49948
2619.1,1236.8,6.62,0.49948
840.71,1501.6,6.5928,0.49984
2795.1,697.08,6.6522,0.4992
867.55,1223.1,6.6096,0.49971
712,310.22,6.6674,0.49927
905.82,1477.3,6.5945,0.49982
1406.9,764.53,6.6382,0.49944
852.21,765.48,6.6351,0.49951
1474.8,827.46,6.6349,0.49946
1667.4,1498.8,6.597,0.49975
2176.2,1509.1,6.5998,0.49969
2423.7,981.74,6.6322,0.49941
758.76,319.81,6.6668,0.49927
1188.3,829.93,6.6333,0.4995
602.62,283.95,6.6691,0.49927
1040.6,1496.6,6.5938,0.49982
662.51,1162.2,6.6116,0.49971
2635.7,851.51,6.641,0.49932
2131.3,1521.4,6.5982,0.4997
1730,1267.3,6.612,0.49963
1751.6,1477.7,6.599,0.49973
1479.7,1205.9,6.6142,0.49963
594.41,1146.9,6.6123,0.49971
1808.5,875.44,6.634,0.49945
2786.1,1229,6.6229,0.49943
843.58,1180.5,6.6122,0.49969
2214.5,629.47,6.6504,0.49929
2624,1208.9,6.6215,0.49947
1202,803.68,6.6347,0.49949
1393.3,831.93,6.6341,0.49948
1876.5,886.16,6.6337,0.49945
2615.5,1252,6.6192,0.49949
1841.3,916.12,6.6318,0.49946
2388.7,1292.5,6.6147,0.49955
900.86,1476.2,6.5947,0.49982
710.99,1128.6,6.6136,0.49969
2380.6,1276.3,6.6155,0.49955
1702.2,1553.5,6.593,0.49978
2099.9,1271.7,6.6134,0.49959
1845.8,1190.4,6.6167,0.49958
1202.7,817.23,6.6338,0.49949
2645.2,715.4,6.6495,0.49925
2793,1232.8,6.6226,0.49943
323.59,1065.1,6.6141,0.49974
1393.8,845.6,6.6333,0.49948
1297.9,395.82,6.6626,0.49926
653.35,1511.8,6.5904,0.49988
2620.5,1224,6.6208,0.49948
1697.5,1524.3,6.5953,0.49976
2148.1,877.88,6.6355,0.49941
2025,1224.8,6.616,0.49957
2320.3,964.19,6.6318,0.49942
1200.3,732.76,6.6386,0.49946
684.33,706.81,6.6365,0.49951
1851.2,895.57,6.6327,0.49946
905.77,273.42,6.6726,0.49921
1056.9,1496.9,6.5937,0.49982
2621.6,1115.1,6.6267,0.49943
894.16,1478,6.594,0.49983
2397,1261,6.6164,0.49954
1216.6,788.77,6.6354,0.49948
1724.1,466.4,6.6587,0.49926
1120.6,821.42,6.633,0.49951
471.98,1168.7,6.6094,0.49975
1135,719.9,6.639,0.49946
1680.7,1474.6,6.5987,0.49973
2347.9,1591.5,6.594,0.49972
2461.2,889.36,6.6372,0.49937
2411.5,1193.3,6.6202,0.49951
2293.6,1223,6.6178,0.49954
2122.7,1530.6,6.5971,0.49971
2609.2,1120.6,6.6261,0.49944
2429.1,1207.4,6.6199,0.49951
1270.7,392.47,6.6625,0.49926
1749,1473.7,6.5991,0.49973
1109.1,777.74,6.6355,0.49949
2183.2,1510.4,6.5986,0.4997
2297.8,565.38,6.6552,0.49924
2396.4,1262.5,6.6161,0.49954
2052.2,504.5,6.6575,0.49925
323.22,1130,6.6099,0.49977
2799.7,821.48,6.6447,0.49926
2277.9,1254.3,6.6154,0.49956
898.15,1577.8,6.5868,0.49989
2779.5,1192.5,6.6244,0.49942
1900.4,871.71,6.634,0.49944
2388.8,1290.6,6.6144,0.49955
2798.6,790.28,6.6464,0.49925
2150.9,1528.1,6.5974,0.49971
2335.8,990.54,6.6308,0.49943
1682.8,1476.4,6.5984,0.49974
342.52,1489.3,6.5894,0.49993
2597.7,1202.4,6.6213,0.49948
877.76,1515.3,6.5916,0.49985
1120.1,772.78,6.6355,0.49949
2637.4,1109.6,6.6267,0.49943
2808.9,779.07,6.6468,0.49924
2622.1,901.65,6.6379,0.49934
1559.1,1616.6,6.587,0.49983
1875.3,888.53,6.6332,0.49945
437.34,1119.6,6.6115,0.49974
2049.6,863.68,6.6355,0.49942
2643.5,722.9,6.6478,0.49926
2260.7,1574.7,6.5947,0.49972
2607.4,1134.9,6.6251,0.49944
2800.2,794.61,6.6462,0.49925
2283.7,1300.6,6.6133,0.49957
1857.5,1259.7,6.6123,0.49962
1616.6,1543.9,6.5931,0.49978
1348,1619.3,6.5861,0.49986
368.61,925.96,6.6214,0.49967
1574.6,1600,6.5886,0.49982
1425.3,807.17,6.6352,0.49947
2424.5,962.04,6.6327,0.49941
460.07,1435.6,6.5937,0.49988
2642.3,733.82,6.6475,0.49926
2640.8,1175.7,6.6228,0.49946
1505,1206.6,6.6133,0.49963
2231.2,1293.3,6.6129,0.49958
2655.4,736.71,6.647,0.49927
293.41,228.93,6.6719,0.49929
2398.7,1196.8,6.6196,0.49951
2069.4,1205.7,6.617,0.49956
2135.3,1513.5,6.5982,0.4997
2621.8,818.65,6.6424,0.49931
639.62,1495,6.591,0.49988
2134.1,1512.3,6.5983,0.4997
2801.3,826.1,6.6443,0.49926
285.39,1050,6.6139,0.49975
1926.5,1493.7,6.5984,0.49972
2326,986.35,6.6304,0.49944
645.34,1169.7,6.6104,0.49972
1769.2,467.39,6.6588,0.49926
2298.2,1271,6.6146,0.49956
1610.9,1564.2,6.5912,0.4998
829.19,318.66,6.6662,0.49927
417.53,1111.2,6.6121,0.49974
1135.6,823.99,6.6325,0.49951
2424.6,960.75,6.6326,0.49941
2587.5,1259.9,6.6178,0.4995
1219.8,804.29,6.6341,0.49949
2806.1,861.76,6.6426,0.49927
2630.7,1217,6.6206,0.49948
1095.4,447.22,6.6562,0.49933
2156.3,1520.4,6.5977,0.49971
1133.8,721.52,6.6383,0.49946
2062.4,1556.4,6.5941,0.49974
877.22,337.4,6.6646,0.49928
693.74,1576.6,6.5854,0.49991
828.13,1499.9,6.592,0.49985
2450,1469.8,6.603,0.49964
1473,1254.4,6.6107,0.49965
350.12,1471,6.5904,0.49992
1884.1,1662.5,6.5843,0.49983
2393.3,1249.4,6.6167,0.49954
2404.7,1304.1,6.6137,0.49956
958.61,814.1,6.6319,0.49953
1701.3,456.93,6.6591,0.49926
2375.6,1315,6.6127,0.49957
1670.6,1477.3,6.5978,0.49974
1087.4,366.25,6.6634,0.49927
2800.6,804.17,6.6453,0.49925
2596.3,1200.6,6.621,0.49948
2424.2,980.01,6.6315,0.49942
911.26,1527.8,6.5901,0.49986
888.57,1475.1,6.5939,0.49983
1894.8,950.99,6.6295,0.49948
1833.1,860.99,6.6337,0.49945
2329.6,901.14,6.635,0.4994
449.2,1466.3,6.5913,0.4999
2122.2,1505.2,6.5985,0.4997
1808.7,862.68,6.6338,0.49945
709.23,767.78,6.6328,0.49954
2374.9,1294.5,6.6136,0.49956
1140.7,379.73,6.662,0.49928
1780.9,901.38,6.6315,0.49947
2763.6,457.43,6.6662,0.4991
1820.4,1211.2,6.6148,0.4996
2185,1480,6.6005,0.49968
2610.2,1197,6.6213,0.49947
1708.9,1523,6.5947,0.49976
1750,1475.1,6.5983,0.49973
936.45,320.7,6.6664,0.49926
399.64,1066.1,6.6135,0.49973
2789.5,773.93,6.6466,0.49925
2783.5,799.94,6.6451,0.49926
1475.8,1238.1,6.6114,0.49965
2411.6,1190.9,6.6197,0.49951
2436.5,1159.6,6.6221,0.49949
333.94,1045.6,6.6139,0.49974
942.75,296.2,6.669,0.49924
495.53,717.16,6.6339,0.49956
2437.5,942.49,6.6333,0.4994
2628.9,733.01,6.6469,0.49927
857.91,1540.5,6.5886,0.49987
2168.3,1544,6.5955,0.49972
284.34,227.76,6.6713,0.4993
2794.1,869.49,6.6409,0.49929
1121,760.23,6.6356,0.49948
1719.9,1308,6.6086,0.49965
2619.2,1133.1,6.6248,0.49945
663.54,1559.2,6.5865,0.49991
820.6,1471.2,6.5935,0.49984
1129.4,483.52,6.6532,0.49935
653.25,1548.8,6.5868,0.49991
463.83,1467,6.5911,0.4999
2555.1,599.27,6.6542,0.49922
1483.2,1295.3,6.6081,0.49967
2139.1,1527,6.5964,0.49972
2622.2,736.54,6.6469,0.49927
2382.9,1264.9,6.6151,0.49955
620.05,719.16,6.6349,0.49953
2186.3,1578.1,6.5933,0.49974
1117.7,717.94,6.6381,0.49947
1461.2,826.41,6.6337,0.49948
2375.4,1292.6,6.6135,0.49956
2800.9,852.55,6.6422,0.49928
2280.1,1275.3,6.6138,0.49957
891.59,1488.7,6.5924,0.49984
370.33,927.42,6.6208,0.49968
480.78,552.07,6.6446,0.49948
2424.9,1220,6.6177,0.49952
2400.4,1218.1,6.6181,0.49952
711.28,1234.7,6.6071,0.49974
2105.2,1546.4,6.5948,0.49973
1152.1,793.38,6.6338,0.4995
874.83,338.17,6.6645,0.49928
304.59,1034.5,6.6139,0.49974
1507.4,819.04,6.6343,0.49947
1399.8,416.96,6.6605,0.49927
2128.6,1508.7,6.5983,0.4997
925.85,334.01,6.6651,0.49927
505.96,1398,6.5961,0.49985
1081.3,1061.2,6.6188,0.49962
2459.1,892.82,6.6359,0.49938
271.39,231.47,6.6708,0.49931
2428.5,1495.2,6.601,0.49966
1820.4,1267.1,6.6119,0.49962
2618.3,1231.3,6.6192,0.49949
2811.2,872.1,6.641,0.49929
1484.4,1496.9,6.5948,0.49978
468.37,1499.7,6.589,0.49991
2801.8,834.95,6.6432,0.49927
1824.9,1233.3,6.6138,0.49961
2612.3,1182.8,6.6218,0.49947
1712.8,462.43,6.6578,0.49927
2143.4,984.76,6.6287,0.49946
2803.2,1145.5,6.626,0.4994
627.57,1171.6,6.6098,0.49973
251.68,226.77,6.6711,0.49931
1654.4,1468.9,6.5981,0.49974
2104.9,869.41,6.6348,0.49942
2459.2,978.27,6.6313,0.49941
1424.9,805.66,6.6345,0.49947
702.01,299.53,6.6667,0.49928
1195.4,1197.7,6.6118,0.49967
2776.4,1144.4,6.626,0.49941
1144.1,820.85,6.6318,0.49951
1650.6,1522,6.5937,0.49978
449.79,1450.2,6.5919,0.49989
1852.5,832.2,6.6352,0.49944
2383.5,1262.9,6.615,0.49955
2813.9,1050.6,6.6316,0.49936
416.52,1067.4,6.6137,0.49973
313.56,1105.3,6.6106,0.49977
2063.8,1475.8,6.5994,0.4997
2410.4,1295,6.6133,0.49956
2651.3,1537.2,6.6003,0.49963
2297.3,953.18,6.6313,0.49943
2155.1,1480.2,6.5999,0.49969
1146.2,821.02,6.6316,0.49951
1236,778.85,6.6349,0.49948
1508,848.65,6.6324,0.49948
2120.2,1546.3,6.5946,0.49973
2778.5,1194.3,6.6233,0.49943
1779.9,1659.3,6.5837,0.49985
490.07,1088.7,6.6127,0.49972
2270.3,1279,6.6128,0.49958
1396.2,816.76,6.6336,0.49948
2622.9,885.7,6.6378,0.49934
2607.6,1121.6,6.6249,0.49945
1179.8,1182.2,6.6125,0.49966
1665.8,1484.7,6.5967,0.49975
437.08,1076,6.6129,0.49973
2460.2,965.5,6.6319,0.49941
845.1,1144.6,6.6122,0.49969
1461.6,768.47,6.6367,0.49945
1745,1142.6,6.6176,0.49958
1808.9,878.48,6.6324,0.49946
2161.2,1470,6.6005,0.49968
2438.9,879.13,6.6364,0.49938
1463.7,1496.6,6.5945,0.49978
2330.3,912.48,6.6338,0.49941
2636.6,819.03,6.6412,0.49932
2632.8,1201.9,6.6207,0.49948
701.19,1524.1,6.5885,0.49989
2058,1206.1,6.6156,0.49957
292.41,229.63,6.6707,0.4993
895.68,1486,6.5921,0.49984
2115.3,1511.6,6.5973,0.49971
1704.3,1474.2,6.5971,0.49974
275.46,963.75,6.6173,0.49972
1624,1530.8,6.593,0.49978
1993.3,1538.1,6.5947,0.49974
2807.5,773.87,6.6464,0.49924
850.81,332.88,6.6643,0.49928
449.46,1433.6,6.5927,0.49989
1733.3,1484.1,6.5969,0.49974
2152,1523,6.5967,0.49971
1974.1,1537.3,6.5941,0.49975
1038.4,1509.9,6.5915,0.49984
2637.2,1173.3,6.6222,0.49946
2270.3,1302.7,6.6115,0.49959
1106.5,715.27,6.6377,0.49947
2799.1,1137.3,6.6267,0.4994
2637,882.76,6.6376,0.49934
418.17,1461.6,6.5907,0.49991
2792.3,834.06,6.6427,0.49928
1396.2,803.53,6.6341,0.49948
899.52,1526.8,6.5893,0.49987
2161.6,1509.7,6.5976,0.49971
2337.2,949.02,6.632,0.49942
1815.3,1482.5,6.598,0.49973
2644.8,721.65,6.6467,0.49927
499.51,1438.3,6.5927,0.49988
700.19,1510.3,6.5897,0.49988
500.54,1469.4,6.5907,0.4999
1487,1293.5,6.6076,0.49968
2101,1528.4,6.5958,0.49973
2368.7,1585,6.5934,0.49972
494.96,963.34,6.6196,0.49967
864.52,759.02,6.6335,0.49952
602.42,724.22,6.6337,0.49955
2800.1,774.03,6.6461,0.49925
327.44,663.43,6.6346,0.49958
856.38,1550.1,6.5873,0.49988
2623.3,1115.9,6.6247,0.49945
2543.1,1467.9,6.6036,0.49962
1428.2,821.46,6.6332,0.49948
958.25,814.89,6.631,0.49953
2657.1,733.99,6.646,0.49927
1530.4,1632.4,6.5845,0.49986
590.38,1054.9,6.6156,0.49969
2635.2,1108.3,6.6256,0.49944
1907.7,1516.8,6.5951,0.49975
2081.9,1227.3,6.6145,0.49958
1477.8,1508.5,6.5934,0.49979
2189.9,1468.6,6.6005,0.49968
1475.2,813.04,6.6339,0.49947
1040,1494.9,6.5922,0.49983
2426.1,947.86,6.6322,0.49941
2067.1,1547.2,6.5937,0.49974
491.48,1204.2,6.6067,0.49977
1983.7,1464.3,6.5996,0.49971
298.06,1076.6,6.611,0.49977
1735.3,1519.8,6.5938,0.49977
602.89,1152,6.6098,0.49973
667.69,1522.9,6.5884,0.49989
2536.6,1475.2,6.6034,0.49963
1137.8,806.74,6.6323,0.49951
2801.1,796.99,6.6448,0.49926
2773.9,1158.6,6.6246,0.49942
2648.9,1106,6.6254,0.49944
2634.4,749.45,6.6448,0.49929
2013.8,1290.2,6.6106,0.49962
2557.9,610.97,6.6527,0.49924
934.63,754.95,6.6337,0.49951
2307.6,553.55,6.6542,0.49925
861.42,1526.8,6.5888,0.49987
2447,1503.2,6.6003,0.49966
1867.1,885.43,6.6318,0.49946
1476.2,831.07,6.6328,0.49948
2141.4,984.44,6.6282,0.49947
855.1,709.78,6.6358,0.4995
956.14,284.81,6.6696,0.49923
2788.1,1108.1,6.6272,0.4994
1094.2,1271.5,6.6067,0.49971
500.76,1453.7,6.5915,0.49989
2293.6,1281.3,6.6127,0.49958
2286.8,937.89,6.6316,0.49943
1189.2,729.29,6.637,0.49947
1061.8,1495.1,6.5922,0.49983
2792.2,826.04,6.6429,0.49927
1772.8,936.64,6.6286,0.49949
2412.8,1284.5,6.6134,0.49956
2643,723.65,6.6466,0.49927
834.71,771.92,6.6324,0.49953
2033.8,1297.9,6.6097,0.49962
865.4,1473.6,6.5925,0.49984
1533.9,848.15,6.6317,0.49949
1808.8,907.08,6.6303,0.49948
1894,951.57,6.6284,0.49949
1632.4,1539.2,6.5921,0.49979
585.93,281.49,6.6671,0.49929
1870.2,1193.6,6.6147,0.4996
2406.6,1285.9,6.613,0.49956
1471.1,757.44,6.6372,0.49945
2789,702.8,6.6493,0.49923
2802.5,831.98,6.6427,0.49927
2118.4,1506.2,6.5974,0.49971
2403.4,1313.9,6.6115,0.49958
1178.8,795.14,6.6327,0.4995
1395.1,848.83,6.6312,0.4995
2624.9,1243.1,6.6178,0.4995
454.47,1122.6,6.61,0.49975
2289.9,1294.7,6.6118,0.49958
2392,1169.3,6.6197,0.49951
2634.8,1186.8,6.621,0.49947
305.53,231.04,6.6703,0.4993
1509.3,833.22,6.6326,0.49948
1206.2,787.98,6.6335,0.49949
2810.6,807.43,6.6436,0.49927
2791.2,1158.1,6.6246,0.49942
1810.8,904.86,6.6303,0.49948
2285.8,963.09,6.63,0.49944
1209.8,1198.6,6.6111,0.49967
1261.5,778.58,6.634,0.49949
668.09,1524.4,6.588,0.4999
2636.4,822.61,6.6404,0.49932
2781.7,1165.4,6.6243,0.49942
309.2,1080,6.6108,0.49977
934.35,724.05,6.6353,0.4995
2791.6,792.96,6.6446,0.49926
2781.2,1076.1,6.6289,0.49939
874.15,337.76,6.6635,0.49929
601.93,1110.6,6.6118,0.49972
2095.4,512.67,6.6554,0.49926
803.67,1559.6,6.5863,0.4999
2033.4,1446.7,6.601,0.49969
628.35,730.01,6.6331,0.49955
700.57,1547.5,6.5862,0.49991
1615.4,1540.1,6.5918,0.49979
1383.6,845.27,6.6312,0.4995
1652.9,1483.8,6.596,0.49976
2799.5,1071.1,6.6293,0.49938
1529.8,900.81,6.629,0.49951
1412.5,819.49,6.6328,0.49949
662.17,728.35,6.6337,0.49954
2143.2,1483.1,6.5992,0.4997
2011.4,1468.6,6.5991,0.49971
494.09,1131.4,6.6098,0.49975
1737.7,1475.3,6.597,0.49974
2298.3,940.04,6.6313,0.49943
2792.2,1168,6.6242,0.49942
604.79,725.99,6.6331,0.49955
2083.8,1317.9,6.6092,0.49962
323.2,1285,6.5998,0.49985
392.48,1381.9,6.5953,0.49987
2094.7,869.18,6.6335,0.49943
1137.7,763.13,6.6344,0.49949
2808.3,1077.1,6.6288,0.49938
1108.8,773.81,6.6337,0.4995
1440.6,1200.9,6.612,0.49965
2150.5,1508.5,6.5967,0.49972
2790.6,770.35,6.6457,0.49925
339.38,1091.2,6.6103,0.49977
2149,1488,6.5982,0.4997
2792.5,1164.9,6.6243,0.49942
1232.4,1280.3,6.6065,0.4997
2439.7,880.41,6.6356,0.49938
2568.6,598.44,6.6533,0.49923
835.73,1250.2,6.6061,0.49974
896.5,1549,6.5871,0.49988
2368.4,1584.2,6.593,0.49972
1657.1,1475.5,6.5964,0.49975
277.87,962.7,6.6168,0.49973
1585.7,1580,6.5883,0.49982
2336.1,1343.1,6.6091,0.4996
2761.2,434.25,6.667,0.49909
588.05,280.44,6.667,0.49929
1853.6,883.49,6.6314,0.49947
864.41,777.08,6.6319,0.49953
1610,1548.7,6.5909,0.4998
2053.5,926.03,6.63,0.49946
655.48,1560.7,6.5848,0.49992
933.69,317.36,6.6658,0.49926
630.13,731.75,6.6328,0.49955
837.24,773.89,6.6319,0.49954
1741.9,548.43,6.6506,0.49932
1652.4,1471.3,6.5968,0.49975
450.35,259.33,6.6681,0.4993
1453.8,807.76,6.6331,0.49948
2458.2,831.21,6.6387,0.49936
2793.1,1145.4,6.6251,0.49941
2634.6,752.21,6.6441,0.49929
2106.2,1519.7,6.5958,0.49973
847.07,1183.2,6.6092,0.49971
2627.3,1229.4,6.6182,0.4995
2458.3,1000.8,6.629,0.49943
866.28,779.12,6.6317,0.49954
420.42,254.01,6.6684,0.4993
2295.1,1282.3,6.6122,0.49958
2796.8,1088.9,6.6282,0.49939
2779,885.93,6.6388,0.49931
1990.2,1451.8,6.5996,0.4997
2054.9,1254.4,6.6122,0.4996
2778.6,675.14,6.6509,0.49922
1772.4,884.09,6.6309,0.49948
1179.2,765.61,6.634,0.49949
1148.8,725.56,6.6363,0.49948
865.18,1514.3,6.5892,0.49987
1725,1474.9,6.5967,0.49975
1107.8,772.11,6.6335,0.4995
1627.4,1516,6.5937,0.49978
710.68,769.02,6.6313,0.49955
2249.1,1265,6.6128,0.49958
2345.7,985.63,6.6289,0.49945
2051.5,899.92,6.6316,0.49945
913.06,1513.9,6.59,0.49986
2299.4,1267.6,6.613,0.49957
1383.5,828.59,6.6319,0.4995
1465.5,810.99,6.6333,0.49948
296.43,1031.1,6.6128,0.49975
796.16,1591,6.5837,0.49992
710.38,1237.5,6.6059,0.49975
1980.2,510.14,6.6545,0.49928
2794,1143.4,6.6252,0.49941
1624.3,1509.9,6.5937,0.49978
854.92,1472.8,6.592,0.49985
2426.7,945.49,6.6317,0.49942
2113.8,516.25,6.6549,0.49926
2161.7,540.16,6.6539,0.49927
1180.9,1196.2,6.6106,0.49968
2347.8,948.65,6.6308,0.49943
2233.7,1279.6,6.6118,0.49959
2792.5,1161.4,6.6242,0.49942
496.3,963.69,6.6188,0.49968
1993.6,507.12,6.6552,0.49927
1155.3,749,6.635,0.49949
624.32,287.47,6.6662,0.49929
2090.6,1298.9,6.6094,0.49962
1124.9,791.25,6.6324,0.49951
2244.1,1259.9,6.6136,0.49958
482.51,264.83,6.6676,0.4993
953.36,316.59,6.6654,0.49927
420.91,254.16,6.6683,0.4993
2074.3,1249.6,6.6131,0.49959
2414.4,1255.5,6.6143,0.49955
2160.7,1469.5,6.5995,0.49969
1458.1,1509,6.5928,0.4998
1434.6,1249.2,6.6089,0.49967
340.9,1093.1,6.6101,0.49977
1258.2,862.67,6.6292,0.49953
967.49,1260.3,6.606,0.49973
516.54,270.31,6.6672,0.49929
1844.3,1309.1,6.608,0.49965
2591.9,1230.4,6.6177,0.49951
621.22,725.42,6.6326,0.49955
1932.3,1553.2,6.5919,0.49977
491.3,566.44,6.6417,0.4995
2778.2,1167,6.6239,0.49943
1141.6,747.67,6.635,0.49949
2652.7,717.33,6.6465,0.49927
304.03,231.62,6.6696,0.49931
315.63,233.86,6.6694,0.49931
1096.6,375.84,6.6611,0.49929
2095.1,956.66,6.6283,0.49947
1716.5,1469.7,6.5968,0.49975
568.75,1628.3,6.5792,0.49998
948.61,1230,6.607,0.49972
436.45,551.09,6.6421,0.4995
2297.4,964.78,6.6295,0.49945
2155.8,1476.9,6.5988,0.4997
866.01,1474.5,6.5917,0.49985
767.39,309.35,6.6649,0.49929
1221.7,777.11,6.6337,0.49949
465.85,261.84,6.6677,0.4993
826.31,1484.7,6.5909,0.49986
1629.4,1538.2,6.5915,0.49979
421.92,252.99,6.6684,0.4993
2451.6,950.65,6.6314,0.49941
1413.4,806.09,6.633,0.49948
374.11,1504.1,6.5866,0.49995
1720.8,1470.8,6.5968,0.49975
2733.1,417.92,6.6676,0.49909
938.98,325.78,6.6642,0.49928
1633.6,445.96,6.6577,0.49928
1915.9,1479.8,6.5978,0.49973
688.89,677.34,6.6358,0.49952
516.59,270.18,6.6672,0.49929
704.65,299.56,6.6654,0.49929
459.76,1614.6,6.5796,0.49999
2070.9,521.91,6.6544,0.49927
1501.8,1238.2,6.6094,0.49966
2648.7,1072.9,6.6267,0.49943
1702,1495.5,6.5949,0.49976
1435.3,404.72,6.6597,0.49927
569.98,1363.3,6.5973,0.49983
2420.3,1253.6,6.6145,0.49955
1723.2,1658.7,6.5818,0.49986
2452.2,1456,6.6021,0.49964
663.8,1571.3,6.5841,0.49993
892.35,653.34,6.639,0.49948
912.2,1150,6.6114,0.49969
2346.2,576.44,6.6524,0.49926
651.84,1159.3,6.6089,0.49974
1235.8,1278.5,6.6061,0.49971
999.3,1050,6.6174,0.49964
2242.2,1272.2,6.6124,0.49958
1495,801.92,6.6336,0.49947
2780.6,1089,6.6276,0.4994
2458.6,1465.2,6.6014,0.49965
2410.9,1275.1,6.6134,0.49956
2434.7,894.13,6.6345,0.49939
2433.2,1484.7,6.6004,0.49966
1428.5,824.2,6.632,0.49949
1237.1,776.75,6.6337,0.49949
608.85,1133.7,6.6104,0.49973
2621.7,769.82,6.6429,0.4993
928.29,1538.5,6.5874,0.49988
2812.5,840.28,6.641,0.49928
934.07,1515,6.5891,0.49986
971.58,1258.5,6.6057,0.49973
2792.8,828.97,6.6418,0.49928
620.5,662.49,6.636,0.49953
1912,1507,6.5952,0.49975
1659.2,1562.1,6.5893,0.49981
1891.1,1480.4,6.5965,0.49974
2654,828.06,6.6402,0.49932
277.24,966.27,6.6159,0.49973
1139.7,776.8,6.633,0.4995
1865.5,483.76,6.6558,0.49927
1889,1508.1,6.595,0.49975
1635.8,1661.8,6.581,0.49988
1502.7,775.84,6.6348,0.49946
1808.5,1567,6.5897,0.4998
2784.8,792.57,6.6437,0.49927
2093.6,1205.6,6.6144,0.49958
2654.8,811.55,6.6413,0.49931
2134.7,880.08,6.6324,0.49944
2783.1,672.88,6.6509,0.49921
2806.8,684.39,6.6506,0.49921
2346.8,972.67,6.6291,0.49944
406.75,1110,6.6093,0.49976
2241.3,1289.8,6.6108,0.4996
2045.2,973.92,6.6271,0.49949
2427.7,1251,6.614,0.49955
910.27,1548.1,6.5865,0.49989
452.54,258.55,6.6676,0.4993
471.45,1079.8,6.612,0.49973
2799.1,1073.2,6.6286,0.49939
2791,733.56,6.6466,0.49925
2430.1,1486.9,6.5999,0.49966
2790.7,440.1,6.6659,0.4991
1608.4,1548.8,6.5903,0.49981
941.83,307.28,6.6658,0.49926
720.43,1510.9,6.588,0.49989
2820.1,872.41,6.6393,0.4993
2792.1,1146.1,6.6244,0.49942
2777,1185.4,6.622,0.49944
1528.1,901.55,6.6281,0.49951
690.39,740.76,6.6318,0.49955
2454.5,856.74,6.6362,0.49938
1466.8,830.02,6.6316,0.49949
830.15,1666,6.5769,0.49997
1383.7,884.22,6.6283,0.49952
340.06,238.65,6.6688,0.49931
2618.4,731.81,6.6454,0.49929
1888.6,1509.6,6.5947,0.49975
862.43,1537.3,6.5869,0.49989
340.93,237.68,6.6689,0.49931
2789.1,828.31,6.6418,0.49928
858.55,700.55,6.6358,0.49951
464.07,273.56,6.6663,0.49931
532.55,273.05,6.6665,0.4993
2635.9,1173.7,6.6207,0.49948
353.86,240.2,6.6687,0.49931
1225.9,1136.6,6.6132,0.49965
1835.1,827.9,6.6334,0.49945
1112.2,818.26,6.6303,0.49953
650.91,605.04,6.64,0.49949
323.14,1062.3,6.6113,0.49976
2612.7,1182.3,6.6199,0.49949
2167.6,1516,6.5958,0.49972
1737.4,450.14,6.6571,0.49927
2073.8,863.45,6.6328,0.49944
2440.9,866.21,6.6355,0.49938
410.53,1090.7,6.6107,0.49975
2798.2,1091.6,6.6274,0.49939
951.08,663.68,6.6383,0.49948
2779.3,1149.4,6.6245,0.49942
1719.9,1482.1,6.5954,0.49976
910.93,1190,6.6088,0.49971
2454,871.46,6.6353,0.49938
2140.5,1531.4,6.5944,0.49973
2804.4,809.3,6.6424,0.49928
931.09,1525.4,6.5881,0.49987
1869.1,872.09,6.6313,0.49947
2419.9,1243.4,6.615,0.49955
2164.8,1519.4,6.5955,0.49972
2624.2,845.27,6.6384,0.49934
2322.1,990.23,6.6274,0.49946
1111.3,843.03,6.6289,0.49954
2809.6,792.71,6.6437,0.49926
936.91,1476.1,6.5915,0.49985
984.86,1063.6,6.6161,0.49965
1672.9,1472.9,6.5958,0.49976
890.63,1574.3,6.5842,0.49991
2203.2,1465.6,6.5994,0.49969
1397.1,831.62,6.631,0.4995
655.49,723.26,6.6326,0.49955
910.41,288.36,6.6678,0.49925
1193.6,800.55,6.6316,0.49951
2662.8,898.63,6.6354,0.49936
2764,422.91,6.6666,0.4991
1193.7,817.14,6.6306,0.49952
1650.1,1552.8,6.5896,0.49981
2174.3,1506.4,6.5963,0.49972
2627.6,788.55,6.6411,0.49932
2366.2,565.56,6.6523,0.49926
2344.3,1582.5,6.5918,0.49974
2654.6,860.43,6.638,0.49934
2301.5,1587.7,6.5913,0.49974
2145.4,1535.4,6.5943,0.49973
2069.7,1272.7,6.6109,0.49961
2433.7,929.9,6.632,0.49941
598.47,1220.9,6.6051,0.49977
2597.4,1230.7,6.6172,0.49951
1838.9,806.19,6.6343,0.49944
1510.1,835.78,6.6313,0.49949
819.91,792.5,6.6299,0.49955
2291.5,1291.4,6.6107,0.49959
924.12,1191.2,6.6083,0.49971
677.04,1521.7,6.5867,0.49991
1882.7,1153.5,6.6159,0.49958
2454.4,872.81,6.635,0.49939
257.55,635.8,6.6338,0.4996
2457.7,957.16,6.6306,0.49942
1292.9,1640.1,6.5808,0.4999
650.52,1533.9,6.5861,0.49991
2287.5,1304.4,6.6095,0.4996
2101.4,1522,6.5947,0.49973
669.79,1558.3,6.5845,0.49992
827.32,1497,6.5893,0.49987
2797.3,1090.4,6.6272,0.4994
2812.3,837.69,6.6406,0.49929
451.01,555.16,6.6412,0.49951
2801.8,1095,6.6273,0.4994
1465.8,813.5,6.6322,0.49949
2118.8,1516.2,6.5951,0.49973
2802,770.2,6.6444,0.49926
719.12,1535.6,6.5859,0.49991
2301.6,1256.2,6.6127,0.49958
617.35,728.7,6.6318,0.49956
321.75,1036.1,6.6123,0.49975
2419,1280.6,6.6118,0.49957
2303.4,986.82,6.6271,0.49946
1984.5,1316.1,6.6073,0.49965
632.1,711.8,6.6329,0.49955
2416.5,1188.9,6.617,0.49953
340.06,238.39,6.6683,0.49931
2796,1120.3,6.625,0.49941
2057.1,1506.8,6.5956,0.49973
1334.3,390.35,6.6595,0.49928
497.62,1200.4,6.6052,0.49978
608.95,1108.6,6.6111,0.49972
2429.2,884.59,6.634,0.4994
2429.1,1186,6.6173,0.49953
865.86,1498,6.5893,0.49987
503.78,1499.2,6.5871,0.49992
838.82,1470,6.5914,0.49985
2400.4,1257.2,6.613,0.49956
1852.7,468.87,6.6559,0.49927
483.25,658.56,6.6344,0.49956
859.42,773.45,6.6306,0.49955
868.07,1511.8,6.5884,0.49988
1734.4,1482.8,6.5952,0.49976
1800.8,847.03,6.632,0.49947
818.24,790.51,6.6297,0.49956
421.58,1443.7,6.59,0.49991
2811.2,859.1,6.6398,0.4993
307.53,981.86,6.6146,0.49974
2630.1,902.77,6.6352,0.49936
1352.8,1288.3,6.6055,0.4997
2153.4,1531.2,6.5941,0.49973
2011,1163.2,6.6159,0.49958
2104.4,1532.5,6.5937,0.49974
1153.6,450.29,6.6535,0.49934
672.13,1533.9,6.5861,0.49991
399.61,540.8,6.6415,0.49951
325.34,1081.7,6.6098,0.49977
2412.1,1249.9,6.6139,0.49956
647.28,1522.2,6.5866,0.49991
2441.6,1009.6,6.6268,0.49945
2214.7,549.81,6.6524,0.49927
485.39,263.75,6.6667,0.4993
704.21,616.62,6.6391,0.49949
2390.7,1573,6.5926,0.49973
1855.8,870.05,6.6309,0.49947
1310.5,1653,6.5801,0.49991
2430,1001.8,6.6277,0.49945
1870.5,1478.2,6.5957,0.49974
2342.4,960.19,6.629,0.49944
897.05,1486.2,6.5902,0.49986
792.16,311.69,6.6638,0.49929
1537.6,819.39,6.6316,0.49949
2462.4,942.56,6.6309,0.49942
2441.5,864.35,6.635,0.49939
1728.6,1662,6.581,0.49987
1945.2,1468.3,6.5975,0.49973
2340.5,957.08,6.6297,0.49944
1489.8,825.17,6.632,0.49949
1722.8,1465.6,6.5963,0.49975
1513,863.01,6.6293,0.49951
719.03,1494.3,6.5886,0.49989
1399,819.67,6.6312,0.4995
317.85,232.82,6.6686,0.49931
1870.8,857.59,6.6316,0.49946
1208.2,790.64,6.6318,0.49951
1128.2,805.46,6.6305,0.49952
1030.9,1648.4,6.5786,0.49994
2364.9,970.83,6.6282,0.49945
1943.6,1487.8,6.5959,0.49974
2788.8,1074.2,6.6276,0.4994
935.31,1499.3,6.5894,0.49986
2458.5,936.24,6.6309,0.49942
684.4,1492.8,6.5884,0.49989
2392.6,1573,6.5926,0.49973
464.43,1146.2,6.6076,0.49977
670.51,1487,6.5893,0.49989
634.77,601.25,6.6395,0.4995
1365.2,1107,6.6153,0.49963
463.55,678.91,6.6333,0.49957
2507.1,1475.1,6.6011,0.49965
930.36,1536.3,6.5867,0.49988
1228,823.53,6.63,0.49952
1715.3,1506.8,6.5931,0.49978
1850.6,1193.2,6.6128,0.49961
462.16,1103.7,6.6098,0.49975
899.04,770.58,6.631,0.49954
863.8,774.01,6.6307,0.49954
1786.6,860.02,6.6309,0.49948
1733.2,462.35,6.6558,0.49928
1951.4,1452.9,6.5978,0.49972
1126.9,744.89,6.6338,0.4995
1800,903.44,6.6285,0.49949
2810.3,682.85,6.6495,0.49922
2196,1474.9,6.5981,0.4997
403.7,693.92,6.6317,0.49959
2080.9,509.8,6.6538,0.49927
790.98,313.02,6.6634,0.4993
1196.6,819.84,6.6299,0.49952
400.81,689.59,6.6318,0.49959
285.58,500.49,6.6426,0.49952
2003,495.35,6.6544,0.49928
2285.2,1008,6.6259,0.49947
2015.6,1293.3,6.608,0.49964
627.14,1110.9,6.6107,0.49972
1891.8,488.66,6.6546,0.49928
2335.3,1587.9,6.5907,0.49975
701.36,1667.2,6.5753,0.49999
401.79,690.65,6.6317,0.49959
2802.9,1132.2,6.6246,0.49942
917.72,1573.8,6.5837,0.49991
2287.1,1273,6.6115,0.49959
334.94,931.79,6.618,0.49971
295.48,226.6,6.669,0.49932
1423.9,764.33,6.634,0.49948
458.45,1479.1,6.5876,0.49993
2627.8,918.98,6.6333,0.49938
2805.8,1105,6.6257,0.49941
475.59,1105.2,6.6098,0.49975
2780.4,1169.6,6.6221,0.49944
1847.2,1290.5,6.6071,0.49966
2218.7,1321.5,6.6079,0.49962
2294.9,1206.5,6.615,0.49956
484.35,689.87,6.6322,0.49957
598.52,1032.9,6.6145,0.4997
660.42,306.78,6.6635,0.49931
1228,761.91,6.6333,0.4995
2310.1,1585.1,6.5904,0.49975
1583,437.74,6.6568,0.49929
1517.9,416.65,6.6578,0.49928
2340.9,984.24,6.6274,0.49946
432.3,670.18,6.6333,0.49957
1898.8,476.75,6.6551,0.49928
257.52,633.44,6.6332,0.4996
659.91,1038.5,6.6144,0.49969
2366.6,946.3,6.6293,0.49944
2382.6,1316,6.609,0.4996
809.82,1546.7,6.5855,0.4999
271.79,232.11,6.668,0.49933
1743.7,1480.4,6.5949,0.49976
1714.9,446.82,6.6563,0.49928
2172.7,1485.2,6.5971,0.49971
413.53,1110,6.6088,0.49977
590.45,744.33,6.6303,0.49957
1478.8,842.91,6.6297,0.49951
1915.9,1545.4,6.591,0.49978
2645.6,1101.6,6.6238,0.49945
1849.5,832.36,6.6326,0.49946
2789.7,1171.8,6.622,0.49944
2015.8,1165.9,6.6154,0.49958
1111.2,759.09,6.6327,0.49951
429.47,642.36,6.6343,0.49956
316.11,1059.8,6.6105,0.49977
2158.7,877.55,6.6317,0.49944
2151.8,964.12,6.6268,0.49948
2113.2,1208,6.6133,0.49959
677.46,1534,6.5852,0.49992
627.15,287.76,6.6647,0.4993
1362.8,1623.8,6.5818,0.49989
328.28,1107,6.6081,0.49979
1801.4,861.74,6.6306,0.49948
2805.7,839.68,6.6399,0.4993
483.34,627.61,6.6357,0.49954
2310.5,1596.5,6.5898,0.49976
669.22,1518.1,6.5866,0.49991
2159.8,1521.3,6.5944,0.49973
2432.9,1193.2,6.6166,0.49953
620.26,727.79,6.6313,0.49956
719.45,1026.2,6.6156,0.49968
2623.3,749.3,6.6429,0.4993
469.35,261.12,6.6664,0.49931
2799.8,1169.7,6.6218,0.49944
2243.1,1302,6.6086,0.49961
1809.9,821.5,6.6326,0.49946
415.53,1134.4,6.6075,0.49978
2577.7,610.28,6.6504,0.49925
2600.1,1180,6.619,0.49949
1814.5,892.03,6.629,0.49949
329,1240.8,6.6005,0.49985
2753.1,1248.1,6.617,0.49949
1200.8,715.1,6.636,0.49948
2803.9,831.98,6.6402,0.49929
1142.9,794.37,6.6307,0.49952
2503.9,1470.4,6.6008,0.49965
1845.7,868.25,6.6304,0.49947
1693.3,1517.3,6.5919,0.49979
2391.6,1285.6,6.6106,0.49958
383.82,508.28,6.643,0.4995
2800.2,1076.5,6.627,0.4994
379.79,1517.8,6.5843,0.49996
875.05,648.82,6.6377,0.49949
329.14,1236.5,6.6012,0.49984
2791.9,1222.4,6.6192,0.49946
2002.8,729.36,6.639,0.4994
469.83,1462.5,6.5891,0.49991
2800.4,1067.2,6.6276,0.49939
2764.7,434.9,6.6652,0.49911
677.57,1538.5,6.5854,0.49992
2455.1,1002.3,6.6277,0.49944
1061.5,362.58,6.6601,0.4993
537.26,271.95,6.6656,0.4993
326.4,516.26,6.6416,0.49952
1664.1,1547.9,6.5894,0.49981
1195.8,770.69,6.6323,0.49951
1994.6,1279.1,6.6086,0.49963
472.8,1479.7,6.5874,0.49993
2173,527.48,6.6527,0.49928
2791.7,786.56,6.6426,0.49928
1710,1516.9,6.5919,0.49979
1649.6,1482.3,6.594,0.49977
1428.4,769.64,6.6334,0.49948
492.24,978.76,6.6162,0.4997
1036.2,1528.9,6.5877,0.49987
940.44,715.5,6.6342,0.49951
909.61,1587.4,6.5828,0.49992
2413.8,590.45,6.6504,0.49927
2625.7,1271,6.6139,0.49953
695.73,735.66,6.6313,0.49956
1717.1,1554.8,6.589,0.49981
815.66,1541,6.5858,0.4999
1523.2,1122.5,6.6147,0.49962
628.89,286.4,6.6647,0.4993
2464.9,865.81,6.6345,0.49939
660.84,1556.9,6.5832,0.49994
253.77,218.41,6.669,0.49933
2794.1,1137.6,6.6234,0.49943
330.01,232.93,6.6682,0.49932
2146.1,1538.4,6.5925,0.49975
1574.3,1588.7,6.5859,0.49984
2032.9,1472,6.5968,0.49972
377.33,1487.9,6.5861,0.49995
1666.8,438.96,6.6563,0.49928
2794.5,805.64,6.6415,0.49929
2787.5,1182.8,6.6209,0.49945
1937.1,497.01,6.6537,0.49929
2816.8,740.56,6.6453,0.49925
2783.8,1138.6,6.6234,0.49943
318.52,604.57,6.635,0.49958
1209.3,804.15,6.6304,0.49952
2782.9,1042,6.6285,0.49939
2456.6,969.81,6.6284,0.49944
818.76,639.42,6.6377,0.49949
820.73,1673,6.5749,0.49999
869.9,1173.4,6.6088,0.49972
2803.9,777.52,6.643,0.49927
566.21,479.91,6.6464,0.49945
1359.3,1634.2,6.5807,0.4999
2597.4,1263.4,6.6136,0.49954
2318.8,1252.4,6.6117,0.49958
1194.8,772.98,6.632,0.49951
252.1,219.35,6.6686,0.49933
482.95,1474.9,6.588,0.49992
708.01,1588.3,6.5816,0.49994
2771.5,1218.1,6.619,0.49947
426.69,1474.5,6.5872,0.49993
2162.3,1484.2,6.5963,0.49972
942.32,782.48,6.6301,0.49954
1999.5,725.99,6.6388,0.4994
468.62,1465.8,6.5884,0.49992
337.3,991.69,6.6136,0.49974
1899.7,1488.6,6.5948,0.49975
1846.1,882.49,6.6293,0.49948
1122.9,371.56,6.6594,0.4993
2803.5,800.57,6.6416,0.49928
1648.6,1506.2,6.5921,0.49979
1211.3,758.98,6.6328,0.4995
588.37,591.57,6.639,0.49951
2662.6,764.05,6.6416,0.49931
854.23,1469.8,6.5905,0.49986
456.73,672.2,6.6327,0.49957
870.85,747.73,6.6314,0.49954
857.25,323.63,6.662,0.4993
1433,1230.6,6.6079,0.49968
2629.1,824.87,6.6377,0.49934
1226.3,760.83,6.6327,0.4995
1195.4,786.8,6.6311,0.49952
1682.8,1518.3,6.5913,0.49979
2403.2,1278.6,6.6112,0.49958
1703.9,1663,6.5799,0.49988
2124.3,1172.3,6.6151,0.49957
1368.6,1632.3,6.581,0.4999
258.79,489.74,6.6422,0.49953
2311.6,1277.2,6.6101,0.4996
2452.8,947.65,6.6297,0.49943
2269.9,1298.2,6.6088,0.49961
921.34,788.81,6.6293,0.49955
2612.8,731.81,6.6432,0.4993
296,504.45,6.6417,0.49953
1466.3,420.61,6.6569,0.49929
1447.3,1525.5,6.5897,0.49982
1197,1255.9,6.605,0.49972
2789.6,794.73,6.6421,0.49928
1513.7,865.58,6.6283,0.49951
2364.3,1576,6.591,0.49974
2044.9,911.81,6.6287,0.49947
695.12,668.42,6.635,0.49953
2305.1,1583.3,6.5902,0.49975
573.16,1654.6,6.5752,0.50001
550.87,772.46,6.6277,0.4996
1806.6,1554.8,6.5889,0.4998
330.95,917.56,6.618,0.49971
995.62,352.82,6.6602,0.4993
2068.2,887.72,6.6301,0.49946
2266.8,1216.8,6.6132,0.49958
1813,462.39,6.655,0.49929
478.16,1122.9,6.6081,0.49976
928.39,1153,6.6091,0.49971
2538.8,741.87,6.6416,0.49933
626.3,653.42,6.6354,0.49953
2813,1105.2,6.625,0.49941
2793.2,848.59,6.6387,0.49931
1185.2,705.42,6.6352,0.49948
2352.1,911.07,6.6304,0.49943
1862.7,1479,6.5949,0.49975
1647.1,1470.5,6.5944,0.49977
2114.4,1512.6,6.5946,0.49974
2584,1268,6.6129,0.49954
2658.5,903.95,6.6345,0.49937
1747.2,1464.7,6.5954,0.49976
2783.2,1154,6.6221,0.49944
2441.6,1181.3,6.6163,0.49953
1906.8,929.8,6.6265,0.4995
2608.3,1181.5,6.6183,0.4995
619.72,708.71,6.6317,0.49956
954.35,1436.6,6.593,0.49983
2811.6,835.61,6.6398,0.49929
2463.2,1450.3,6.6005,0.49966
661.61,1120.2,6.6094,0.49973
2612.4,1116.6,6.6215,0.49947
2409.5,1219.5,6.6139,0.49956
733.9,1012.1,6.6158,0.49967
1813.7,888.95,6.6285,0.49949
1814.7,1161.2,6.6133,0.49961
668.66,1548.2,6.5837,0.49993
430.01,611.83,6.6355,0.49955
2540.9,738.44,6.6416,0.49933
855.1,757.48,6.6305,0.49955
2178,1518.3,6.5936,0.49974
2329.3,888.13,6.6313,0.49943
1418.7,790.72,6.6318,0.49949
2596.8,1211.1,6.6161,0.49952
1234.9,738.39,6.6336,0.49949
2566.7,1412.2,6.6043,0.49961
855.52,776.94,6.6293,0.49956
2799.9,1072.1,6.6265,0.4994
2312,909.53,6.6301,0.49944
376.84,1559.2,6.5808,0.49999
863.31,1172.4,6.6084,0.49972
951.58,793.75,6.6289,0.49955
2137.1,1484.5,6.5957,0.49972
423.97,1426.6,6.5898,0.49991
2155.6,1549.2,6.5919,0.49975
911.11,710.17,6.6337,0.49952
2102.7,848.75,6.6319,0.49944
985.35,351.48,6.6601,0.4993
1128.3,790.22,6.6302,0.49953
498.28,1037.9,6.6125,0.49973
469.98,1463.7,6.5882,0.49992
2606.9,1133.7,6.6209,0.49948
2337.2,1000.6,6.6261,0.49947
827.94,402.96,6.654,0.49937
2786.6,1085.2,6.6257,0.49941
285.03,223.98,6.6682,0.49932
1817.5,829.5,6.6314,0.49947
2431.3,871.32,6.6333,0.4994
2132.9,1475.1,6.5966,0.49972
2811.1,805.22,6.6414,0.49928
1197.8,789.29,6.6306,0.49952
2272.1,1496.6,6.5957,0.49971
687.13,296.83,6.6633,0.49931
407.38,251.04,6.6661,0.49932
2809.6,790.02,6.6421,0.49928
465.76,1121.4,6.6078,0.49977
720.12,1558.1,6.5828,0.49993
2307.4,1583,6.5897,0.49976
1421.1,805.13,6.6309,0.4995
1644.5,435.53,6.6559,0.49929
709.5,1530.7,6.5851,0.49992
386.82,948.68,6.6161,0.49971
2336.9,573.96,6.6503,0.49928
1102.2,1078,6.6142,0.49965
360.12,1356.7,6.5935,0.49989
2790.5,1165.8,6.6211,0.49945
2054.6,912.67,6.6284,0.49948
850.85,1532.6,6.5857,0.4999
1700.2,1665.3,6.5793,0.49989
723.89,1520.9,6.5855,0.49991
2259.4,664.1,6.6441,0.49934
563.89,1076,6.611,0.49973
892.31,747.1,6.6308,0.49954
279.42,617.54,6.6333,0.4996
2788,1192,6.62,0.49946
612.11,1586.6,6.5806,0.49996
833.87,695.68,6.634,0.49952
2158,524.52,6.6521,0.49928
689.64,1048,6.6132,0.4997
1655.6,1470.5,6.5941,0.49977
726.72,1081,6.6117,0.49971
2812,832.78,6.6398,0.4993
851.98,1522.7,6.586,0.4999
255.13,216.52,6.6686,0.49933
1569.1,423.76,6.6564,0.49929
1182.9,1214.8,6.6071,0.4997
1647.7,1568.7,6.5871,0.49983
844.75,1471.3,6.5895,0.49987
1422.1,822.39,6.6298,0.49951
821.15,1671,6.5746,0.49999
2596.2,1199.5,6.617,0.49951
2285.3,1478.2,6.5969,0.4997
2400.1,1037.3,6.624,0.49948
668.04,1117.1,6.6093,0.49973
920.22,1076.7,6.613,0.49968
1829.4,477.88,6.6538,0.49929
2254.8,1186.1,6.6149,0.49956
1194.4,726.28,6.6341,0.49949
1612.2,1555.3,6.5878,0.49983
702.29,1567.5,6.5824,0.49994
2139.3,1464.7,6.5972,0.49971
666.75,1046.1,6.6132,0.4997
392.97,248.18,6.6661,0.49932
1283.9,1082.6,6.6149,0.49964
623.77,1536.1,6.5843,0.49993
666.92,1478.7,6.5879,0.4999
2444.9,973.72,6.6273,0.49945
2448.4,1492.3,6.5972,0.49968
2788.3,1186.8,6.6201,0.49945
1918.3,1656.9,6.5807,0.49986
2348,992.91,6.6255,0.49947
2157.8,1461.4,6.5976,0.49971
348.67,1355.1,6.5933,0.4999
2003.3,1294.5,6.6065,0.49965
861.83,1496.1,6.5882,0.49988
459.77,635.71,6.6343,0.49956
1183.1,728.7,6.6335,0.4995
623.89,1503.9,6.5859,0.49992
2702.1,1441.3,6.6037,0.4996
635.67,1164.5,6.6061,0.49976
684.37,1568.7,6.582,0.49994
705.13,727.91,6.6308,0.49956
508.1,1420,6.5906,0.4999
926.89,1558.1,6.5837,0.49991
2011.9,734.35,6.6379,0.4994
692.21,1049.8,6.6131,0.4997
858.5,775.67,6.6291,0.49956
2324.4,1572.2,6.5908,0.49975
348.54,1270.6,6.5983,0.49986
511.07,1480.6,6.5867,0.49993
2655.1,737.49,6.6433,0.4993
